id,q_0.1,q_0.2,q_0.3,q_0.4,q_0.5,q_0.6,q_0.7,q_0.8,q_0.9
0.csv_Day7_0h00m,0.0,0.0,0.0,0.0,0.0,0.0,0.0,0.0,0.0
0.csv_Day7_0h30m,0.0,0.0,0.0,0.0,0.0,0.0,0.0,0.0,0.0
0.csv_Day7_1h00m,0.0,0.0,0.0,0.0,0.0,0.0,0.0,0.0,0.0
0.csv_Day7_1h30m,0.0,0.0,0.0,0.0,0.0,0.0,0.0,0.0,0.0
0.csv_Day7_2h00m,0.0,0.0,0.0,0.0,0.0,0.0,0.0,0.0,0.0
0.csv_Day7_2h30m,0.0,0.0,0.0,0.0,0.0,0.0,0.0,0.0,0.0
0.csv_Day7_3h00m,0.0,0.0,0.0,0.0,0.0,0.0,0.0,0.0,0.0
0.csv_Day7_3h30m,0.0,0.0,0.0,0.0,0.0,0.0,0.0,0.0,0.0
0.csv_Day7_4h00m,0.0,0.0,0.0,0.0,0.0,0.0,0.0,0.0,0.0
0.csv_Day7_4h30m,0.0,0.0,0.0,0.0,0.0,0.0,0.0,0.0,0.0
0.csv_Day7_5h00m,0.0,0.0,0.0,0.0,0.0,0.0,0.0,0.0,0.0
0.csv_Day7_5h30m,0.0,0.0,0.0,0.0,0.0,0.0,0.0,0.0,0.0
0.csv_Day7_6h00m,0.0,0.0,0.0,0.0,0.0,0.0,0.0,0.0,0.0
0.csv_Day7_6h30m,0.0,0.0,0.0,0.0,0.0,0.0,0.0,0.0,0.0
0.csv_Day7_7h00m,0.0,0.0,0.0,0.0,0.0,0.0,0.0,0.0,0.0
0.csv_Day7_7h30m,0.0,0.0,0.0,0.0,0.20999999344348907,0.30000001192092896,1.1399999856948853,0.8100000023841858,0.0
0.csv_Day7_8h00m,0.6600000262260437,2.140000104904175,1.659999966621399,7.909999847412109,8.359999656677246,6.449999809265137,7.400000095367432,9.0600004196167,7.269999980926514
0.csv_Day7_8h30m,6.21999979019165,4.150000095367432,7.869999885559082,9.670000076293945,16.450000762939453,12.829999923706055,10.979999542236328,14.649999618530273,14.899999618530273
0.csv_Day7_9h00m,10.399999618530273,6.670000076293945,17.350000381469727,16.520000457763672,17.979999542236328,19.510000228881836,20.34000015258789,21.950000762939453,21.920000076293945
0.csv_Day7_9h30m,13.039999961853027,16.5,25.469999313354492,23.329999923706055,29.510000228881836,25.84000015258789,27.15999984741211,28.34000015258789,28.719999313354492
0.csv_Day7_10h00m,19.309999465942383,26.639999389648438,29.030000686645508,31.510000228881836,26.6299991607666,31.559999465942383,32.349998474121094,34.310001373291016,33.779998779296875
0.csv_Day7_10h30m,21.559999465942383,30.549999237060547,33.84000015258789,33.81999969482422,30.34000015258789,36.029998779296875,38.2599983215332,39.15999984741211,39.13999938964844
0.csv_Day7_11h00m,26.989999771118164,34.029998779296875,39.16999816894531,40.61000061035156,38.310001373291016,42.93000030517578,43.65999984741211,43.7599983215332,46.15999984741211
0.csv_Day7_11h30m,31.360000610351562,30.979999542236328,40.290000915527344,42.04999923706055,46.959999084472656,44.97999954223633,46.150001525878906,46.33000183105469,48.369998931884766
0.csv_Day7_12h00m,36.119998931884766,31.530000686645508,40.22999954223633,40.34000015258789,45.4900016784668,45.72999954223633,45.13999938964844,46.7599983215332,46.86000061035156
0.csv_Day7_12h30m,31.459999084472656,39.279998779296875,38.54999923706055,42.68000030517578,47.63999938964844,45.81999969482422,45.79999923706055,48.81999969482422,47.13999938964844
0.csv_Day7_13h00m,29.260000228881836,32.400001525878906,33.43000030517578,39.2599983215332,45.790000915527344,42.09000015258789,42.70000076293945,45.099998474121094,43.61000061035156
0.csv_Day7_13h30m,24.049999237060547,24.760000228881836,33.150001525878906,37.720001220703125,45.439998626708984,38.88999938964844,40.880001068115234,41.220001220703125,39.290000915527344
0.csv_Day7_14h00m,24.440000534057617,22.549999237060547,29.899999618530273,36.81999969482422,38.66999816894531,35.75,36.91999816894531,37.970001220703125,35.060001373291016
0.csv_Day7_14h30m,24.049999237060547,21.719999313354492,27.56999969482422,32.34000015258789,32.16999816894531,33.43000030517578,31.020000457763672,32.56999969482422,30.290000915527344
0.csv_Day7_15h00m,15.479999542236328,16.65999984741211,23.399999618530273,25.459999084472656,26.799999237060547,26.149999618530273,27.610000610351562,24.059999465942383,25.540000915527344
0.csv_Day7_15h30m,13.130000114440918,11.140000343322754,18.940000534057617,15.510000228881836,19.43000030517578,18.459999084472656,17.579999923706055,18.149999618530273,17.15999984741211
0.csv_Day7_16h00m,5.880000114440918,4.099999904632568,8.289999961853027,6.900000095367432,8.529999732971191,10.09000015258789,10.34000015258789,10.59000015258789,9.34000015258789
0.csv_Day7_16h30m,0.0,0.0,0.0,0.18000000715255737,2.0,1.5399999618530273,2.3299999237060547,2.9700000286102295,2.190000057220459
0.csv_Day7_17h00m,0.0,0.0,0.0,0.0,0.0,0.0,0.0,0.0,0.0
0.csv_Day7_17h30m,0.0,0.0,0.0,0.0,0.0,0.0,0.0,0.0,0.0
0.csv_Day7_18h00m,0.0,0.0,0.0,0.0,0.0,0.0,0.0,0.0,0.0
0.csv_Day7_18h30m,0.0,0.0,0.0,0.0,0.0,0.0,0.0,0.0,0.0
0.csv_Day7_19h00m,0.0,0.0,0.0,0.0,0.0,0.0,0.0,0.0,0.0
0.csv_Day7_19h30m,0.0,0.0,0.0,0.0,0.0,0.0,0.0,0.0,0.0
0.csv_Day7_20h00m,0.0,0.0,0.0,0.0,0.0,0.0,0.0,0.0,0.0
0.csv_Day7_20h30m,0.0,0.0,0.0,0.0,0.0,0.0,0.0,0.0,0.0
0.csv_Day7_21h00m,0.0,0.0,0.0,0.0,0.0,0.0,0.0,0.0,0.0
0.csv_Day7_21h30m,0.0,0.0,0.0,0.0,0.0,0.0,0.0,0.0,0.0
0.csv_Day7_22h00m,0.0,0.0,0.0,0.0,0.0,0.0,0.0,0.0,0.0
0.csv_Day7_22h30m,0.0,0.0,0.0,0.0,0.0,0.0,0.0,0.0,0.0
0.csv_Day7_23h00m,0.0,0.0,0.0,0.0,0.0,0.0,0.0,0.0,0.0
0.csv_Day7_23h30m,0.0,0.0,0.0,0.0,0.0,0.0,0.0,0.0,0.0
0.csv_Day8_0h00m,0.0,0.0,0.0,0.0,0.0,0.0,0.0,0.0,0.0
0.csv_Day8_0h30m,0.0,0.0,0.0,0.0,0.0,0.0,0.0,0.0,0.0
0.csv_Day8_1h00m,0.0,0.0,0.0,0.0,0.0,0.0,0.0,0.0,0.0
0.csv_Day8_1h30m,0.0,0.0,0.0,0.0,0.0,0.0,0.0,0.0,0.0
0.csv_Day8_2h00m,0.0,0.0,0.0,0.0,0.0,0.0,0.0,0.0,0.0
0.csv_Day8_2h30m,0.0,0.0,0.0,0.0,0.0,0.0,0.0,0.0,0.0
0.csv_Day8_3h00m,0.0,0.0,0.0,0.0,0.0,0.0,0.0,0.0,0.0
0.csv_Day8_3h30m,0.0,0.0,0.0,0.0,0.0,0.0,0.0,0.0,0.0
0.csv_Day8_4h00m,0.0,0.0,0.0,0.0,0.0,0.0,0.0,0.0,0.0
0.csv_Day8_4h30m,0.0,0.0,0.0,0.0,0.0,0.0,0.0,0.0,0.0
0.csv_Day8_5h00m,0.0,0.0,0.0,0.0,0.0,0.0,0.0,0.0,0.0
0.csv_Day8_5h30m,0.0,0.0,0.0,0.0,0.0,0.0,0.0,0.0,0.0
0.csv_Day8_6h00m,0.0,0.0,0.0,0.0,0.0,0.0,0.0,0.0,0.0
0.csv_Day8_6h30m,0.0,0.0,0.0,0.0,0.0,0.0,0.0,0.0,0.0
0.csv_Day8_7h00m,0.0,0.0,0.0,0.0,0.0,0.0,0.0,0.0,0.0
0.csv_Day8_7h30m,0.0,0.0,0.0,0.0,0.20999999344348907,0.5199999809265137,1.2000000476837158,0.029999999329447746,0.0
0.csv_Day8_8h00m,1.659999966621399,2.1500000953674316,3.930000066757202,7.860000133514404,8.369999885559082,6.099999904632568,7.510000228881836,8.869999885559082,7.269999980926514
0.csv_Day8_8h30m,5.090000152587891,4.179999828338623,6.559999942779541,9.609999656677246,16.459999084472656,11.930000305175781,11.220000267028809,14.819999694824219,14.899999618530273
0.csv_Day8_9h00m,5.630000114440918,6.699999809265137,13.420000076293945,16.420000076293945,17.989999771118164,17.920000076293945,21.010000228881836,22.18000030517578,21.90999984741211
0.csv_Day8_9h30m,14.289999961853027,16.600000381469727,22.700000762939453,23.190000534057617,29.530000686645508,25.90999984741211,28.079999923706055,28.889999389648438,28.700000762939453
0.csv_Day8_10h00m,22.889999389648438,26.790000915527344,29.979999542236328,31.31999969482422,26.649999618530273,32.290000915527344,32.04999923706055,35.060001373291016,33.7599983215332
0.csv_Day8_10h30m,27.770000457763672,30.719999313354492,33.040000915527344,33.619998931884766,30.360000610351562,36.41999816894531,37.90999984741211,39.68000030517578,39.130001068115234
0.csv_Day8_11h00m,33.54999923706055,34.220001220703125,36.2599983215332,40.36000061035156,38.34000015258789,43.189998626708984,44.52000045776367,45.36000061035156,46.13999938964844
0.csv_Day8_11h30m,33.88999938964844,31.149999618530273,37.91999816894531,41.790000915527344,46.9900016784668,45.060001373291016,47.720001220703125,46.869998931884766,48.349998474121094
0.csv_Day8_12h00m,37.2400016784668,31.709999084472656,38.709999084472656,40.099998474121094,45.52000045776367,44.47999954223633,46.63999938964844,47.63999938964844,46.84000015258789
0.csv_Day8_12h30m,30.600000381469727,39.5,37.79999923706055,42.41999816894531,47.68000030517578,44.54999923706055,47.150001525878906,46.91999816894531,47.119998931884766
0.csv_Day8_13h00m,26.690000534057617,32.58000183105469,30.81999969482422,39.02000045776367,45.81999969482422,40.560001373291016,44.06999969482422,43.310001373291016,43.59000015258789
0.csv_Day8_13h30m,21.3799991607666,24.899999618530273,13.09000015258789,37.5,45.47999954223633,37.02000045776367,42.5099983215332,40.040000915527344,39.27000045776367
0.csv_Day8_14h00m,20.829999923706055,22.68000030517578,12.130000114440918,36.59000015258789,38.70000076293945,32.599998474121094,38.22999954223633,35.560001373291016,35.04999923706055
0.csv_Day8_14h30m,21.770000457763672,21.84000015258789,20.290000915527344,32.13999938964844,32.189998626708984,29.1200008392334,31.979999542236328,30.100000381469727,30.270000457763672
0.csv_Day8_15h00m,20.549999237060547,16.75,24.010000228881836,25.309999465942383,26.81999969482422,23.56999969482422,27.34000015258789,23.889999389648438,25.530000686645508
0.csv_Day8_15h30m,15.5,11.210000038146973,18.420000076293945,15.420000076293945,19.450000762939453,15.6899995803833,17.510000228881836,17.65999984741211,17.15999984741211
0.csv_Day8_16h00m,7.389999866485596,4.119999885559082,10.819999694824219,6.860000133514404,8.539999961853027,9.680000305175781,10.569999694824219,10.180000305175781,9.34000015258789
0.csv_Day8_16h30m,0.0,0.0,0.0,0.18000000715255737,2.0,1.7799999713897705,2.359999895095825,1.9500000476837158,2.190000057220459
0.csv_Day8_17h00m,0.0,0.0,0.0,0.0,0.0,0.0,0.0,0.0,0.0
0.csv_Day8_17h30m,0.0,0.0,0.0,0.0,0.0,0.0,0.0,0.0,0.0
0.csv_Day8_18h00m,0.0,0.0,0.0,0.0,0.0,0.0,0.0,0.0,0.0
0.csv_Day8_18h30m,0.0,0.0,0.0,0.0,0.0,0.0,0.0,0.0,0.0
0.csv_Day8_19h00m,0.0,0.0,0.0,0.0,0.0,0.0,0.0,0.0,0.0
0.csv_Day8_19h30m,0.0,0.0,0.0,0.0,0.0,0.0,0.0,0.0,0.0
0.csv_Day8_20h00m,0.0,0.0,0.0,0.0,0.0,0.0,0.0,0.0,0.0
0.csv_Day8_20h30m,0.0,0.0,0.0,0.0,0.0,0.0,0.0,0.0,0.0
0.csv_Day8_21h00m,0.0,0.0,0.0,0.0,0.0,0.0,0.0,0.0,0.0
0.csv_Day8_21h30m,0.0,0.0,0.0,0.0,0.0,0.0,0.0,0.0,0.0
0.csv_Day8_22h00m,0.0,0.0,0.0,0.0,0.0,0.0,0.0,0.0,0.0
0.csv_Day8_22h30m,0.0,0.0,0.0,0.0,0.0,0.0,0.0,0.0,0.0
0.csv_Day8_23h00m,0.0,0.0,0.0,0.0,0.0,0.0,0.0,0.0,0.0
0.csv_Day8_23h30m,0.0,0.0,0.0,0.0,0.0,0.0,0.0,0.0,0.0
1.csv_Day7_0h00m,0.0,0.0,0.0,0.0,0.0,0.0,0.0,0.0,0.0
1.csv_Day7_0h30m,0.0,0.0,0.0,0.0,0.0,0.0,0.0,0.0,0.0
1.csv_Day7_1h00m,0.0,0.0,0.0,0.0,0.0,0.0,0.0,0.0,0.0
1.csv_Day7_1h30m,0.0,0.0,0.0,0.0,0.0,0.0,0.0,0.0,0.0
1.csv_Day7_2h00m,0.0,0.0,0.0,0.0,0.0,0.0,0.0,0.0,0.0
1.csv_Day7_2h30m,0.0,0.0,0.0,0.0,0.0,0.0,0.0,0.0,0.0
1.csv_Day7_3h00m,0.0,0.0,0.0,0.0,0.0,0.0,0.0,0.0,0.0
1.csv_Day7_3h30m,0.0,0.0,0.0,0.0,0.0,0.0,0.0,0.0,0.0
1.csv_Day7_4h00m,0.0,0.0,0.0,0.0,0.0,0.0,0.0,0.0,0.0
1.csv_Day7_4h30m,0.0,0.0,0.0,0.0,0.0,0.0,0.0,0.0,0.0
1.csv_Day7_5h00m,0.0,0.0,0.0,0.0,0.0,0.0,0.0,0.0,0.0
1.csv_Day7_5h30m,0.0,0.0,0.0,0.0,0.0,0.0,0.0,0.0,0.0
1.csv_Day7_6h00m,0.0,0.0,0.0,0.0,0.0,0.0,0.0,0.0,0.0
1.csv_Day7_6h30m,0.0,0.0,0.0,0.0,0.0,0.0,0.0,0.0,0.0
1.csv_Day7_7h00m,0.0,0.0,0.0,0.0,0.0,0.0,0.0,0.0,0.0
1.csv_Day7_7h30m,0.0,0.0,0.009999999776482582,0.25999999046325684,1.590000033378601,0.3700000047683716,1.2300000190734863,1.590000033378601,0.0
1.csv_Day7_8h00m,3.9700000286102295,3.1500000953674316,5.550000190734863,5.210000038146973,5.949999809265137,6.440000057220459,7.079999923706055,7.880000114440918,7.75
1.csv_Day7_8h30m,9.119999885559082,7.260000228881836,11.420000076293945,9.75,10.819999694824219,12.029999732971191,13.899999618530273,14.680000305175781,14.930000305175781
1.csv_Day7_9h00m,15.199999809265137,9.079999923706055,13.630000114440918,13.899999618530273,16.25,19.670000076293945,20.389999389648438,22.170000076293945,22.489999771118164
1.csv_Day7_9h30m,21.860000610351562,13.109999656677246,20.420000076293945,18.6299991607666,22.18000030517578,27.229999542236328,27.31999969482422,28.68000030517578,28.850000381469727
1.csv_Day7_10h00m,30.270000457763672,18.8799991607666,25.649999618530273,12.390000343322754,29.670000076293945,31.850000381469727,33.43000030517578,34.0,34.630001068115234
1.csv_Day7_10h30m,34.77000045776367,24.8799991607666,30.920000076293945,21.440000534057617,34.0,37.349998474121094,37.54999923706055,38.599998474121094,39.650001525878906
1.csv_Day7_11h00m,33.02000045776367,23.059999465942383,17.84000015258789,13.539999961853027,34.310001373291016,42.93000030517578,42.400001525878906,44.15999984741211,44.45000076293945
1.csv_Day7_11h30m,33.439998626708984,28.469999313354492,13.460000038146973,12.119999885559082,36.459999084472656,45.720001220703125,43.540000915527344,41.630001068115234,46.13999938964844
1.csv_Day7_12h00m,36.630001068115234,29.079999923706055,21.18000030517578,15.5600004196167,34.880001068115234,46.400001525878906,45.369998931884766,44.70000076293945,47.83000183105469
1.csv_Day7_12h30m,37.119998931884766,27.739999771118164,19.979999542236328,29.889999389648438,41.040000915527344,46.0,45.16999816894531,43.04999923706055,47.08000183105469
1.csv_Day7_13h00m,34.38999938964844,27.239999771118164,25.3799991607666,18.309999465942383,38.560001373291016,43.45000076293945,42.34000015258789,40.02000045776367,44.66999816894531
1.csv_Day7_13h30m,32.279998779296875,27.059999465942383,29.010000228881836,11.770000457763672,34.5099983215332,39.869998931884766,38.33000183105469,36.7599983215332,40.970001220703125
1.csv_Day7_14h00m,27.969999313354492,25.56999969482422,26.25,11.829999923706055,32.880001068115234,35.630001068115234,34.77000045776367,33.0099983215332,36.56999969482422
1.csv_Day7_14h30m,25.31999969482422,20.670000076293945,23.31999969482422,18.459999084472656,27.979999542236328,29.479999542236328,30.040000915527344,28.81999969482422,30.190000534057617
1.csv_Day7_15h00m,20.40999984741211,9.149999618530273,18.940000534057617,18.850000381469727,22.530000686645508,23.510000228881836,22.899999618530273,23.450000762939453,24.420000076293945
1.csv_Day7_15h30m,12.010000228881836,8.609999656677246,11.930000305175781,11.359999656677246,15.859999656677246,16.31999969482422,15.1899995803833,14.75,16.920000076293945
1.csv_Day7_16h00m,5.610000133514404,4.130000114440918,7.460000038146973,4.989999771118164,7.579999923706055,7.179999828338623,9.020000457763672,7.650000095367432,9.130000114440918
1.csv_Day7_16h30m,0.8399999737739563,1.3600000143051147,0.8299999833106995,1.25,2.109999895095825,1.6100000143051147,3.2799999713897705,2.9200000762939453,2.190000057220459
1.csv_Day7_17h00m,0.0,0.0,0.0,0.0,0.0,0.0,0.0,0.0,0.0
1.csv_Day7_17h30m,0.0,0.0,0.0,0.0,0.0,0.0,0.0,0.0,0.0
1.csv_Day7_18h00m,0.0,0.0,0.0,0.0,0.0,0.0,0.0,0.0,0.0
1.csv_Day7_18h30m,0.0,0.0,0.0,0.0,0.0,0.0,0.0,0.0,0.0
1.csv_Day7_19h00m,0.0,0.0,0.0,0.0,0.0,0.0,0.0,0.0,0.0
1.csv_Day7_19h30m,0.0,0.0,0.0,0.0,0.0,0.0,0.0,0.0,0.0
1.csv_Day7_20h00m,0.0,0.0,0.0,0.0,0.0,0.0,0.0,0.0,0.0
1.csv_Day7_20h30m,0.0,0.0,0.0,0.0,0.0,0.0,0.0,0.0,0.0
1.csv_Day7_21h00m,0.0,0.0,0.0,0.0,0.0,0.0,0.0,0.0,0.0
1.csv_Day7_21h30m,0.0,0.0,0.0,0.0,0.0,0.0,0.0,0.0,0.0
1.csv_Day7_22h00m,0.0,0.0,0.0,0.0,0.0,0.0,0.0,0.0,0.0
1.csv_Day7_22h30m,0.0,0.0,0.0,0.0,0.0,0.0,0.0,0.0,0.0
1.csv_Day7_23h00m,0.0,0.0,0.0,0.0,0.0,0.0,0.0,0.0,0.0
1.csv_Day7_23h30m,0.0,0.0,0.0,0.0,0.0,0.0,0.0,0.0,0.0
1.csv_Day8_0h00m,0.0,0.0,0.0,0.0,0.0,0.0,0.0,0.0,0.0
1.csv_Day8_0h30m,0.0,0.0,0.0,0.0,0.0,0.0,0.0,0.0,0.0
1.csv_Day8_1h00m,0.0,0.0,0.0,0.0,0.0,0.0,0.0,0.0,0.0
1.csv_Day8_1h30m,0.0,0.0,0.0,0.0,0.0,0.0,0.0,0.0,0.0
1.csv_Day8_2h00m,0.0,0.0,0.0,0.0,0.0,0.0,0.0,0.0,0.0
1.csv_Day8_2h30m,0.0,0.0,0.0,0.0,0.0,0.0,0.0,0.0,0.0
1.csv_Day8_3h00m,0.0,0.0,0.0,0.0,0.0,0.0,0.0,0.0,0.0
1.csv_Day8_3h30m,0.0,0.0,0.0,0.0,0.0,0.0,0.0,0.0,0.0
1.csv_Day8_4h00m,0.0,0.0,0.0,0.0,0.0,0.0,0.0,0.0,0.0
1.csv_Day8_4h30m,0.0,0.0,0.0,0.0,0.0,0.0,0.0,0.0,0.0
1.csv_Day8_5h00m,0.0,0.0,0.0,0.0,0.0,0.0,0.0,0.0,0.0
1.csv_Day8_5h30m,0.0,0.0,0.0,0.0,0.0,0.0,0.0,0.0,0.0
1.csv_Day8_6h00m,0.0,0.0,0.0,0.0,0.0,0.0,0.0,0.0,0.0
1.csv_Day8_6h30m,0.0,0.0,0.0,0.0,0.0,0.0,0.0,0.0,0.0
1.csv_Day8_7h00m,0.0,0.0,0.0,0.0,0.0,0.0,0.0,0.0,0.0
1.csv_Day8_7h30m,0.0,0.0,0.05000000074505806,0.25999999046325684,1.590000033378601,0.41999998688697815,1.2999999523162842,1.559999942779541,0.0
1.csv_Day8_8h00m,3.390000104904175,3.1700000762939453,4.269999980926514,5.179999828338623,5.960000038146973,5.380000114440918,6.96999979019165,7.389999866485596,7.75
1.csv_Day8_8h30m,7.559999942779541,7.300000190734863,11.479999542236328,9.6899995803833,10.829999923706055,11.40999984741211,13.75,12.800000190734863,14.920000076293945
1.csv_Day8_9h00m,13.270000457763672,9.130000114440918,14.850000381469727,13.8100004196167,16.260000228881836,20.450000762939453,20.18000030517578,20.360000610351562,22.479999542236328
1.csv_Day8_9h30m,19.540000915527344,13.1899995803833,21.049999237060547,18.520000457763672,22.190000534057617,27.299999237060547,27.049999237060547,27.579999923706055,28.84000015258789
1.csv_Day8_10h00m,27.889999389648438,18.979999542236328,26.959999084472656,12.3100004196167,29.700000762939453,32.91999816894531,33.11000061035156,33.90999984741211,34.61000061035156
1.csv_Day8_10h30m,31.65999984741211,25.020000457763672,30.90999984741211,21.309999465942383,34.02000045776367,36.900001525878906,37.189998626708984,38.43000030517578,39.630001068115234
1.csv_Day8_11h00m,28.06999969482422,23.190000534057617,35.060001373291016,13.460000038146973,34.33000183105469,42.689998626708984,42.0099983215332,42.09000015258789,44.43000030517578
1.csv_Day8_11h30m,27.969999313354492,28.6299991607666,36.599998474121094,12.039999961853027,36.47999954223633,45.91999816894531,43.130001068115234,41.400001525878906,46.119998931884766
1.csv_Day8_12h00m,28.489999771118164,29.25,38.06999969482422,15.470000267028809,34.90999984741211,46.06999969482422,44.95000076293945,44.18000030517578,47.810001373291016
1.csv_Day8_12h30m,34.0,27.889999389648438,40.02000045776367,29.709999084472656,41.06999969482422,45.2400016784668,44.75,44.5099983215332,47.060001373291016
1.csv_Day8_13h00m,32.099998474121094,27.389999389648438,37.29999923706055,18.200000762939453,38.59000015258789,41.91999816894531,41.939998626708984,40.970001220703125,44.650001525878906
1.csv_Day8_13h30m,30.239999771118164,27.209999084472656,33.529998779296875,11.699999809265137,34.529998779296875,37.529998779296875,37.970001220703125,37.349998474121094,40.95000076293945
1.csv_Day8_14h00m,28.100000381469727,25.719999313354492,29.520000457763672,11.760000228881836,32.900001525878906,33.619998931884766,34.439998626708984,33.959999084472656,36.54999923706055
1.csv_Day8_14h30m,21.56999969482422,20.790000915527344,22.450000762939453,18.350000381469727,28.0,27.399999618530273,29.75,29.079999923706055,30.18000030517578
1.csv_Day8_15h00m,18.479999542236328,9.210000038146973,17.719999313354492,18.729999542236328,22.549999237060547,21.6299991607666,22.670000076293945,23.809999465942383,24.40999984741211
1.csv_Day8_15h30m,7.650000095367432,8.65999984741211,9.260000228881836,11.289999961853027,15.869999885559082,14.609999656677246,15.020000457763672,15.319999694824219,16.90999984741211
1.csv_Day8_16h00m,2.880000114440918,4.159999847412109,3.950000047683716,4.960000038146973,7.579999923706055,5.28000020980835,8.899999618530273,8.350000381469727,9.119999885559082
1.csv_Day8_16h30m,0.7799999713897705,1.3600000143051147,0.5899999737739563,1.2400000095367432,2.109999895095825,0.9599999785423279,3.2300000190734863,3.4200000762939453,2.190000057220459
1.csv_Day8_17h00m,0.0,0.0,0.0,0.0,0.0,0.0,0.0,0.0,0.0
1.csv_Day8_17h30m,0.0,0.0,0.0,0.0,0.0,0.0,0.0,0.0,0.0
1.csv_Day8_18h00m,0.0,0.0,0.0,0.0,0.0,0.0,0.0,0.0,0.0
1.csv_Day8_18h30m,0.0,0.0,0.0,0.0,0.0,0.0,0.0,0.0,0.0
1.csv_Day8_19h00m,0.0,0.0,0.0,0.0,0.0,0.0,0.0,0.0,0.0
1.csv_Day8_19h30m,0.0,0.0,0.0,0.0,0.0,0.0,0.0,0.0,0.0
1.csv_Day8_20h00m,0.0,0.0,0.0,0.0,0.0,0.0,0.0,0.0,0.0
1.csv_Day8_20h30m,0.0,0.0,0.0,0.0,0.0,0.0,0.0,0.0,0.0
1.csv_Day8_21h00m,0.0,0.0,0.0,0.0,0.0,0.0,0.0,0.0,0.0
1.csv_Day8_21h30m,0.0,0.0,0.0,0.0,0.0,0.0,0.0,0.0,0.0
1.csv_Day8_22h00m,0.0,0.0,0.0,0.0,0.0,0.0,0.0,0.0,0.0
1.csv_Day8_22h30m,0.0,0.0,0.0,0.0,0.0,0.0,0.0,0.0,0.0
1.csv_Day8_23h00m,0.0,0.0,0.0,0.0,0.0,0.0,0.0,0.0,0.0
1.csv_Day8_23h30m,0.0,0.0,0.0,0.0,0.0,0.0,0.0,0.0,0.0
2.csv_Day7_0h00m,0.0,0.0,0.0,0.0,0.0,0.0,0.0,0.0,0.0
2.csv_Day7_0h30m,0.0,0.0,0.0,0.0,0.0,0.0,0.0,0.0,0.0
2.csv_Day7_1h00m,0.0,0.0,0.0,0.0,0.0,0.0,0.0,0.0,0.0
2.csv_Day7_1h30m,0.0,0.0,0.0,0.0,0.0,0.0,0.0,0.0,0.0
2.csv_Day7_2h00m,0.0,0.0,0.0,0.0,0.0,0.0,0.0,0.0,0.0
2.csv_Day7_2h30m,0.0,0.0,0.0,0.0,0.0,0.0,0.0,0.0,0.0
2.csv_Day7_3h00m,0.0,0.0,0.0,0.0,0.0,0.0,0.0,0.0,0.0
2.csv_Day7_3h30m,0.0,0.0,0.0,0.0,0.0,0.0,0.0,0.0,0.0
2.csv_Day7_4h00m,0.0,0.0,0.0,0.0,0.0,0.0,0.0,0.0,0.0
2.csv_Day7_4h30m,0.0,0.0,0.0,0.0,0.0,0.0,0.0,0.0,0.0
2.csv_Day7_5h00m,0.0,0.0,0.0,0.0,0.0,0.0,0.0,0.0,0.0
2.csv_Day7_5h30m,0.0,0.0,0.0,0.0,0.0,0.0,0.0,0.0,0.0
2.csv_Day7_6h00m,0.0,0.0,0.0,0.0,0.0,0.0,0.0,0.0,0.0
2.csv_Day7_6h30m,0.0,0.0,0.0,0.0,0.0,0.0,0.0,0.0,0.0
2.csv_Day7_7h00m,0.0,0.0,0.0,0.0,0.0,0.0,0.0,0.0,0.0
2.csv_Day7_7h30m,0.0,0.0,0.0,1.149999976158142,1.6299999952316284,1.899999976158142,1.4199999570846558,1.8600000143051147,2.309999942779541
2.csv_Day7_8h00m,3.950000047683716,4.21999979019165,5.739999771118164,7.559999942779541,9.479999542236328,8.039999961853027,8.819999694824219,9.100000381469727,9.399999618530273
2.csv_Day7_8h30m,16.34000015258789,11.4399995803833,13.989999771118164,10.380000114440918,17.520000457763672,14.270000457763672,17.260000228881836,17.3799991607666,18.25
2.csv_Day7_9h00m,11.5,16.420000076293945,17.270000457763672,16.530000686645508,24.6299991607666,20.670000076293945,24.209999084472656,24.799999237060547,25.729999542236328
2.csv_Day7_9h30m,14.680000305175781,21.600000381469727,19.639999389648438,27.219999313354492,30.3700008392334,28.739999771118164,31.860000610351562,33.869998931884766,33.619998931884766
2.csv_Day7_10h00m,17.0,28.68000030517578,32.4900016784668,34.02000045776367,35.349998474121094,33.13999938964844,38.0099983215332,40.04999923706055,40.11000061035156
2.csv_Day7_10h30m,26.8700008392334,33.470001220703125,38.63999938964844,40.560001373291016,41.5099983215332,38.40999984741211,43.06999969482422,46.20000076293945,44.939998626708984
2.csv_Day7_11h00m,29.780000686645508,32.790000915527344,43.540000915527344,43.59000015258789,43.41999816894531,41.380001068115234,47.16999816894531,49.970001220703125,48.65999984741211
2.csv_Day7_11h30m,30.600000381469727,40.93000030517578,48.68000030517578,47.959999084472656,47.54999923706055,49.290000915527344,50.040000915527344,52.7400016784668,51.470001220703125
2.csv_Day7_12h00m,29.329999923706055,41.33000183105469,47.2400016784668,48.709999084472656,48.470001220703125,51.369998931884766,51.66999816894531,54.11000061035156,52.93000030517578
2.csv_Day7_12h30m,29.31999969482422,41.59000015258789,45.880001068115234,48.31999969482422,48.529998779296875,51.68000030517578,52.209999084472656,54.540000915527344,53.810001373291016
2.csv_Day7_13h00m,27.850000381469727,35.08000183105469,44.4900016784668,44.84000015258789,45.29999923706055,48.68000030517578,49.970001220703125,51.68000030517578,51.02000045776367
2.csv_Day7_13h30m,24.649999618530273,29.280000686645508,39.650001525878906,40.40999984741211,39.02000045776367,43.25,46.779998779296875,46.0,46.459999084472656
2.csv_Day7_14h00m,20.729999542236328,18.18000030517578,33.130001068115234,32.290000915527344,26.899999618530273,38.459999084472656,41.09000015258789,40.61000061035156,41.45000076293945
2.csv_Day7_14h30m,21.90999984741211,11.0600004196167,11.800000190734863,27.889999389648438,22.610000610351562,33.400001525878906,32.79999923706055,33.70000076293945,35.880001068115234
2.csv_Day7_15h00m,16.690000534057617,11.640000343322754,5.849999904632568,20.959999084472656,17.959999084472656,27.530000686645508,27.780000686645508,27.030000686645508,29.34000015258789
2.csv_Day7_15h30m,15.170000076293945,12.079999923706055,12.329999923706055,18.420000076293945,17.270000457763672,20.440000534057617,22.170000076293945,22.25,22.93000030517578
2.csv_Day7_16h00m,7.329999923706055,7.659999847412109,10.359999656677246,12.34000015258789,11.619999885559082,13.1899995803833,14.15999984741211,15.350000381469727,15.09000015258789
2.csv_Day7_16h30m,2.059999942779541,2.4800000190734863,4.050000190734863,6.059999942779541,5.639999866485596,5.550000190734863,7.300000190734863,6.940000057220459,7.610000133514404
2.csv_Day7_17h00m,0.0,0.0,0.0,0.2199999988079071,0.8899999856948853,0.2800000011920929,0.8999999761581421,0.05999999865889549,0.47999998927116394
2.csv_Day7_17h30m,0.0,0.0,0.0,0.0,0.0,0.0,0.0,0.0,0.0
2.csv_Day7_18h00m,0.0,0.0,0.0,0.0,0.0,0.0,0.0,0.0,0.0
2.csv_Day7_18h30m,0.0,0.0,0.0,0.0,0.0,0.0,0.0,0.0,0.0
2.csv_Day7_19h00m,0.0,0.0,0.0,0.0,0.0,0.0,0.0,0.0,0.0
2.csv_Day7_19h30m,0.0,0.0,0.0,0.0,0.0,0.0,0.0,0.0,0.0
2.csv_Day7_20h00m,0.0,0.0,0.0,0.0,0.0,0.0,0.0,0.0,0.0
2.csv_Day7_20h30m,0.0,0.0,0.0,0.0,0.0,0.0,0.0,0.0,0.0
2.csv_Day7_21h00m,0.0,0.0,0.0,0.0,0.0,0.0,0.0,0.0,0.0
2.csv_Day7_21h30m,0.0,0.0,0.0,0.0,0.0,0.0,0.0,0.0,0.0
2.csv_Day7_22h00m,0.0,0.0,0.0,0.0,0.0,0.0,0.0,0.0,0.0
2.csv_Day7_22h30m,0.0,0.0,0.0,0.0,0.0,0.0,0.0,0.0,0.0
2.csv_Day7_23h00m,0.0,0.0,0.0,0.0,0.0,0.0,0.0,0.0,0.0
2.csv_Day7_23h30m,0.0,0.0,0.0,0.0,0.0,0.0,0.0,0.0,0.0
2.csv_Day8_0h00m,0.0,0.0,0.0,0.0,0.0,0.0,0.0,0.0,0.0
2.csv_Day8_0h30m,0.0,0.0,0.0,0.0,0.0,0.0,0.0,0.0,0.0
2.csv_Day8_1h00m,0.0,0.0,0.0,0.0,0.0,0.0,0.0,0.0,0.0
2.csv_Day8_1h30m,0.0,0.0,0.0,0.0,0.0,0.0,0.0,0.0,0.0
2.csv_Day8_2h00m,0.0,0.0,0.0,0.0,0.0,0.0,0.0,0.0,0.0
2.csv_Day8_2h30m,0.0,0.0,0.0,0.0,0.0,0.0,0.0,0.0,0.0
2.csv_Day8_3h00m,0.0,0.0,0.0,0.0,0.0,0.0,0.0,0.0,0.0
2.csv_Day8_3h30m,0.0,0.0,0.0,0.0,0.0,0.0,0.0,0.0,0.0
2.csv_Day8_4h00m,0.0,0.0,0.0,0.0,0.0,0.0,0.0,0.0,0.0
2.csv_Day8_4h30m,0.0,0.0,0.0,0.0,0.0,0.0,0.0,0.0,0.0
2.csv_Day8_5h00m,0.0,0.0,0.0,0.0,0.0,0.0,0.0,0.0,0.0
2.csv_Day8_5h30m,0.0,0.0,0.0,0.0,0.0,0.0,0.0,0.0,0.0
2.csv_Day8_6h00m,0.0,0.0,0.0,0.0,0.0,0.0,0.0,0.0,0.0
2.csv_Day8_6h30m,0.0,0.0,0.0,0.0,0.0,0.0,0.0,0.0,0.0
2.csv_Day8_7h00m,0.0,0.0,0.0,0.0,0.0,0.0,0.0,0.0,0.0
2.csv_Day8_7h30m,0.0,0.0,0.0,1.1399999856948853,1.6299999952316284,1.9299999475479126,1.5,1.7899999618530273,2.309999942779541
2.csv_Day8_8h00m,4.650000095367432,4.25,9.010000228881836,7.510000228881836,9.489999771118164,9.039999961853027,8.699999809265137,8.949999809265137,9.399999618530273
2.csv_Day8_8h30m,15.8100004196167,11.510000228881836,16.670000076293945,10.319999694824219,17.540000915527344,17.09000015258789,17.079999923706055,17.639999389648438,18.239999771118164
2.csv_Day8_9h00m,22.3799991607666,16.520000457763672,23.360000610351562,16.43000030517578,24.649999618530273,25.299999237060547,23.969999313354492,25.270000457763672,25.719999313354492
2.csv_Day8_9h30m,29.719999313354492,21.719999313354492,28.729999542236328,27.049999237060547,30.389999389648438,32.720001220703125,31.549999237060547,33.0099983215332,33.61000061035156
2.csv_Day8_10h00m,30.190000534057617,28.84000015258789,33.38999938964844,33.81999969482422,35.380001068115234,37.939998626708984,37.65999984741211,39.02000045776367,40.099998474121094
2.csv_Day8_10h30m,30.139999389648438,33.65999984741211,38.86000061035156,40.310001373291016,41.540000915527344,43.380001068115234,42.66999816894531,44.29999923706055,44.91999816894531
2.csv_Day8_11h00m,30.1200008392334,32.97999954223633,42.90999984741211,43.31999969482422,43.45000076293945,47.040000915527344,46.72999954223633,46.900001525878906,48.63999938964844
2.csv_Day8_11h30m,35.599998474121094,41.15999984741211,46.06999969482422,47.66999816894531,47.59000015258789,48.66999816894531,49.58000183105469,50.400001525878906,51.439998626708984
2.csv_Day8_12h00m,38.060001373291016,41.560001373291016,44.310001373291016,48.41999816894531,48.5099983215332,49.880001068115234,51.189998626708984,51.90999984741211,52.90999984741211
2.csv_Day8_12h30m,38.27000045776367,41.81999969482422,43.61000061035156,48.029998779296875,48.560001373291016,50.130001068115234,51.72999954223633,51.97999954223633,53.779998779296875
2.csv_Day8_13h00m,34.5099983215332,35.279998779296875,38.75,44.56999969482422,45.34000015258789,47.029998779296875,49.5099983215332,49.290000915527344,51.0
2.csv_Day8_13h30m,27.75,29.440000534057617,35.439998626708984,40.16999816894531,39.04999923706055,42.689998626708984,46.349998474121094,43.75,46.439998626708984
2.csv_Day8_14h00m,20.760000228881836,18.280000686645508,16.790000915527344,32.09000015258789,26.920000076293945,36.56999969482422,40.709999084472656,40.189998626708984,41.439998626708984
2.csv_Day8_14h30m,14.100000381469727,11.119999885559082,19.510000228881836,27.719999313354492,22.6299991607666,33.29999923706055,32.47999954223633,33.56999969482422,35.869998931884766
2.csv_Day8_15h00m,13.119999885559082,11.710000038146973,18.34000015258789,20.829999923706055,17.979999542236328,27.969999313354492,27.5,26.75,29.329999923706055
2.csv_Day8_15h30m,14.039999961853027,12.149999618530273,11.369999885559082,18.309999465942383,17.280000686645508,21.15999984741211,21.940000534057617,21.920000076293945,22.920000076293945
2.csv_Day8_16h00m,6.110000133514404,7.710000038146973,8.960000038146973,12.270000457763672,11.630000114440918,13.369999885559082,14.0,15.420000076293945,15.079999923706055
2.csv_Day8_16h30m,2.799999952316284,2.5,3.7300000190734863,6.03000020980835,5.639999866485596,5.900000095367432,7.190000057220459,7.349999904632568,7.610000133514404
2.csv_Day8_17h00m,0.0,0.0,0.0,0.2199999988079071,0.8999999761581421,0.38999998569488525,0.949999988079071,0.0,0.47999998927116394
2.csv_Day8_17h30m,0.0,0.0,0.0,0.0,0.0,0.0,0.0,0.0,0.0
2.csv_Day8_18h00m,0.0,0.0,0.0,0.0,0.0,0.0,0.0,0.0,0.0
2.csv_Day8_18h30m,0.0,0.0,0.0,0.0,0.0,0.0,0.0,0.0,0.0
2.csv_Day8_19h00m,0.0,0.0,0.0,0.0,0.0,0.0,0.0,0.0,0.0
2.csv_Day8_19h30m,0.0,0.0,0.0,0.0,0.0,0.0,0.0,0.0,0.0
2.csv_Day8_20h00m,0.0,0.0,0.0,0.0,0.0,0.0,0.0,0.0,0.0
2.csv_Day8_20h30m,0.0,0.0,0.0,0.0,0.0,0.0,0.0,0.0,0.0
2.csv_Day8_21h00m,0.0,0.0,0.0,0.0,0.0,0.0,0.0,0.0,0.0
2.csv_Day8_21h30m,0.0,0.0,0.0,0.0,0.0,0.0,0.0,0.0,0.0
2.csv_Day8_22h00m,0.0,0.0,0.0,0.0,0.0,0.0,0.0,0.0,0.0
2.csv_Day8_22h30m,0.0,0.0,0.0,0.0,0.0,0.0,0.0,0.0,0.0
2.csv_Day8_23h00m,0.0,0.0,0.0,0.0,0.0,0.0,0.0,0.0,0.0
2.csv_Day8_23h30m,0.0,0.0,0.0,0.0,0.0,0.0,0.0,0.0,0.0
3.csv_Day7_0h00m,0.0,0.0,0.0,0.0,0.0,0.0,0.0,0.0,0.0
3.csv_Day7_0h30m,0.0,0.0,0.0,0.0,0.0,0.0,0.0,0.0,0.0
3.csv_Day7_1h00m,0.0,0.0,0.0,0.0,0.0,0.0,0.0,0.0,0.0
3.csv_Day7_1h30m,0.0,0.0,0.0,0.0,0.0,0.0,0.0,0.0,0.0
3.csv_Day7_2h00m,0.0,0.0,0.0,0.0,0.0,0.0,0.0,0.0,0.0
3.csv_Day7_2h30m,0.0,0.0,0.0,0.0,0.0,0.0,0.0,0.0,0.0
3.csv_Day7_3h00m,0.0,0.0,0.0,0.0,0.0,0.0,0.0,0.0,0.0
3.csv_Day7_3h30m,0.0,0.0,0.0,0.0,0.0,0.0,0.0,0.0,0.0
3.csv_Day7_4h00m,0.0,0.0,0.0,0.0,0.0,0.0,0.0,0.0,0.0
3.csv_Day7_4h30m,0.0,0.0,0.0,0.0,0.0,0.0,0.0,0.0,0.0
3.csv_Day7_5h00m,0.0,0.0,0.0,0.0,0.0,0.0,0.0,0.0,0.0
3.csv_Day7_5h30m,0.0,0.0,0.0,0.0,0.0,0.0,0.0,0.0,0.0
3.csv_Day7_6h00m,0.0,0.0,0.0,0.0,0.0,0.0,0.0,0.0,0.0
3.csv_Day7_6h30m,0.0,0.0,0.0,0.0,0.0,0.0,0.0,0.0,0.0
3.csv_Day7_7h00m,0.8100000023841858,1.2799999713897705,1.4500000476837158,3.309999942779541,2.450000047683716,3.0,2.9200000762939453,3.6600000858306885,4.090000152587891
3.csv_Day7_7h30m,3.359999895095825,5.630000114440918,7.300000190734863,9.15999984741211,10.5600004196167,11.050000190734863,10.670000076293945,11.34000015258789,12.069999694824219
3.csv_Day7_8h00m,13.789999961853027,10.329999923706055,16.299999237060547,15.479999542236328,20.899999618530273,19.959999084472656,21.09000015258789,21.75,22.469999313354492
3.csv_Day7_8h30m,19.510000228881836,16.479999542236328,28.40999984741211,27.229999542236328,30.389999389648438,28.889999389648438,31.43000030517578,31.739999771118164,31.059999465942383
3.csv_Day7_9h00m,31.079999923706055,31.799999237060547,39.5,35.4900016784668,40.689998626708984,38.75,40.349998474121094,40.56999969482422,40.95000076293945
3.csv_Day7_9h30m,29.979999542236328,42.72999954223633,48.25,40.959999084472656,49.470001220703125,47.470001220703125,48.939998626708984,48.29999923706055,49.22999954223633
3.csv_Day7_10h00m,33.150001525878906,44.560001373291016,55.25,47.81999969482422,60.75,54.150001525878906,55.93000030517578,55.709999084472656,56.349998474121094
3.csv_Day7_10h30m,41.869998931884766,39.58000183105469,61.61000061035156,54.0099983215332,67.88999938964844,59.150001525878906,61.54999923706055,61.83000183105469,61.83000183105469
3.csv_Day7_11h00m,49.849998474121094,44.65999984741211,69.69000244140625,60.41999816894531,70.81999969482422,65.83999633789062,65.31999969482422,66.27999877929688,66.97000122070312
3.csv_Day7_11h30m,54.47999954223633,47.790000915527344,72.79000091552734,65.02999877929688,73.76000213623047,68.61000061035156,67.7699966430664,68.38999938964844,70.33999633789062
3.csv_Day7_12h00m,52.90999984741211,56.36000061035156,72.26000213623047,68.37000274658203,66.12999725341797,69.94999694824219,69.26000213623047,68.9000015258789,71.08000183105469
3.csv_Day7_12h30m,53.58000183105469,58.06999969482422,72.23999786376953,68.73999786376953,65.08999633789062,70.0999984741211,69.4800033569336,68.5999984741211,71.13999938964844
3.csv_Day7_13h00m,56.88999938964844,59.459999084472656,68.75,67.48999786376953,61.31999969482422,69.44999694824219,69.12000274658203,67.37000274658203,69.87999725341797
3.csv_Day7_13h30m,54.9900016784668,54.93000030517578,64.37999725341797,64.83999633789062,60.70000076293945,65.62000274658203,64.86000061035156,65.41000366210938,66.08999633789062
3.csv_Day7_14h00m,52.900001525878906,51.849998474121094,59.84000015258789,60.31999969482422,61.849998474121094,61.470001220703125,61.27000045776367,61.470001220703125,62.04999923706055
3.csv_Day7_14h30m,47.959999084472656,46.959999084472656,53.689998626708984,55.290000915527344,55.7599983215332,56.56999969482422,55.709999084472656,57.02000045776367,56.90999984741211
3.csv_Day7_15h00m,42.97999954223633,41.540000915527344,46.52000045776367,46.619998931884766,53.970001220703125,47.7599983215332,48.93000030517578,48.84000015258789,48.97999954223633
3.csv_Day7_15h30m,32.189998626708984,33.869998931884766,35.93000030517578,38.349998474121094,44.5099983215332,40.029998779296875,40.22999954223633,40.41999816894531,40.52000045776367
3.csv_Day7_16h00m,24.600000381469727,21.549999237060547,26.06999969482422,29.06999969482422,32.779998779296875,31.1200008392334,30.479999542236328,31.6299991607666,30.239999771118164
3.csv_Day7_16h30m,18.260000228881836,14.359999656677246,15.569999694824219,19.290000915527344,18.889999389648438,20.600000381469727,20.829999923706055,22.25,20.889999389648438
3.csv_Day7_17h00m,7.190000057220459,7.0,8.390000343322754,10.010000228881836,11.930000305175781,10.5600004196167,10.930000305175781,12.140000343322754,11.600000381469727
3.csv_Day7_17h30m,1.0,2.640000104904175,2.3399999141693115,3.0999999046325684,3.359999895095825,3.0299999713897705,4.099999904632568,4.010000228881836,4.699999809265137
3.csv_Day7_18h00m,0.0,0.0,0.0,0.0,0.0,0.0,0.0,0.0,0.0
3.csv_Day7_18h30m,0.0,0.0,0.0,0.0,0.0,0.0,0.0,0.0,0.0
3.csv_Day7_19h00m,0.0,0.0,0.0,0.0,0.0,0.0,0.0,0.0,0.0
3.csv_Day7_19h30m,0.0,0.0,0.0,0.0,0.0,0.0,0.0,0.0,0.0
3.csv_Day7_20h00m,0.0,0.0,0.0,0.0,0.0,0.0,0.0,0.0,0.0
3.csv_Day7_20h30m,0.0,0.0,0.0,0.0,0.0,0.0,0.0,0.0,0.0
3.csv_Day7_21h00m,0.0,0.0,0.0,0.0,0.0,0.0,0.0,0.0,0.0
3.csv_Day7_21h30m,0.0,0.0,0.0,0.0,0.0,0.0,0.0,0.0,0.0
3.csv_Day7_22h00m,0.0,0.0,0.0,0.0,0.0,0.0,0.0,0.0,0.0
3.csv_Day7_22h30m,0.0,0.0,0.0,0.0,0.0,0.0,0.0,0.0,0.0
3.csv_Day7_23h00m,0.0,0.0,0.0,0.0,0.0,0.0,0.0,0.0,0.0
3.csv_Day7_23h30m,0.0,0.0,0.0,0.0,0.0,0.0,0.0,0.0,0.0
3.csv_Day8_0h00m,0.0,0.0,0.0,0.0,0.0,0.0,0.0,0.0,0.0
3.csv_Day8_0h30m,0.0,0.0,0.0,0.0,0.0,0.0,0.0,0.0,0.0
3.csv_Day8_1h00m,0.0,0.0,0.0,0.0,0.0,0.0,0.0,0.0,0.0
3.csv_Day8_1h30m,0.0,0.0,0.0,0.0,0.0,0.0,0.0,0.0,0.0
3.csv_Day8_2h00m,0.0,0.0,0.0,0.0,0.0,0.0,0.0,0.0,0.0
3.csv_Day8_2h30m,0.0,0.0,0.0,0.0,0.0,0.0,0.0,0.0,0.0
3.csv_Day8_3h00m,0.0,0.0,0.0,0.0,0.0,0.0,0.0,0.0,0.0
3.csv_Day8_3h30m,0.0,0.0,0.0,0.0,0.0,0.0,0.0,0.0,0.0
3.csv_Day8_4h00m,0.0,0.0,0.0,0.0,0.0,0.0,0.0,0.0,0.0
3.csv_Day8_4h30m,0.0,0.0,0.0,0.0,0.0,0.0,0.0,0.0,0.0
3.csv_Day8_5h00m,0.0,0.0,0.0,0.0,0.0,0.0,0.0,0.0,0.0
3.csv_Day8_5h30m,0.0,0.0,0.0,0.0,0.0,0.0,0.0,0.0,0.0
3.csv_Day8_6h00m,0.0,0.0,0.0,0.0,0.0,0.0,0.0,0.0,0.0
3.csv_Day8_6h30m,0.0,0.0,0.0,0.0,0.0,0.0,0.0,0.0,0.0
3.csv_Day8_7h00m,1.350000023841858,1.2899999618530273,1.3799999952316284,3.2899999618530273,2.450000047683716,3.059999942779541,2.880000114440918,3.640000104904175,4.090000152587891
3.csv_Day8_7h30m,3.609999895095825,5.659999847412109,5.659999847412109,9.100000381469727,10.5600004196167,10.220000267028809,10.539999961853027,11.300000190734863,12.069999694824219
3.csv_Day8_8h00m,6.739999771118164,10.390000343322754,6.489999771118164,15.390000343322754,20.90999984741211,19.31999969482422,20.8700008392334,21.700000762939453,22.459999084472656
3.csv_Day8_8h30m,21.350000381469727,16.56999969482422,28.690000534057617,27.059999465942383,30.420000076293945,27.459999084472656,31.1200008392334,30.959999084472656,31.049999237060547
3.csv_Day8_9h00m,32.33000183105469,31.969999313354492,36.189998626708984,35.279998779296875,40.720001220703125,37.970001220703125,39.970001220703125,39.08000183105469,40.93000030517578
3.csv_Day8_9h30m,35.58000183105469,42.970001220703125,45.59000015258789,40.709999084472656,49.5,43.15999984741211,48.4900016784668,46.97999954223633,49.209999084472656
3.csv_Day8_10h00m,39.38999938964844,44.810001373291016,52.13999938964844,47.529998779296875,60.79999923706055,36.310001373291016,55.41999816894531,53.88999938964844,56.33000183105469
3.csv_Day8_10h30m,45.720001220703125,39.79999923706055,58.54999923706055,53.68000030517578,67.94000244140625,43.29999923706055,60.9900016784668,60.5099983215332,61.810001373291016
3.csv_Day8_11h00m,53.33000183105469,44.90999984741211,62.58000183105469,60.060001373291016,70.87000274658203,44.529998779296875,64.7300033569336,65.52999877929688,66.94000244140625
3.csv_Day8_11h30m,56.380001068115234,48.060001373291016,65.2300033569336,64.63999938964844,73.80999755859375,44.04999923706055,67.16000366210938,69.0199966430664,70.30999755859375
3.csv_Day8_12h00m,58.13999938964844,56.66999816894531,65.9800033569336,67.94999694824219,66.18000030517578,58.95000076293945,68.63999938964844,70.0,71.05000305175781
3.csv_Day8_12h30m,58.380001068115234,58.38999938964844,66.04000091552734,68.33000183105469,65.13999938964844,57.900001525878906,68.86000061035156,70.11000061035156,71.11000061035156
3.csv_Day8_13h00m,59.84000015258789,59.790000915527344,65.43000030517578,67.08000183105469,61.36000061035156,67.23999786376953,68.5,69.12000274658203,69.8499984741211
3.csv_Day8_13h30m,59.04999923706055,55.22999954223633,62.650001525878906,64.44999694824219,60.75,63.20000076293945,64.27999877929688,65.69999694824219,66.06999969482422
3.csv_Day8_14h00m,56.0099983215332,52.13999938964844,58.2400016784668,59.95000076293945,61.88999938964844,52.22999954223633,60.709999084472656,61.400001525878906,62.02000045776367
3.csv_Day8_14h30m,50.779998779296875,47.220001220703125,52.869998931884766,54.959999084472656,55.79999923706055,47.220001220703125,55.209999084472656,56.220001220703125,56.88999938964844
3.csv_Day8_15h00m,43.810001373291016,41.779998779296875,46.18000030517578,46.34000015258789,54.0099983215332,30.200000762939453,48.47999954223633,47.900001525878906,48.959999084472656
3.csv_Day8_15h30m,31.790000915527344,34.060001373291016,34.33000183105469,38.119998931884766,44.54999923706055,23.450000762939453,39.849998474121094,39.119998931884766,40.5099983215332
3.csv_Day8_16h00m,20.239999771118164,21.670000076293945,22.3799991607666,28.889999389648438,32.810001373291016,15.149999618530273,30.190000534057617,29.639999389648438,30.229999542236328
3.csv_Day8_16h30m,12.180000305175781,14.4399995803833,12.630000114440918,19.170000076293945,18.90999984741211,7.369999885559082,20.6200008392334,20.8700008392334,20.8799991607666
3.csv_Day8_17h00m,5.050000190734863,7.039999961853027,5.130000114440918,9.949999809265137,11.9399995803833,9.649999618530273,10.800000190734863,10.479999542236328,11.59000015258789
3.csv_Day8_17h30m,1.6299999952316284,2.6600000858306885,2.240000009536743,3.0799999237060547,3.359999895095825,2.990000009536743,4.079999923706055,4.409999847412109,4.699999809265137
3.csv_Day8_18h00m,0.0,0.0,0.0,0.0,0.0,0.0,0.0,0.0,0.0
3.csv_Day8_18h30m,0.0,0.0,0.0,0.0,0.0,0.0,0.0,0.0,0.0
3.csv_Day8_19h00m,0.0,0.0,0.0,0.0,0.0,0.0,0.0,0.0,0.0
3.csv_Day8_19h30m,0.0,0.0,0.0,0.0,0.0,0.0,0.0,0.0,0.0
3.csv_Day8_20h00m,0.0,0.0,0.0,0.0,0.0,0.0,0.0,0.0,0.0
3.csv_Day8_20h30m,0.0,0.0,0.0,0.0,0.0,0.0,0.0,0.0,0.0
3.csv_Day8_21h00m,0.0,0.0,0.0,0.0,0.0,0.0,0.0,0.0,0.0
3.csv_Day8_21h30m,0.0,0.0,0.0,0.0,0.0,0.0,0.0,0.0,0.0
3.csv_Day8_22h00m,0.0,0.0,0.0,0.0,0.0,0.0,0.0,0.0,0.0
3.csv_Day8_22h30m,0.0,0.0,0.0,0.0,0.0,0.0,0.0,0.0,0.0
3.csv_Day8_23h00m,0.0,0.0,0.0,0.0,0.0,0.0,0.0,0.0,0.0
3.csv_Day8_23h30m,0.0,0.0,0.0,0.0,0.0,0.0,0.0,0.0,0.0
4.csv_Day7_0h00m,0.0,0.0,0.0,0.0,0.0,0.0,0.0,0.0,0.0
4.csv_Day7_0h30m,0.0,0.0,0.0,0.0,0.0,0.0,0.0,0.0,0.0
4.csv_Day7_1h00m,0.0,0.0,0.0,0.0,0.0,0.0,0.0,0.0,0.0
4.csv_Day7_1h30m,0.0,0.0,0.0,0.0,0.0,0.0,0.0,0.0,0.0
4.csv_Day7_2h00m,0.0,0.0,0.0,0.0,0.0,0.0,0.0,0.0,0.0
4.csv_Day7_2h30m,0.0,0.0,0.0,0.0,0.0,0.0,0.0,0.0,0.0
4.csv_Day7_3h00m,0.0,0.0,0.0,0.0,0.0,0.0,0.0,0.0,0.0
4.csv_Day7_3h30m,0.0,0.0,0.0,0.0,0.0,0.0,0.0,0.0,0.0
4.csv_Day7_4h00m,0.0,0.0,0.0,0.0,0.0,0.0,0.0,0.0,0.0
4.csv_Day7_4h30m,0.0,0.0,0.0,0.0,0.0,0.0,0.0,0.0,0.0
4.csv_Day7_5h00m,0.0,0.0,0.0,0.0,0.0,0.0,0.0,0.0,0.0
4.csv_Day7_5h30m,0.0,0.0,0.0,0.0,0.0,0.0,0.0,0.0,0.0
4.csv_Day7_6h00m,0.0,0.0,0.0,0.0,0.0,0.0,0.0,0.0,0.0
4.csv_Day7_6h30m,0.0,0.0,0.0,1.149999976158142,1.9700000286102295,0.0,2.259999990463257,2.0899999141693115,2.0999999046325684
4.csv_Day7_7h00m,2.380000114440918,1.9600000381469727,0.9300000071525574,2.9100000858306885,8.369999885559082,7.880000114440918,10.829999923706055,9.449999809265137,10.550000190734863
4.csv_Day7_7h30m,3.200000047683716,2.4000000953674316,5.130000114440918,5.059999942779541,10.5600004196167,15.130000114440918,19.299999237060547,17.600000381469727,20.5
4.csv_Day7_8h00m,4.110000133514404,10.010000228881836,8.130000114440918,8.149999618530273,24.559999465942383,7.510000228881836,29.110000610351562,29.43000030517578,30.969999313354492
4.csv_Day7_8h30m,3.1700000762939453,21.90999984741211,18.06999969482422,10.289999961853027,33.63999938964844,21.610000610351562,37.0,39.5,40.79999923706055
4.csv_Day7_9h00m,1.190000057220459,13.130000114440918,14.109999656677246,13.109999656677246,47.63999938964844,26.299999237060547,50.40999984741211,48.52000045776367,50.029998779296875
4.csv_Day7_9h30m,20.670000076293945,43.45000076293945,48.650001525878906,20.34000015258789,58.56999969482422,43.88999938964844,54.59000015258789,60.16999816894531,57.59000015258789
4.csv_Day7_10h00m,26.1200008392334,54.25,52.439998626708984,26.700000762939453,63.75,48.0,60.68000030517578,66.4800033569336,64.33999633789062
4.csv_Day7_10h30m,4.059999942779541,42.43000030517578,35.599998474121094,28.59000015258789,68.91000366210938,53.15999984741211,69.55999755859375,70.29000091552734,70.41999816894531
4.csv_Day7_11h00m,4.940000057220459,55.08000183105469,24.170000076293945,33.25,74.87999725341797,54.63999938964844,75.33000183105469,75.87999725341797,74.80999755859375
4.csv_Day7_11h30m,6.889999866485596,64.45999908447266,47.29999923706055,40.79999923706055,79.81999969482422,65.58000183105469,77.05000305175781,73.26000213623047,77.5
4.csv_Day7_12h00m,6.900000095367432,66.5199966430664,46.43000030517578,46.869998931884766,78.43000030517578,74.70999908447266,77.87000274658203,78.16999816894531,79.55000305175781
4.csv_Day7_12h30m,8.239999771118164,65.2699966430664,55.16999816894531,51.04999923706055,80.01000213623047,76.94999694824219,79.25,81.41999816894531,81.0199966430664
4.csv_Day7_13h00m,7.079999923706055,54.029998779296875,48.540000915527344,46.38999938964844,76.4000015258789,75.12000274658203,76.12999725341797,79.86000061035156,79.47000122070312
4.csv_Day7_13h30m,6.829999923706055,59.54999923706055,46.88999938964844,46.2400016784668,72.4800033569336,71.94999694824219,71.70999908447266,72.88999938964844,75.75
4.csv_Day7_14h00m,4.519999980926514,52.0099983215332,33.22999954223633,41.47999954223633,66.98999786376953,66.87000274658203,68.01000213623047,68.16000366210938,70.31999969482422
4.csv_Day7_14h30m,6.71999979019165,48.06999969482422,46.9900016784668,43.38999938964844,64.81999969482422,62.0099983215332,62.959999084472656,62.52000045776367,65.80000305175781
4.csv_Day7_15h00m,12.020000457763672,46.650001525878906,38.380001068115234,51.83000183105469,56.70000076293945,54.2400016784668,55.060001373291016,54.9900016784668,56.93000030517578
4.csv_Day7_15h30m,18.270000457763672,43.84000015258789,29.34000015258789,48.56999969482422,47.72999954223633,47.119998931884766,46.34000015258789,48.52000045776367,47.349998474121094
4.csv_Day7_16h00m,11.579999923706055,36.90999984741211,33.849998474121094,37.540000915527344,36.06999969482422,35.59000015258789,36.880001068115234,37.540000915527344,37.06999969482422
4.csv_Day7_16h30m,12.300000190734863,19.040000915527344,24.010000228881836,26.270000457763672,23.270000457763672,25.450000762939453,28.219999313354492,26.06999969482422,27.170000076293945
4.csv_Day7_17h00m,14.140000343322754,11.4399995803833,14.8100004196167,18.299999237060547,13.489999771118164,16.649999618530273,20.93000030517578,15.899999618530273,17.049999237060547
4.csv_Day7_17h30m,5.440000057220459,3.140000104904175,5.119999885559082,7.46999979019165,7.510000228881836,8.979999542236328,8.420000076293945,8.329999923706055,8.5600004196167
4.csv_Day7_18h00m,0.0,0.0,0.0,1.4500000476837158,1.690000057220459,2.25,1.7000000476837158,1.8200000524520874,1.690000057220459
4.csv_Day7_18h30m,0.0,0.0,0.0,0.0,0.0,0.0,0.0,0.0,0.0
4.csv_Day7_19h00m,0.0,0.0,0.0,0.0,0.0,0.0,0.0,0.0,0.0
4.csv_Day7_19h30m,0.0,0.0,0.0,0.0,0.0,0.0,0.0,0.0,0.0
4.csv_Day7_20h00m,0.0,0.0,0.0,0.0,0.0,0.0,0.0,0.0,0.0
4.csv_Day7_20h30m,0.0,0.0,0.0,0.0,0.0,0.0,0.0,0.0,0.0
4.csv_Day7_21h00m,0.0,0.0,0.0,0.0,0.0,0.0,0.0,0.0,0.0
4.csv_Day7_21h30m,0.0,0.0,0.0,0.0,0.0,0.0,0.0,0.0,0.0
4.csv_Day7_22h00m,0.0,0.0,0.0,0.0,0.0,0.0,0.0,0.0,0.0
4.csv_Day7_22h30m,0.0,0.0,0.0,0.0,0.0,0.0,0.0,0.0,0.0
4.csv_Day7_23h00m,0.0,0.0,0.0,0.0,0.0,0.0,0.0,0.0,0.0
4.csv_Day7_23h30m,0.0,0.0,0.0,0.0,0.0,0.0,0.0,0.0,0.0
4.csv_Day8_0h00m,0.0,0.0,0.0,0.0,0.0,0.0,0.0,0.0,0.0
4.csv_Day8_0h30m,0.0,0.0,0.0,0.0,0.0,0.0,0.0,0.0,0.0
4.csv_Day8_1h00m,0.0,0.0,0.0,0.0,0.0,0.0,0.0,0.0,0.0
4.csv_Day8_1h30m,0.0,0.0,0.0,0.0,0.0,0.0,0.0,0.0,0.0
4.csv_Day8_2h00m,0.0,0.0,0.0,0.0,0.0,0.0,0.0,0.0,0.0
4.csv_Day8_2h30m,0.0,0.0,0.0,0.0,0.0,0.0,0.0,0.0,0.0
4.csv_Day8_3h00m,0.0,0.0,0.0,0.0,0.0,0.0,0.0,0.0,0.0
4.csv_Day8_3h30m,0.0,0.0,0.0,0.0,0.0,0.0,0.0,0.0,0.0
4.csv_Day8_4h00m,0.0,0.0,0.0,0.0,0.0,0.0,0.0,0.0,0.0
4.csv_Day8_4h30m,0.0,0.0,0.0,0.0,0.0,0.0,0.0,0.0,0.0
4.csv_Day8_5h00m,0.0,0.0,0.0,0.0,0.0,0.0,0.0,0.0,0.0
4.csv_Day8_5h30m,0.0,0.0,0.0,0.0,0.0,0.0,0.0,0.0,0.0
4.csv_Day8_6h00m,0.0,0.0,0.0,0.0,0.0,0.0,0.0,0.0,0.0
4.csv_Day8_6h30m,0.0,0.0,0.0,1.1399999856948853,1.9700000286102295,0.0,2.259999990463257,2.640000104904175,2.0999999046325684
4.csv_Day8_7h00m,3.6700000762939453,1.9700000286102295,7.150000095367432,2.890000104904175,8.380000114440918,8.199999809265137,10.699999809265137,9.579999923706055,10.539999961853027
4.csv_Day8_7h30m,13.350000381469727,2.4200000762939453,15.579999923706055,5.03000020980835,10.569999694824219,15.460000038146973,19.100000381469727,19.09000015258789,20.489999771118164
4.csv_Day8_8h00m,22.0,10.0600004196167,25.68000030517578,8.100000381469727,24.579999923706055,22.18000030517578,28.81999969482422,30.559999465942383,30.959999084472656
4.csv_Day8_8h30m,28.719999313354492,22.040000915527344,37.95000076293945,10.229999542236328,33.65999984741211,31.93000030517578,36.63999938964844,41.31999969482422,40.779998779296875
4.csv_Day8_9h00m,29.549999237060547,13.199999809265137,46.34000015258789,13.029999732971191,47.68000030517578,39.47999954223633,49.939998626708984,50.43000030517578,50.0099983215332
4.csv_Day8_9h30m,49.2599983215332,43.689998626708984,56.349998474121094,20.219999313354492,58.61000061035156,52.61000061035156,54.09000015258789,61.369998931884766,57.560001373291016
4.csv_Day8_10h00m,56.54999923706055,54.560001373291016,64.8499984741211,26.540000915527344,63.79999923706055,59.689998626708984,60.119998931884766,69.4800033569336,64.30999755859375
4.csv_Day8_10h30m,56.279998779296875,42.66999816894531,66.26000213623047,28.40999984741211,68.95999908447266,63.459999084472656,68.93000030517578,74.11000061035156,70.38999938964844
4.csv_Day8_11h00m,61.47999954223633,55.38999938964844,68.94999694824219,33.04999923706055,74.93000030517578,69.58999633789062,74.66000366210938,77.5999984741211,74.7699966430664
4.csv_Day8_11h30m,66.20999908447266,64.83000183105469,72.94999694824219,40.54999923706055,79.88999938964844,73.33999633789062,76.36000061035156,78.7699966430664,77.47000122070312
4.csv_Day8_12h00m,67.80000305175781,66.9000015258789,74.02999877929688,46.59000015258789,78.48999786376953,77.54000091552734,77.16999816894531,80.69999694824219,79.5199966430664
4.csv_Day8_12h30m,65.2699966430664,65.63999938964844,77.1500015258789,50.7400016784668,80.06999969482422,79.44000244140625,78.54000091552734,82.66000366210938,80.9800033569336
4.csv_Day8_13h00m,62.95000076293945,54.33000183105469,73.0,46.11000061035156,76.44999694824219,77.93000030517578,75.44000244140625,80.80000305175781,79.44000244140625
4.csv_Day8_13h30m,60.529998779296875,59.88999938964844,68.62000274658203,45.959999084472656,72.54000091552734,75.06999969482422,71.05999755859375,75.0,75.72000122070312
4.csv_Day8_14h00m,56.86000061035156,52.29999923706055,63.400001525878906,41.22999954223633,67.04000091552734,70.08000183105469,67.38999938964844,70.33000183105469,70.29000091552734
4.csv_Day8_14h30m,51.130001068115234,48.34000015258789,58.36000061035156,43.130001068115234,64.87000274658203,65.66000366210938,62.38999938964844,64.58999633789062,65.7699966430664
4.csv_Day8_15h00m,43.099998474121094,46.90999984741211,49.130001068115234,51.52000045776367,56.7400016784668,55.720001220703125,54.560001373291016,56.09000015258789,56.90999984741211
4.csv_Day8_15h30m,35.720001220703125,44.09000015258789,38.290000915527344,48.279998779296875,47.77000045776367,47.54999923706055,45.90999984741211,48.849998474121094,47.33000183105469
4.csv_Day8_16h00m,36.72999954223633,37.119998931884766,37.0099983215332,37.310001373291016,36.099998474121094,36.959999084472656,36.529998779296875,37.630001068115234,37.04999923706055
4.csv_Day8_16h30m,24.020000457763672,19.139999389648438,22.149999618530273,26.110000610351562,23.280000686645508,26.030000686645508,27.950000762939453,25.260000228881836,27.15999984741211
4.csv_Day8_17h00m,12.050000190734863,11.5,13.0600004196167,18.190000534057617,13.5,15.369999885559082,20.719999313354492,10.59000015258789,17.040000915527344
4.csv_Day8_17h30m,3.4000000953674316,3.1600000858306885,5.920000076293945,7.429999828338623,7.510000228881836,8.670000076293945,8.3100004196167,7.019999980926514,8.5600004196167
4.csv_Day8_18h00m,0.0,0.0,0.0,1.100000023841858,1.7000000476837158,1.9600000381469727,1.7899999618530273,1.75,1.690000057220459
4.csv_Day8_18h30m,0.0,0.0,0.0,0.0,0.0,0.0,0.0,0.0,0.0
4.csv_Day8_19h00m,0.0,0.0,0.0,0.0,0.0,0.0,0.0,0.0,0.0
4.csv_Day8_19h30m,0.0,0.0,0.0,0.0,0.0,0.0,0.0,0.0,0.0
4.csv_Day8_20h00m,0.0,0.0,0.0,0.0,0.0,0.0,0.0,0.0,0.0
4.csv_Day8_20h30m,0.0,0.0,0.0,0.0,0.0,0.0,0.0,0.0,0.0
4.csv_Day8_21h00m,0.0,0.0,0.0,0.0,0.0,0.0,0.0,0.0,0.0
4.csv_Day8_21h30m,0.0,0.0,0.0,0.0,0.0,0.0,0.0,0.0,0.0
4.csv_Day8_22h00m,0.0,0.0,0.0,0.0,0.0,0.0,0.0,0.0,0.0
4.csv_Day8_22h30m,0.0,0.0,0.0,0.0,0.0,0.0,0.0,0.0,0.0
4.csv_Day8_23h00m,0.0,0.0,0.0,0.0,0.0,0.0,0.0,0.0,0.0
4.csv_Day8_23h30m,0.0,0.0,0.0,0.0,0.0,0.0,0.0,0.0,0.0
5.csv_Day7_0h00m,0.0,0.0,0.0,0.0,0.0,0.0,0.0,0.0,0.0
5.csv_Day7_0h30m,0.0,0.0,0.0,0.0,0.0,0.0,0.0,0.0,0.0
5.csv_Day7_1h00m,0.0,0.0,0.0,0.0,0.0,0.0,0.0,0.0,0.0
5.csv_Day7_1h30m,0.0,0.0,0.0,0.0,0.0,0.0,0.0,0.0,0.0
5.csv_Day7_2h00m,0.0,0.0,0.0,0.0,0.0,0.0,0.0,0.0,0.0
5.csv_Day7_2h30m,0.0,0.0,0.0,0.0,0.0,0.0,0.0,0.0,0.0
5.csv_Day7_3h00m,0.0,0.0,0.0,0.0,0.0,0.0,0.0,0.0,0.0
5.csv_Day7_3h30m,0.0,0.0,0.0,0.0,0.0,0.0,0.0,0.0,0.0
5.csv_Day7_4h00m,0.0,0.0,0.0,0.0,0.0,0.0,0.0,0.0,0.0
5.csv_Day7_4h30m,0.0,0.0,0.0,0.0,0.0,0.0,0.0,0.0,0.0
5.csv_Day7_5h00m,0.0,0.0,0.0,0.0,0.0,0.0,0.0,0.0,0.0
5.csv_Day7_5h30m,0.5,2.5999999046325684,1.3700000047683716,3.4100000858306885,3.7100000381469727,3.5899999141693115,4.099999904632568,3.9100000858306885,4.539999961853027
5.csv_Day7_6h00m,8.09000015258789,7.889999866485596,11.529999732971191,9.880000114440918,9.329999923706055,10.59000015258789,10.890000343322754,11.600000381469727,11.329999923706055
5.csv_Day7_6h30m,12.619999885559082,13.600000381469727,21.25,18.450000762939453,18.489999771118164,19.3799991607666,19.600000381469727,20.40999984741211,20.299999237060547
5.csv_Day7_7h00m,23.270000457763672,17.479999542236328,31.799999237060547,28.239999771118164,23.290000915527344,28.350000381469727,29.350000381469727,30.1200008392334,29.59000015258789
5.csv_Day7_7h30m,30.149999618530273,27.549999237060547,41.66999816894531,34.810001373291016,35.04999923706055,38.61000061035156,39.939998626708984,39.970001220703125,39.880001068115234
5.csv_Day7_8h00m,38.84000015258789,35.02000045776367,47.220001220703125,46.11000061035156,46.099998474121094,49.18000030517578,49.04999923706055,48.40999984741211,49.119998931884766
5.csv_Day7_8h30m,43.369998931884766,44.220001220703125,55.630001068115234,55.66999816894531,56.130001068115234,58.369998931884766,58.630001068115234,58.40999984741211,58.56999969482422
5.csv_Day7_9h00m,56.279998779296875,47.04999923706055,60.189998626708984,63.59000015258789,66.16999816894531,66.41000366210938,66.33999633789062,66.41999816894531,66.27999877929688
5.csv_Day7_9h30m,62.540000915527344,60.66999816894531,64.97000122070312,69.33999633789062,72.7699966430664,73.2699966430664,73.69000244140625,74.58999633789062,73.4800033569336
5.csv_Day7_10h00m,56.04999923706055,50.52000045776367,64.77999877929688,64.20999908447266,71.0,72.4800033569336,75.44999694824219,77.6500015258789,75.01000213623047
5.csv_Day7_10h30m,66.77999877929688,56.779998779296875,75.0999984741211,68.11000061035156,78.19000244140625,82.23999786376953,83.26000213623047,84.94000244140625,83.30999755859375
5.csv_Day7_11h00m,44.599998474121094,44.38999938964844,65.56999969482422,63.7400016784668,72.48999786376953,76.02999877929688,79.05999755859375,82.3499984741211,77.61000061035156
5.csv_Day7_11h30m,10.359999656677246,45.84000015258789,67.29000091552734,71.58000183105469,67.72000122070312,72.8499984741211,80.31999969482422,82.41999816894531,81.19000244140625
5.csv_Day7_12h00m,42.119998931884766,45.63999938964844,62.68000030517578,69.25,54.77000045776367,79.91999816894531,81.9800033569336,77.69999694824219,83.0199966430664
5.csv_Day7_12h30m,60.9900016784668,62.849998474121094,60.130001068115234,81.56999969482422,91.44999694824219,79.44000244140625,80.55999755859375,82.91999816894531,78.68000030517578
5.csv_Day7_13h00m,23.889999389648438,28.540000915527344,61.810001373291016,82.01000213623047,64.13999938964844,81.22000122070312,87.4800033569336,84.11000061035156,85.97000122070312
5.csv_Day7_13h30m,3.4100000858306885,18.079999923706055,48.65999984741211,72.97000122070312,61.36000061035156,72.80000305175781,80.87000274658203,79.16000366210938,78.75
5.csv_Day7_14h00m,2.809999942779541,23.920000076293945,55.939998626708984,63.470001220703125,51.18000030517578,74.0199966430664,76.05999755859375,75.91000366210938,79.62999725341797
5.csv_Day7_14h30m,30.239999771118164,50.97999954223633,57.7400016784668,50.869998931884766,63.45000076293945,72.66000366210938,70.41999816894531,71.44000244140625,73.37999725341797
5.csv_Day7_15h00m,25.270000457763672,40.349998474121094,53.029998779296875,41.31999969482422,49.18000030517578,66.91999816894531,64.20999908447266,66.01000213623047,66.25
5.csv_Day7_15h30m,11.079999923706055,28.8700008392334,44.16999816894531,34.86000061035156,39.06999969482422,58.16999816894531,56.7400016784668,57.13999938964844,58.18000030517578
5.csv_Day7_16h00m,25.68000030517578,35.20000076293945,41.66999816894531,35.810001373291016,35.90999984741211,48.119998931884766,46.38999938964844,47.18000030517578,48.529998779296875
5.csv_Day7_16h30m,12.069999694824219,21.09000015258789,27.56999969482422,32.529998779296875,33.63999938964844,39.27000045776367,37.65999984741211,39.15999984741211,39.81999969482422
5.csv_Day7_17h00m,22.59000015258789,7.059999942779541,13.930000305175781,26.6299991607666,26.290000915527344,29.149999618530273,30.790000915527344,31.389999389648438,33.41999816894531
5.csv_Day7_17h30m,18.360000610351562,1.8899999856948853,8.890000343322754,10.989999771118164,17.969999313354492,21.040000915527344,24.290000915527344,23.149999618530273,24.860000610351562
5.csv_Day7_18h00m,5.650000095367432,12.1899995803833,2.759999990463257,6.480000019073486,11.390000343322754,12.9399995803833,17.139999389648438,14.789999961853027,16.010000228881836
5.csv_Day7_18h30m,0.6200000047683716,2.450000047683716,3.0999999046325684,2.640000104904175,4.809999942779541,6.400000095367432,7.340000152587891,6.429999828338623,7.619999885559082
5.csv_Day7_19h00m,0.0,0.0,0.0,0.0,0.0,0.0,0.5099999904632568,0.0,1.090000033378601
5.csv_Day7_19h30m,0.0,0.0,0.0,0.0,0.0,0.0,0.0,0.0,0.0
5.csv_Day7_20h00m,0.0,0.0,0.0,0.0,0.0,0.0,0.0,0.0,0.0
5.csv_Day7_20h30m,0.0,0.0,0.0,0.0,0.0,0.0,0.0,0.0,0.0
5.csv_Day7_21h00m,0.0,0.0,0.0,0.0,0.0,0.0,0.0,0.0,0.0
5.csv_Day7_21h30m,0.0,0.0,0.0,0.0,0.0,0.0,0.0,0.0,0.0
5.csv_Day7_22h00m,0.0,0.0,0.0,0.0,0.0,0.0,0.0,0.0,0.0
5.csv_Day7_22h30m,0.0,0.0,0.0,0.0,0.0,0.0,0.0,0.0,0.0
5.csv_Day7_23h00m,0.0,0.0,0.0,0.0,0.0,0.0,0.0,0.0,0.0
5.csv_Day7_23h30m,0.0,0.0,0.0,0.0,0.0,0.0,0.0,0.0,0.0
5.csv_Day8_0h00m,0.0,0.0,0.0,0.0,0.0,0.0,0.0,0.0,0.0
5.csv_Day8_0h30m,0.0,0.0,0.0,0.0,0.0,0.0,0.0,0.0,0.0
5.csv_Day8_1h00m,0.0,0.0,0.0,0.0,0.0,0.0,0.0,0.0,0.0
5.csv_Day8_1h30m,0.0,0.0,0.0,0.0,0.0,0.0,0.0,0.0,0.0
5.csv_Day8_2h00m,0.0,0.0,0.0,0.0,0.0,0.0,0.0,0.0,0.0
5.csv_Day8_2h30m,0.0,0.0,0.0,0.0,0.0,0.0,0.0,0.0,0.0
5.csv_Day8_3h00m,0.0,0.0,0.0,0.0,0.0,0.0,0.0,0.0,0.0
5.csv_Day8_3h30m,0.0,0.0,0.0,0.0,0.0,0.0,0.0,0.0,0.0
5.csv_Day8_4h00m,0.0,0.0,0.0,0.0,0.0,0.0,0.0,0.0,0.0
5.csv_Day8_4h30m,0.0,0.0,0.0,0.0,0.0,0.0,0.0,0.0,0.0
5.csv_Day8_5h00m,0.0,0.0,0.0,0.0,0.0,0.0,0.0,0.0,0.0
5.csv_Day8_5h30m,0.5799999833106995,2.609999895095825,3.2100000381469727,3.390000104904175,3.7100000381469727,3.4700000286102295,4.079999923706055,3.5799999237060547,4.53000020980835
5.csv_Day8_6h00m,8.119999885559082,7.929999828338623,10.329999923706055,9.819999694824219,9.34000015258789,10.079999923706055,10.760000228881836,11.329999923706055,11.319999694824219
5.csv_Day8_6h30m,13.079999923706055,13.680000305175781,20.09000015258789,18.34000015258789,18.510000228881836,18.969999313354492,19.389999389648438,20.40999984741211,20.290000915527344
5.csv_Day8_7h00m,24.1299991607666,17.579999923706055,30.93000030517578,28.06999969482422,23.309999465942383,27.989999771118164,29.06999969482422,30.020000457763672,29.56999969482422
5.csv_Day8_7h30m,27.59000015258789,27.709999084472656,39.20000076293945,34.599998474121094,35.06999969482422,37.88999938964844,39.56999969482422,39.36000061035156,39.86000061035156
5.csv_Day8_8h00m,44.06999969482422,35.220001220703125,45.75,45.84000015258789,46.130001068115234,46.619998931884766,48.599998474121094,48.36000061035156,49.099998474121094
5.csv_Day8_8h30m,48.68000030517578,44.459999084472656,53.720001220703125,55.33000183105469,56.16999816894531,56.380001068115234,58.099998474121094,57.310001373291016,58.54999923706055
5.csv_Day8_9h00m,61.77000045776367,47.310001373291016,57.849998474121094,63.20000076293945,66.2300033569336,64.44000244140625,65.73999786376953,64.70999908447266,66.25
5.csv_Day8_9h30m,65.26000213623047,61.02000045776367,66.79000091552734,68.93000030517578,72.83000183105469,72.02999877929688,73.04000091552734,72.5,73.44999694824219
5.csv_Day8_10h00m,64.20999908447266,50.810001373291016,63.459999084472656,63.83000183105469,71.05999755859375,71.61000061035156,74.77999877929688,75.36000061035156,74.9800033569336
5.csv_Day8_10h30m,69.52999877929688,57.099998474121094,70.08000183105469,67.69999694824219,78.25,80.33000183105469,82.52999877929688,82.44000244140625,83.2699966430664
5.csv_Day8_11h00m,60.02000045776367,44.630001068115234,62.380001068115234,63.36000061035156,72.54000091552734,78.0,78.37999725341797,79.81999969482422,77.56999969482422
5.csv_Day8_11h30m,35.61000061035156,46.099998474121094,71.91000366210938,71.1500015258789,67.77999877929688,82.62999725341797,79.61000061035156,80.77999877929688,81.16000366210938
5.csv_Day8_12h00m,33.75,45.900001525878906,66.20999908447266,68.83999633789062,54.810001373291016,76.08000183105469,81.26000213623047,73.6500015258789,82.98999786376953
5.csv_Day8_12h30m,57.34000015258789,63.209999084472656,63.040000915527344,81.08000183105469,91.5199966430664,73.83999633789062,79.86000061035156,77.0199966430664,78.6500015258789
5.csv_Day8_13h00m,39.310001373291016,28.700000762939453,68.80000305175781,81.51000213623047,64.19000244140625,79.62999725341797,86.70999908447266,83.5,85.93000030517578
5.csv_Day8_13h30m,22.1200008392334,18.190000534057617,58.86000061035156,72.52999877929688,61.40999984741211,72.4800033569336,80.5199966430664,79.12000274658203,78.72000122070312
5.csv_Day8_14h00m,18.459999084472656,24.049999237060547,58.61000061035156,63.08000183105469,51.220001220703125,71.2699966430664,75.37999725341797,75.58999633789062,79.5999984741211
5.csv_Day8_14h30m,36.779998779296875,51.27000045776367,57.290000915527344,50.560001373291016,63.5,69.0999984741211,69.79000091552734,67.77999877929688,73.3499984741211
5.csv_Day8_15h00m,30.670000076293945,40.58000183105469,54.2400016784668,41.06999969482422,49.220001220703125,63.97999954223633,63.630001068115234,63.36000061035156,66.22000122070312
5.csv_Day8_15h30m,16.229999542236328,29.040000915527344,48.560001373291016,34.650001525878906,39.099998474121094,55.16999816894531,56.22999954223633,55.0,58.150001525878906
5.csv_Day8_16h00m,16.600000381469727,35.400001525878906,39.939998626708984,35.59000015258789,35.939998626708984,46.970001220703125,45.970001220703125,45.630001068115234,48.5099983215332
5.csv_Day8_16h30m,5.289999961853027,21.200000762939453,31.59000015258789,32.34000015258789,33.65999984741211,39.959999084472656,37.310001373291016,38.349998474121094,39.79999923706055
5.csv_Day8_17h00m,18.729999542236328,7.099999904632568,27.739999771118164,26.469999313354492,26.309999465942383,27.290000915527344,30.489999771118164,31.290000915527344,33.40999984741211
5.csv_Day8_17h30m,19.690000534057617,1.899999976158142,19.579999923706055,10.920000076293945,17.989999771118164,19.030000686645508,24.06999969482422,23.3700008392334,24.850000381469727
5.csv_Day8_18h00m,5.900000095367432,12.260000228881836,13.930000305175781,6.440000057220459,11.399999618530273,12.109999656677246,16.959999084472656,14.300000190734863,16.010000228881836
5.csv_Day8_18h30m,0.3799999952316284,2.4600000381469727,8.9399995803833,2.619999885559082,4.820000171661377,6.5,7.239999771118164,7.079999923706055,7.619999885559082
5.csv_Day8_19h00m,0.0,0.0,0.0,0.0,0.0,0.0,0.5400000214576721,0.0,1.090000033378601
5.csv_Day8_19h30m,0.0,0.0,0.0,0.0,0.0,0.0,0.0,0.0,0.0
5.csv_Day8_20h00m,0.0,0.0,0.0,0.0,0.0,0.0,0.0,0.0,0.0
5.csv_Day8_20h30m,0.0,0.0,0.0,0.0,0.0,0.0,0.0,0.0,0.0
5.csv_Day8_21h00m,0.0,0.0,0.0,0.0,0.0,0.0,0.0,0.0,0.0
5.csv_Day8_21h30m,0.0,0.0,0.0,0.0,0.0,0.0,0.0,0.0,0.0
5.csv_Day8_22h00m,0.0,0.0,0.0,0.0,0.0,0.0,0.0,0.0,0.0
5.csv_Day8_22h30m,0.0,0.0,0.0,0.0,0.0,0.0,0.0,0.0,0.0
5.csv_Day8_23h00m,0.0,0.0,0.0,0.0,0.0,0.0,0.0,0.0,0.0
5.csv_Day8_23h30m,0.0,0.0,0.0,0.0,0.0,0.0,0.0,0.0,0.0
6.csv_Day7_0h00m,0.0,0.0,0.0,0.0,0.0,0.0,0.0,0.0,0.0
6.csv_Day7_0h30m,0.0,0.0,0.0,0.0,0.0,0.0,0.0,0.0,0.0
6.csv_Day7_1h00m,0.0,0.0,0.0,0.0,0.0,0.0,0.0,0.0,0.0
6.csv_Day7_1h30m,0.0,0.0,0.0,0.0,0.0,0.0,0.0,0.0,0.0
6.csv_Day7_2h00m,0.0,0.0,0.0,0.0,0.0,0.0,0.0,0.0,0.0
6.csv_Day7_2h30m,0.0,0.0,0.0,0.0,0.0,0.0,0.0,0.0,0.0
6.csv_Day7_3h00m,0.0,0.0,0.0,0.0,0.0,0.0,0.0,0.0,0.0
6.csv_Day7_3h30m,0.0,0.0,0.0,0.0,0.0,0.0,0.0,0.0,0.0
6.csv_Day7_4h00m,0.0,0.0,0.0,0.0,0.0,0.0,0.0,0.0,0.0
6.csv_Day7_4h30m,0.0,0.0,0.0,0.0,0.0,0.0,0.0,0.0,0.0
6.csv_Day7_5h00m,0.0,0.0,0.0,0.0,0.0,0.38999998569488525,1.0199999809265137,0.0,0.49000000953674316
6.csv_Day7_5h30m,0.8199999928474426,2.2300000190734863,2.950000047683716,6.849999904632568,4.789999961853027,4.420000076293945,5.230000019073486,4.960000038146973,5.659999847412109
6.csv_Day7_6h00m,1.0700000524520874,4.519999980926514,0.9900000095367432,13.510000228881836,8.979999542236328,8.710000038146973,11.119999885559082,11.350000381469727,13.260000228881836
6.csv_Day7_6h30m,2.759999990463257,11.569999694824219,5.929999828338623,18.139999389648438,20.860000610351562,20.799999237060547,22.229999542236328,23.030000686645508,23.100000381469727
6.csv_Day7_7h00m,1.399999976158142,16.829999923706055,8.170000076293945,21.440000534057617,20.739999771118164,29.1299991607666,31.959999084472656,32.08000183105469,32.349998474121094
6.csv_Day7_7h30m,1.2999999523162842,15.479999542236328,11.369999885559082,21.850000381469727,34.68000030517578,39.25,40.4900016784668,40.720001220703125,41.560001373291016
6.csv_Day7_8h00m,3.940000057220459,23.6299991607666,15.930000305175781,40.56999969482422,46.209999084472656,49.34000015258789,50.27000045776367,50.29999923706055,50.779998779296875
6.csv_Day7_8h30m,3.2100000381469727,29.979999542236328,34.31999969482422,39.779998779296875,53.20000076293945,57.619998931884766,58.689998626708984,57.619998931884766,59.13999938964844
6.csv_Day7_9h00m,3.700000047683716,43.02000045776367,65.19999694824219,57.68000030517578,62.130001068115234,66.05999755859375,67.4800033569336,66.48999786376953,67.66000366210938
6.csv_Day7_9h30m,10.729999542236328,48.349998474121094,69.62999725341797,49.81999969482422,64.7300033569336,69.38999938964844,68.68000030517578,70.52999877929688,73.30000305175781
6.csv_Day7_10h00m,39.93000030517578,61.52000045776367,78.76000213623047,64.19999694824219,76.38999938964844,77.08999633789062,78.66999816894531,76.44999694824219,78.8499984741211
6.csv_Day7_10h30m,38.58000183105469,57.52000045776367,83.30999755859375,68.76000213623047,80.5999984741211,81.73999786376953,83.41999816894531,80.73999786376953,84.95999908447266
6.csv_Day7_11h00m,54.060001373291016,64.44999694824219,91.44999694824219,71.63999938964844,80.06999969482422,85.4000015258789,86.5999984741211,83.01000213623047,87.88999938964844
6.csv_Day7_11h30m,53.72999954223633,59.619998931884766,90.88999938964844,66.48999786376953,77.62999725341797,85.7300033569336,86.16000366210938,83.16999816894531,88.12999725341797
6.csv_Day7_12h00m,39.54999923706055,39.959999084472656,76.0,56.63999938964844,66.61000061035156,81.26000213623047,81.81999969482422,81.18000030517578,87.0999984741211
6.csv_Day7_12h30m,50.86000061035156,18.06999969482422,72.12999725341797,31.959999084472656,41.04999923706055,76.2699966430664,71.9800033569336,79.54000091552734,85.56999969482422
6.csv_Day7_13h00m,44.38999938964844,48.84000015258789,72.47000122070312,43.58000183105469,46.529998779296875,71.6500015258789,52.939998626708984,78.41999816894531,81.27999877929688
6.csv_Day7_13h30m,27.920000076293945,12.430000305175781,59.720001220703125,28.280000686645508,29.25,66.76000213623047,49.34000015258789,74.20999908447266,79.43000030517578
6.csv_Day7_14h00m,40.7400016784668,12.460000038146973,60.40999984741211,26.350000381469727,26.559999465942383,58.83000183105469,62.5099983215332,73.0999984741211,77.02999877929688
6.csv_Day7_14h30m,42.939998626708984,20.850000381469727,59.11000061035156,26.889999389648438,29.600000381469727,60.189998626708984,62.45000076293945,66.83000183105469,75.37000274658203
6.csv_Day7_15h00m,1.7300000190734863,42.47999954223633,50.33000183105469,51.34000015258789,55.369998931884766,62.77000045776367,63.119998931884766,63.97999954223633,66.47000122070312
6.csv_Day7_15h30m,1.0800000429153442,26.239999771118164,41.20000076293945,32.900001525878906,46.81999969482422,48.66999816894531,45.290000915527344,53.130001068115234,51.72999954223633
6.csv_Day7_16h00m,7.159999847412109,26.25,17.1200008392334,42.7400016784668,47.310001373291016,51.81999969482422,48.459999084472656,48.79999923706055,51.7400016784668
6.csv_Day7_16h30m,6.440000057220459,10.600000381469727,23.739999771118164,24.760000228881836,26.969999313354492,34.02000045776367,29.09000015258789,36.369998931884766,31.719999313354492
6.csv_Day7_17h00m,3.049999952316284,3.680000066757202,15.239999771118164,21.06999969482422,19.139999389648438,26.510000228881836,26.989999771118164,31.530000686645508,22.440000534057617
6.csv_Day7_17h30m,3.4100000858306885,14.729999542236328,11.859999656677246,21.149999618530273,22.049999237060547,22.420000076293945,23.260000228881836,24.6299991607666,23.200000762939453
6.csv_Day7_18h00m,1.7999999523162842,15.529999732971191,11.029999732971191,14.180000305175781,17.549999237060547,15.989999771118164,15.989999771118164,21.75,17.739999771118164
6.csv_Day7_18h30m,0.4000000059604645,1.690000057220459,0.800000011920929,3.369999885559082,6.53000020980835,5.070000171661377,11.260000228881836,10.880000114440918,8.6899995803833
6.csv_Day7_19h00m,0.0,0.0,0.019999999552965164,0.0,0.14000000059604645,0.029999999329447746,0.7900000214576721,0.9900000095367432,2.0999999046325684
6.csv_Day7_19h30m,0.0,0.0,0.0,0.0,0.0,0.0,0.0,0.0,0.0
6.csv_Day7_20h00m,0.0,0.0,0.0,0.0,0.0,0.0,0.0,0.0,0.0
6.csv_Day7_20h30m,0.0,0.0,0.0,0.0,0.0,0.0,0.0,0.0,0.0
6.csv_Day7_21h00m,0.0,0.0,0.0,0.0,0.0,0.0,0.0,0.0,0.0
6.csv_Day7_21h30m,0.0,0.0,0.0,0.0,0.0,0.0,0.0,0.0,0.0
6.csv_Day7_22h00m,0.0,0.0,0.0,0.0,0.0,0.0,0.0,0.0,0.0
6.csv_Day7_22h30m,0.0,0.0,0.0,0.0,0.0,0.0,0.0,0.0,0.0
6.csv_Day7_23h00m,0.0,0.0,0.0,0.0,0.0,0.0,0.0,0.0,0.0
6.csv_Day7_23h30m,0.0,0.0,0.0,0.0,0.0,0.0,0.0,0.0,0.0
6.csv_Day8_0h00m,0.0,0.0,0.0,0.0,0.0,0.0,0.0,0.0,0.0
6.csv_Day8_0h30m,0.0,0.0,0.0,0.0,0.0,0.0,0.0,0.0,0.0
6.csv_Day8_1h00m,0.0,0.0,0.0,0.0,0.0,0.0,0.0,0.0,0.0
6.csv_Day8_1h30m,0.0,0.0,0.0,0.0,0.0,0.0,0.0,0.0,0.0
6.csv_Day8_2h00m,0.0,0.0,0.0,0.0,0.0,0.0,0.0,0.0,0.0
6.csv_Day8_2h30m,0.0,0.0,0.0,0.0,0.0,0.0,0.0,0.0,0.0
6.csv_Day8_3h00m,0.0,0.0,0.0,0.0,0.0,0.0,0.0,0.0,0.0
6.csv_Day8_3h30m,0.0,0.0,0.0,0.0,0.0,0.0,0.0,0.0,0.0
6.csv_Day8_4h00m,0.0,0.0,0.0,0.0,0.0,0.0,0.0,0.0,0.0
6.csv_Day8_4h30m,0.0,0.0,0.0,0.0,0.0,0.0,0.0,0.0,0.0
6.csv_Day8_5h00m,0.0,0.0,0.0,0.0,0.0,0.5199999809265137,1.0800000429153442,0.0,0.49000000953674316
6.csv_Day8_5h30m,1.6799999475479126,2.240000009536743,2.690000057220459,6.809999942779541,4.800000190734863,3.890000104904175,5.139999866485596,5.610000133514404,5.659999847412109
6.csv_Day8_6h00m,2.2699999809265137,4.550000190734863,1.309999942779541,13.430000305175781,8.979999542236328,8.260000228881836,10.989999771118164,12.369999885559082,13.25
6.csv_Day8_6h30m,3.4700000286102295,11.640000343322754,3.119999885559082,18.030000686645508,20.8799991607666,18.780000686645508,22.0,22.5,23.09000015258789
6.csv_Day8_7h00m,1.399999976158142,16.93000030517578,11.329999923706055,21.309999465942383,20.75,25.31999969482422,31.649999618530273,31.209999084472656,32.33000183105469
6.csv_Day8_7h30m,1.7999999523162842,15.569999694824219,15.170000076293945,21.719999313354492,34.70000076293945,32.29999923706055,40.119998931884766,39.88999938964844,41.540000915527344
6.csv_Day8_8h00m,15.25,23.760000228881836,47.349998474121094,40.31999969482422,46.2400016784668,45.95000076293945,49.810001373291016,49.63999938964844,50.7599983215332
6.csv_Day8_8h30m,9.270000457763672,30.149999618530273,55.36000061035156,39.540000915527344,53.25,54.099998474121094,58.15999984741211,56.63999938964844,59.119998931884766
6.csv_Day8_9h00m,23.90999984741211,43.2599983215332,64.6500015258789,57.33000183105469,62.16999816894531,63.41999816894531,66.87999725341797,65.44000244140625,67.62999725341797
6.csv_Day8_9h30m,34.349998474121094,48.619998931884766,66.20999908447266,49.52000045776367,64.77999877929688,63.900001525878906,68.05999755859375,66.83000183105469,73.2699966430664
6.csv_Day8_10h00m,45.880001068115234,61.86000061035156,70.88999938964844,63.810001373291016,76.44999694824219,71.93000030517578,77.97000122070312,74.7300033569336,78.81999969482422
6.csv_Day8_10h30m,52.630001068115234,57.84000015258789,76.30999755859375,68.3499984741211,80.66999816894531,74.58000183105469,82.68000030517578,79.87999725341797,84.91999816894531
6.csv_Day8_11h00m,61.41999816894531,64.80999755859375,78.66000366210938,71.20999908447266,80.12999725341797,67.0,85.83999633789062,82.23999786376953,87.8499984741211
6.csv_Day8_11h30m,61.72999954223633,59.959999084472656,81.16000366210938,66.08999633789062,77.69000244140625,60.34000015258789,85.4000015258789,81.48999786376953,88.08999633789062
6.csv_Day8_12h00m,54.2599983215332,40.189998626708984,74.45999908447266,56.29999923706055,66.66000366210938,58.72999954223633,81.08999633789062,80.79000091552734,87.06999969482422
6.csv_Day8_12h30m,22.219999313354492,18.170000076293945,44.04999923706055,31.770000457763672,41.08000183105469,31.459999084472656,71.31999969482422,70.55000305175781,85.54000091552734
6.csv_Day8_13h00m,24.260000228881836,49.119998931884766,33.90999984741211,43.31999969482422,46.560001373291016,19.190000534057617,52.41999816894531,57.83000183105469,81.25
6.csv_Day8_13h30m,6.610000133514404,12.5,14.0600004196167,28.110000610351562,29.270000457763672,25.020000457763672,48.84000015258789,64.12999725341797,79.38999938964844
6.csv_Day8_14h00m,2.319999933242798,12.529999732971191,7.760000228881836,26.200000762939453,26.579999923706055,22.530000686645508,61.93000030517578,68.05000305175781,76.98999786376953
6.csv_Day8_14h30m,2.140000104904175,20.969999313354492,13.319999694824219,26.719999313354492,29.6200008392334,24.709999084472656,61.880001068115234,61.36000061035156,75.33999633789062
6.csv_Day8_15h00m,19.639999389648438,42.720001220703125,19.15999984741211,51.029998779296875,55.41999816894531,48.5,62.54999923706055,63.84000015258789,66.44000244140625
6.csv_Day8_15h30m,7.420000076293945,26.389999389648438,23.81999969482422,32.70000076293945,46.849998474121094,47.2599983215332,46.88999938964844,51.16999816894531,51.709999084472656
6.csv_Day8_16h00m,12.670000076293945,26.399999618530273,26.270000457763672,42.47999954223633,47.34000015258789,50.77000045776367,48.02000045776367,47.849998474121094,51.720001220703125
6.csv_Day8_16h30m,14.90999984741211,10.65999984741211,28.0,24.610000610351562,26.989999771118164,33.15999984741211,28.81999969482422,32.31999969482422,31.709999084472656
6.csv_Day8_17h00m,6.480000019073486,3.700000047683716,23.18000030517578,20.950000762939453,19.15999984741211,25.0,27.899999618530273,31.239999771118164,22.43000030517578
6.csv_Day8_17h30m,8.800000190734863,14.819999694824219,6.840000152587891,21.020000457763672,22.059999465942383,20.81999969482422,23.84000015258789,23.520000457763672,23.190000534057617
6.csv_Day8_18h00m,9.279999732971191,15.619999885559082,6.340000152587891,14.09000015258789,17.56999969482422,11.130000114440918,16.3700008392334,21.989999771118164,17.729999542236328
6.csv_Day8_18h30m,0.15000000596046448,1.7000000476837158,1.100000023841858,3.3499999046325684,6.539999961853027,1.899999976158142,11.460000038146973,11.829999923706055,8.6899995803833
6.csv_Day8_19h00m,0.0,0.0,0.14000000059604645,0.0,0.14000000059604645,0.07999999821186066,0.8299999833106995,0.03999999910593033,2.0999999046325684
6.csv_Day8_19h30m,0.0,0.0,0.0,0.0,0.0,0.0,0.0,0.0,0.0
6.csv_Day8_20h00m,0.0,0.0,0.0,0.0,0.0,0.0,0.0,0.0,0.0
6.csv_Day8_20h30m,0.0,0.0,0.0,0.0,0.0,0.0,0.0,0.0,0.0
6.csv_Day8_21h00m,0.0,0.0,0.0,0.0,0.0,0.0,0.0,0.0,0.0
6.csv_Day8_21h30m,0.0,0.0,0.0,0.0,0.0,0.0,0.0,0.0,0.0
6.csv_Day8_22h00m,0.0,0.0,0.0,0.0,0.0,0.0,0.0,0.0,0.0
6.csv_Day8_22h30m,0.0,0.0,0.0,0.0,0.0,0.0,0.0,0.0,0.0
6.csv_Day8_23h00m,0.0,0.0,0.0,0.0,0.0,0.0,0.0,0.0,0.0
6.csv_Day8_23h30m,0.0,0.0,0.0,0.0,0.0,0.0,0.0,0.0,0.0
7.csv_Day7_0h00m,0.0,0.0,0.0,0.0,0.0,0.0,0.0,0.0,0.0
7.csv_Day7_0h30m,0.0,0.0,0.0,0.0,0.0,0.0,0.0,0.0,0.0
7.csv_Day7_1h00m,0.0,0.0,0.0,0.0,0.0,0.0,0.0,0.0,0.0
7.csv_Day7_1h30m,0.0,0.0,0.0,0.0,0.0,0.0,0.0,0.0,0.0
7.csv_Day7_2h00m,0.0,0.0,0.0,0.0,0.0,0.0,0.0,0.0,0.0
7.csv_Day7_2h30m,0.0,0.0,0.0,0.0,0.0,0.0,0.0,0.0,0.0
7.csv_Day7_3h00m,0.0,0.0,0.0,0.0,0.0,0.0,0.0,0.0,0.0
7.csv_Day7_3h30m,0.0,0.0,0.0,0.0,0.0,0.0,0.0,0.0,0.0
7.csv_Day7_4h00m,0.0,0.0,0.0,0.0,0.0,0.0,0.0,0.0,0.0
7.csv_Day7_4h30m,0.0,0.0,0.0,0.0,0.0,0.0,0.0,0.0,0.0
7.csv_Day7_5h00m,0.0,0.0,0.0,0.0,0.0,0.0,0.0,0.0,0.0
7.csv_Day7_5h30m,0.7200000286102295,1.600000023841858,2.5399999618530273,2.0999999046325684,2.9000000953674316,3.0,2.490000009536743,2.490000009536743,2.390000104904175
7.csv_Day7_6h00m,2.640000104904175,6.0,7.889999866485596,8.010000228881836,8.670000076293945,8.869999885559082,9.449999809265137,9.949999809265137,9.609999656677246
7.csv_Day7_6h30m,12.369999885559082,12.350000381469727,17.579999923706055,12.34000015258789,15.350000381469727,18.030000686645508,18.239999771118164,18.350000381469727,18.770000457763672
7.csv_Day7_7h00m,15.880000114440918,8.600000381469727,22.5,12.779999732971191,21.280000686645508,27.329999923706055,27.559999465942383,27.68000030517578,28.229999542236328
7.csv_Day7_7h30m,17.90999984741211,12.649999618530273,29.760000228881836,17.940000534057617,23.799999237060547,36.810001373291016,37.209999084472656,37.47999954223633,38.099998474121094
7.csv_Day7_8h00m,25.389999389648438,21.860000610351562,46.279998779296875,33.81999969482422,36.34000015258789,46.11000061035156,46.540000915527344,46.290000915527344,47.56999969482422
7.csv_Day7_8h30m,25.030000686645508,27.209999084472656,52.459999084472656,47.040000915527344,47.33000183105469,55.31999969482422,56.25,55.65999984741211,57.220001220703125
7.csv_Day7_9h00m,42.47999954223633,38.58000183105469,58.790000915527344,50.13999938964844,54.66999816894531,63.619998931884766,63.97999954223633,64.18000030517578,65.31999969482422
7.csv_Day7_9h30m,44.4900016784668,39.7400016784668,63.88999938964844,60.41999816894531,65.58000183105469,70.69000244140625,71.66000366210938,72.31999969482422,72.88999938964844
7.csv_Day7_10h00m,47.7599983215332,47.15999984741211,68.80000305175781,61.75,73.52999877929688,77.08999633789062,77.19999694824219,78.56999969482422,78.75
7.csv_Day7_10h30m,53.369998931884766,38.900001525878906,75.83000183105469,66.52999877929688,76.69999694824219,80.38999938964844,80.26000213623047,81.73999786376953,82.55000305175781
7.csv_Day7_11h00m,54.619998931884766,41.5099983215332,74.6500015258789,70.06999969482422,79.31999969482422,84.5999984741211,84.37999725341797,85.83999633789062,86.2699966430664
7.csv_Day7_11h30m,62.540000915527344,66.5199966430664,74.72000122070312,78.80000305175781,83.4000015258789,86.11000061035156,87.72000122070312,89.04000091552734,89.02999877929688
7.csv_Day7_12h00m,68.55000305175781,72.87000274658203,78.01000213623047,81.97000122070312,88.05999755859375,88.05999755859375,90.16999816894531,91.76000213623047,91.2699966430664
7.csv_Day7_12h30m,62.29999923706055,65.23999786376953,78.62999725341797,81.94000244140625,85.2300033569336,86.19999694824219,88.83000183105469,88.83999633789062,89.30999755859375
7.csv_Day7_13h00m,60.290000915527344,66.45999908447266,75.08000183105469,77.91999816894531,83.56999969482422,83.88999938964844,85.08000183105469,85.6500015258789,86.06999969482422
7.csv_Day7_13h30m,54.97999954223633,55.5099983215332,70.52999877929688,75.55000305175781,79.27999877929688,79.2699966430664,83.06999969482422,82.97000122070312,83.16000366210938
7.csv_Day7_14h00m,43.83000183105469,57.88999938964844,69.37000274658203,67.8499984741211,67.33999633789062,77.69999694824219,76.95999908447266,78.55999755859375,78.2300033569336
7.csv_Day7_14h30m,39.83000183105469,49.9900016784668,64.98999786376953,60.310001373291016,64.2699966430664,67.36000061035156,68.62999725341797,71.38999938964844,70.94999694824219
7.csv_Day7_15h00m,38.779998779296875,46.2400016784668,62.349998474121094,60.459999084472656,59.34000015258789,64.11000061035156,61.880001068115234,63.599998474121094,65.26000213623047
7.csv_Day7_15h30m,35.400001525878906,35.540000915527344,56.220001220703125,55.959999084472656,55.130001068115234,57.380001068115234,55.63999938964844,57.63999938964844,57.939998626708984
7.csv_Day7_16h00m,33.779998779296875,30.049999237060547,47.20000076293945,48.61000061035156,46.470001220703125,48.68000030517578,48.119998931884766,49.290000915527344,49.40999984741211
7.csv_Day7_16h30m,31.229999542236328,15.520000457763672,37.70000076293945,34.13999938964844,37.150001525878906,38.04999923706055,37.45000076293945,38.61000061035156,39.68000030517578
7.csv_Day7_17h00m,18.56999969482422,16.479999542236328,26.8799991607666,29.219999313354492,26.43000030517578,28.049999237060547,27.90999984741211,28.6200008392334,30.020000457763672
7.csv_Day7_17h30m,11.34000015258789,13.270000457763672,16.6200008392334,20.280000686645508,22.18000030517578,18.829999923706055,19.079999923706055,20.25,20.899999618530273
7.csv_Day7_18h00m,5.579999923706055,7.53000020980835,7.619999885559082,6.559999942779541,13.180000305175781,10.149999618530273,11.329999923706055,11.59000015258789,11.289999961853027
7.csv_Day7_18h30m,1.0800000429153442,1.6399999856948853,3.049999952316284,1.909999966621399,2.7699999809265137,4.739999771118164,4.010000228881836,3.9600000381469727,4.519999980926514
7.csv_Day7_19h00m,0.0,0.0,0.0,0.0,0.0,0.0,0.0,0.0,0.0
7.csv_Day7_19h30m,0.0,0.0,0.0,0.0,0.0,0.0,0.0,0.0,0.0
7.csv_Day7_20h00m,0.0,0.0,0.0,0.0,0.0,0.0,0.0,0.0,0.0
7.csv_Day7_20h30m,0.0,0.0,0.0,0.0,0.0,0.0,0.0,0.0,0.0
7.csv_Day7_21h00m,0.0,0.0,0.0,0.0,0.0,0.0,0.0,0.0,0.0
7.csv_Day7_21h30m,0.0,0.0,0.0,0.0,0.0,0.0,0.0,0.0,0.0
7.csv_Day7_22h00m,0.0,0.0,0.0,0.0,0.0,0.0,0.0,0.0,0.0
7.csv_Day7_22h30m,0.0,0.0,0.0,0.0,0.0,0.0,0.0,0.0,0.0
7.csv_Day7_23h00m,0.0,0.0,0.0,0.0,0.0,0.0,0.0,0.0,0.0
7.csv_Day7_23h30m,0.0,0.0,0.0,0.0,0.0,0.0,0.0,0.0,0.0
7.csv_Day8_0h00m,0.0,0.0,0.0,0.0,0.0,0.0,0.0,0.0,0.0
7.csv_Day8_0h30m,0.0,0.0,0.0,0.0,0.0,0.0,0.0,0.0,0.0
7.csv_Day8_1h00m,0.0,0.0,0.0,0.0,0.0,0.0,0.0,0.0,0.0
7.csv_Day8_1h30m,0.0,0.0,0.0,0.0,0.0,0.0,0.0,0.0,0.0
7.csv_Day8_2h00m,0.0,0.0,0.0,0.0,0.0,0.0,0.0,0.0,0.0
7.csv_Day8_2h30m,0.0,0.0,0.0,0.0,0.0,0.0,0.0,0.0,0.0
7.csv_Day8_3h00m,0.0,0.0,0.0,0.0,0.0,0.0,0.0,0.0,0.0
7.csv_Day8_3h30m,0.0,0.0,0.0,0.0,0.0,0.0,0.0,0.0,0.0
7.csv_Day8_4h00m,0.0,0.0,0.0,0.0,0.0,0.0,0.0,0.0,0.0
7.csv_Day8_4h30m,0.0,0.0,0.0,0.0,0.0,0.0,0.0,0.0,0.0
7.csv_Day8_5h00m,0.0,0.0,0.0,0.0,0.0,0.0,0.0,0.0,0.0
7.csv_Day8_5h30m,1.649999976158142,1.6100000143051147,2.9800000190734863,2.0899999141693115,2.9000000953674316,2.5399999618530273,2.430000066757202,2.4600000381469727,2.390000104904175
7.csv_Day8_6h00m,5.75,6.039999961853027,4.059999942779541,7.960000038146973,8.670000076293945,8.970000267028809,9.329999923706055,10.220000267028809,9.609999656677246
7.csv_Day8_6h30m,13.260000228881836,12.420000076293945,13.779999732971191,12.270000457763672,15.359999656677246,17.549999237060547,18.049999237060547,18.770000457763672,18.760000228881836
7.csv_Day8_7h00m,21.170000076293945,8.649999618530273,24.459999084472656,12.699999809265137,21.290000915527344,26.719999313354492,27.290000915527344,27.670000076293945,28.209999084472656
7.csv_Day8_7h30m,27.770000457763672,12.720000267028809,35.0,17.829999923706055,23.81999969482422,36.09000015258789,36.86000061035156,37.220001220703125,38.08000183105469
7.csv_Day8_8h00m,37.04999923706055,21.979999542236328,42.77000045776367,33.619998931884766,36.36000061035156,45.0099983215332,46.11000061035156,46.119998931884766,47.54999923706055
7.csv_Day8_8h30m,29.760000228881836,27.360000610351562,46.18000030517578,46.7599983215332,47.36000061035156,54.41999816894531,55.7400016784668,55.54999923706055,57.189998626708984
7.csv_Day8_9h00m,8.84000015258789,38.790000915527344,31.850000381469727,49.84000015258789,54.709999084472656,60.369998931884766,63.40999984741211,64.18000030517578,65.30000305175781
7.csv_Day8_9h30m,9.920000076293945,39.970001220703125,29.899999618530273,60.060001373291016,65.62999725341797,68.37000274658203,71.0199966430664,72.0,72.86000061035156
7.csv_Day8_10h00m,13.529999732971191,47.41999816894531,41.119998931884766,61.369998931884766,73.58000183105469,70.91999816894531,76.51000213623047,78.43000030517578,78.70999908447266
7.csv_Day8_10h30m,18.989999771118164,39.119998931884766,48.91999816894531,66.12999725341797,76.76000213623047,81.41999816894531,79.55000305175781,81.37000274658203,82.51000213623047
7.csv_Day8_11h00m,26.25,41.7400016784668,65.4000015258789,69.6500015258789,79.37999725341797,85.41000366210938,83.62999725341797,85.5199966430664,86.2300033569336
7.csv_Day8_11h30m,39.63999938964844,66.88999938964844,73.88999938964844,78.33000183105469,83.45999908447266,88.9000015258789,86.94999694824219,87.58000183105469,88.98999786376953
7.csv_Day8_12h00m,56.650001525878906,73.27999877929688,78.41000366210938,81.4800033569336,88.12999725341797,91.12000274658203,89.37999725341797,90.56999969482422,91.2300033569336
7.csv_Day8_12h30m,55.9900016784668,65.5999984741211,82.9800033569336,81.44999694824219,85.30000305175781,88.05000305175781,88.05000305175781,89.8499984741211,89.2699966430664
7.csv_Day8_13h00m,52.150001525878906,66.83000183105469,80.08000183105469,77.44999694824219,83.63999938964844,86.22000122070312,84.33000183105469,86.44999694824219,86.02999877929688
7.csv_Day8_13h30m,52.279998779296875,55.81999969482422,76.97000122070312,75.0999984741211,79.33999633789062,81.30000305175781,82.33999633789062,83.54000091552734,83.12000274658203
7.csv_Day8_14h00m,45.349998474121094,58.209999084472656,71.95999908447266,67.44000244140625,67.4000015258789,78.62999725341797,76.27999877929688,77.83999633789062,78.19999694824219
7.csv_Day8_14h30m,25.280000686645508,50.27000045776367,59.5,59.939998626708984,64.31999969482422,70.18000030517578,68.01000213623047,70.16000366210938,70.91999816894531
7.csv_Day8_15h00m,24.6299991607666,46.5,57.29999923706055,60.09000015258789,59.38999938964844,66.54000091552734,61.31999969482422,63.36000061035156,65.2300033569336
7.csv_Day8_15h30m,24.780000686645508,35.7400016784668,52.25,55.619998931884766,55.16999816894531,59.2400016784668,55.130001068115234,56.279998779296875,57.91999816894531
7.csv_Day8_16h00m,35.310001373291016,30.219999313354492,43.7599983215332,48.31999969482422,46.5099983215332,49.63999938964844,47.68000030517578,48.349998474121094,49.38999938964844
7.csv_Day8_16h30m,22.670000076293945,15.609999656677246,34.16999816894531,33.939998626708984,37.16999816894531,38.970001220703125,37.099998474121094,38.75,39.65999984741211
7.csv_Day8_17h00m,19.040000915527344,16.579999923706055,22.1299991607666,29.040000915527344,26.450000762939453,26.709999084472656,27.639999389648438,29.229999542236328,30.010000228881836
7.csv_Day8_17h30m,12.529999732971191,13.34000015258789,12.65999984741211,20.15999984741211,22.190000534057617,17.479999542236328,18.8799991607666,20.93000030517578,20.889999389648438
7.csv_Day8_18h00m,0.3100000023841858,7.579999923706055,5.920000076293945,6.519999980926514,13.1899995803833,9.829999923706055,11.199999809265137,11.350000381469727,11.279999732971191
7.csv_Day8_18h30m,0.17000000178813934,1.649999976158142,0.9900000095367432,1.899999976158142,2.7699999809265137,4.130000114440918,3.9800000190734863,3.8499999046325684,4.519999980926514
7.csv_Day8_19h00m,0.0,0.0,0.0,0.0,0.0,0.0,0.0,0.0,0.0
7.csv_Day8_19h30m,0.0,0.0,0.0,0.0,0.0,0.0,0.0,0.0,0.0
7.csv_Day8_20h00m,0.0,0.0,0.0,0.0,0.0,0.0,0.0,0.0,0.0
7.csv_Day8_20h30m,0.0,0.0,0.0,0.0,0.0,0.0,0.0,0.0,0.0
7.csv_Day8_21h00m,0.0,0.0,0.0,0.0,0.0,0.0,0.0,0.0,0.0
7.csv_Day8_21h30m,0.0,0.0,0.0,0.0,0.0,0.0,0.0,0.0,0.0
7.csv_Day8_22h00m,0.0,0.0,0.0,0.0,0.0,0.0,0.0,0.0,0.0
7.csv_Day8_22h30m,0.0,0.0,0.0,0.0,0.0,0.0,0.0,0.0,0.0
7.csv_Day8_23h00m,0.0,0.0,0.0,0.0,0.0,0.0,0.0,0.0,0.0
7.csv_Day8_23h30m,0.0,0.0,0.0,0.0,0.0,0.0,0.0,0.0,0.0
8.csv_Day7_0h00m,0.0,0.0,0.0,0.0,0.0,0.0,0.0,0.0,0.0
8.csv_Day7_0h30m,0.0,0.0,0.0,0.0,0.0,0.0,0.0,0.0,0.0
8.csv_Day7_1h00m,0.0,0.0,0.0,0.0,0.0,0.0,0.0,0.0,0.0
8.csv_Day7_1h30m,0.0,0.0,0.0,0.0,0.0,0.0,0.0,0.0,0.0
8.csv_Day7_2h00m,0.0,0.0,0.0,0.0,0.0,0.0,0.0,0.0,0.0
8.csv_Day7_2h30m,0.0,0.0,0.0,0.0,0.0,0.0,0.0,0.0,0.0
8.csv_Day7_3h00m,0.0,0.0,0.0,0.0,0.0,0.0,0.0,0.0,0.0
8.csv_Day7_3h30m,0.0,0.0,0.0,0.0,0.0,0.0,0.0,0.0,0.0
8.csv_Day7_4h00m,0.0,0.0,0.0,0.0,0.0,0.0,0.0,0.0,0.0
8.csv_Day7_4h30m,0.0,0.0,0.0,0.0,0.0,0.0,0.0,0.0,0.0
8.csv_Day7_5h00m,0.0,0.0,0.0,0.0,0.0,0.0,0.0,0.0,0.0
8.csv_Day7_5h30m,0.0,0.0,0.0,0.0,0.0,0.0,0.0,0.0,0.0
8.csv_Day7_6h00m,0.0,0.0,0.0,0.0,0.0,0.0,0.0,0.0,0.0
8.csv_Day7_6h30m,0.0,0.0,0.0,0.0,0.0,0.0,0.0,0.0,0.0
8.csv_Day7_7h00m,0.0,0.0,0.0,0.0,0.0,0.0,0.0,0.0,0.0
8.csv_Day7_7h30m,0.6899999976158142,1.7599999904632568,1.7899999618530273,3.2899999618530273,3.5199999809265137,3.809999942779541,3.799999952316284,4.070000171661377,4.659999847412109
8.csv_Day7_8h00m,0.6499999761581421,4.5,8.470000267028809,7.139999866485596,9.619999885559082,10.890000343322754,10.380000114440918,11.569999694824219,11.6899995803833
8.csv_Day7_8h30m,12.979999542236328,5.829999923706055,17.959999084472656,7.900000095367432,18.06999969482422,17.969999313354492,18.399999618530273,20.010000228881836,19.309999465942383
8.csv_Day7_9h00m,11.369999885559082,6.389999866485596,23.209999084472656,18.100000381469727,21.739999771118164,25.280000686645508,23.010000228881836,27.170000076293945,26.40999984741211
8.csv_Day7_9h30m,17.780000686645508,10.619999885559082,29.559999465942383,20.950000762939453,27.18000030517578,32.290000915527344,30.690000534057617,34.349998474121094,32.77000045776367
8.csv_Day7_10h00m,18.639999389648438,26.809999465942383,35.150001525878906,29.84000015258789,30.610000610351562,36.59000015258789,37.0099983215332,39.40999984741211,38.349998474121094
8.csv_Day7_10h30m,12.899999618530273,33.47999954223633,40.97999954223633,37.06999969482422,37.13999938964844,42.0,40.84000015258789,43.40999984741211,42.61000061035156
8.csv_Day7_11h00m,5.989999771118164,39.41999816894531,44.349998474121094,41.119998931884766,41.13999938964844,43.38999938964844,44.52000045776367,48.04999923706055,46.779998779296875
8.csv_Day7_11h30m,20.510000228881836,37.220001220703125,45.65999984741211,42.4900016784668,42.95000076293945,48.33000183105469,46.93000030517578,49.70000076293945,49.15999984741211
8.csv_Day7_12h00m,28.450000762939453,29.489999771118164,43.5099983215332,40.81999969482422,39.560001373291016,46.5,45.9900016784668,49.5,48.880001068115234
8.csv_Day7_12h30m,19.360000610351562,13.880000114440918,30.1299991607666,35.83000183105469,31.940000534057617,32.25,42.900001525878906,46.61000061035156,46.18000030517578
8.csv_Day7_13h00m,6.980000019073486,14.75,22.010000228881836,34.959999084472656,33.2400016784668,41.70000076293945,41.77000045776367,45.0,44.58000183105469
8.csv_Day7_13h30m,10.819999694824219,14.90999984741211,18.139999389648438,28.399999618530273,29.950000762939453,27.43000030517578,37.779998779296875,40.189998626708984,40.459999084472656
8.csv_Day7_14h00m,6.139999866485596,16.010000228881836,9.779999732971191,28.899999618530273,27.059999465942383,19.950000762939453,33.68000030517578,35.41999816894531,36.04999923706055
8.csv_Day7_14h30m,8.020000457763672,8.270000457763672,7.75,22.18000030517578,21.280000686645508,11.0,27.15999984741211,28.920000076293945,29.3799991607666
8.csv_Day7_15h00m,12.109999656677246,13.149999618530273,17.329999923706055,17.260000228881836,18.110000610351562,9.020000457763672,19.920000076293945,21.899999618530273,22.440000534057617
8.csv_Day7_15h30m,9.800000190734863,8.619999885559082,10.0600004196167,10.199999809265137,12.359999656677246,11.319999694824219,13.359999656677246,14.5600004196167,14.84000015258789
8.csv_Day7_16h00m,2.690000057220459,3.7699999809265137,3.509999990463257,5.690000057220459,5.789999961853027,5.71999979019165,6.449999809265137,6.25,7.579999923706055
8.csv_Day7_16h30m,0.0,0.0,0.0,0.0,0.0,0.009999999776482582,0.8700000047683716,0.7200000286102295,0.7300000190734863
8.csv_Day7_17h00m,0.0,0.0,0.0,0.0,0.0,0.0,0.0,0.0,0.0
8.csv_Day7_17h30m,0.0,0.0,0.0,0.0,0.0,0.0,0.0,0.0,0.0
8.csv_Day7_18h00m,0.0,0.0,0.0,0.0,0.0,0.0,0.0,0.0,0.0
8.csv_Day7_18h30m,0.0,0.0,0.0,0.0,0.0,0.0,0.0,0.0,0.0
8.csv_Day7_19h00m,0.0,0.0,0.0,0.0,0.0,0.0,0.0,0.0,0.0
8.csv_Day7_19h30m,0.0,0.0,0.0,0.0,0.0,0.0,0.0,0.0,0.0
8.csv_Day7_20h00m,0.0,0.0,0.0,0.0,0.0,0.0,0.0,0.0,0.0
8.csv_Day7_20h30m,0.0,0.0,0.0,0.0,0.0,0.0,0.0,0.0,0.0
8.csv_Day7_21h00m,0.0,0.0,0.0,0.0,0.0,0.0,0.0,0.0,0.0
8.csv_Day7_21h30m,0.0,0.0,0.0,0.0,0.0,0.0,0.0,0.0,0.0
8.csv_Day7_22h00m,0.0,0.0,0.0,0.0,0.0,0.0,0.0,0.0,0.0
8.csv_Day7_22h30m,0.0,0.0,0.0,0.0,0.0,0.0,0.0,0.0,0.0
8.csv_Day7_23h00m,0.0,0.0,0.0,0.0,0.0,0.0,0.0,0.0,0.0
8.csv_Day7_23h30m,0.0,0.0,0.0,0.0,0.0,0.0,0.0,0.0,0.0
8.csv_Day8_0h00m,0.0,0.0,0.0,0.0,0.0,0.0,0.0,0.0,0.0
8.csv_Day8_0h30m,0.0,0.0,0.0,0.0,0.0,0.0,0.0,0.0,0.0
8.csv_Day8_1h00m,0.0,0.0,0.0,0.0,0.0,0.0,0.0,0.0,0.0
8.csv_Day8_1h30m,0.0,0.0,0.0,0.0,0.0,0.0,0.0,0.0,0.0
8.csv_Day8_2h00m,0.0,0.0,0.0,0.0,0.0,0.0,0.0,0.0,0.0
8.csv_Day8_2h30m,0.0,0.0,0.0,0.0,0.0,0.0,0.0,0.0,0.0
8.csv_Day8_3h00m,0.0,0.0,0.0,0.0,0.0,0.0,0.0,0.0,0.0
8.csv_Day8_3h30m,0.0,0.0,0.0,0.0,0.0,0.0,0.0,0.0,0.0
8.csv_Day8_4h00m,0.0,0.0,0.0,0.0,0.0,0.0,0.0,0.0,0.0
8.csv_Day8_4h30m,0.0,0.0,0.0,0.0,0.0,0.0,0.0,0.0,0.0
8.csv_Day8_5h00m,0.0,0.0,0.0,0.0,0.0,0.0,0.0,0.0,0.0
8.csv_Day8_5h30m,0.0,0.0,0.0,0.0,0.0,0.0,0.0,0.0,0.0
8.csv_Day8_6h00m,0.0,0.0,0.0,0.0,0.0,0.0,0.0,0.0,0.0
8.csv_Day8_6h30m,0.0,0.0,0.0,0.0,0.0,0.0,0.0,0.0,0.0
8.csv_Day8_7h00m,0.0,0.0,0.0,0.0,0.0,0.0,0.0,0.0,0.0
8.csv_Day8_7h30m,1.4600000381469727,1.7699999809265137,1.2300000190734863,3.2799999713897705,3.5199999809265137,3.130000114440918,3.7799999713897705,4.570000171661377,4.659999847412109
8.csv_Day8_8h00m,2.809999942779541,4.53000020980835,5.570000171661377,7.099999904632568,9.630000114440918,10.5,10.25,10.890000343322754,11.6899995803833
8.csv_Day8_8h30m,5.829999923706055,5.869999885559082,2.680000066757202,7.849999904632568,18.09000015258789,16.81999969482422,18.209999084472656,19.420000076293945,19.309999465942383
8.csv_Day8_9h00m,10.989999771118164,6.420000076293945,2.359999895095825,17.989999771118164,21.760000228881836,17.780000686645508,22.780000686645508,26.110000610351562,26.399999618530273
8.csv_Day8_9h30m,11.869999885559082,10.680000305175781,3.109999895095825,20.81999969482422,27.200000762939453,20.219999313354492,30.399999618530273,33.189998626708984,32.7599983215332
8.csv_Day8_10h00m,18.729999542236328,26.959999084472656,30.110000610351562,29.65999984741211,30.6299991607666,35.90999984741211,36.66999816894531,37.5099983215332,38.33000183105469
8.csv_Day8_10h30m,24.030000686645508,33.66999816894531,38.380001068115234,36.849998474121094,37.16999816894531,41.099998474121094,40.459999084472656,41.5,42.59000015258789
8.csv_Day8_11h00m,28.31999969482422,39.63999938964844,44.619998931884766,40.880001068115234,41.16999816894531,46.029998779296875,44.11000061035156,46.18000030517578,46.7599983215332
8.csv_Day8_11h30m,28.84000015258789,37.41999816894531,44.25,42.2400016784668,42.97999954223633,41.189998626708984,46.5,48.2400016784668,49.130001068115234
8.csv_Day8_12h00m,24.59000015258789,29.65999984741211,40.95000076293945,40.56999969482422,39.59000015258789,40.400001525878906,45.560001373291016,48.0099983215332,48.86000061035156
8.csv_Day8_12h30m,17.1299991607666,13.960000038146973,36.09000015258789,35.619998931884766,31.959999084472656,34.83000183105469,42.5,45.7599983215332,46.15999984741211
8.csv_Day8_13h00m,19.5,14.84000015258789,34.5099983215332,34.75,33.27000045776367,43.61000061035156,41.380001068115234,44.79999923706055,44.560001373291016
8.csv_Day8_13h30m,18.5,14.989999771118164,29.68000030517578,28.219999313354492,29.979999542236328,37.5099983215332,37.43000030517578,40.02000045776367,40.439998626708984
8.csv_Day8_14h00m,15.970000267028809,16.100000381469727,21.0,28.729999542236328,27.079999923706055,32.59000015258789,33.36000061035156,35.27000045776367,36.040000915527344
8.csv_Day8_14h30m,13.359999656677246,8.319999694824219,17.3799991607666,22.049999237060547,21.290000915527344,21.860000610351562,26.889999389648438,28.59000015258789,29.3700008392334
8.csv_Day8_15h00m,8.859999656677246,13.229999542236328,15.670000076293945,17.15999984741211,18.1200008392334,15.40999984741211,19.709999084472656,21.829999923706055,22.43000030517578
8.csv_Day8_15h30m,8.40999984741211,8.65999984741211,5.929999828338623,10.140000343322754,12.369999885559082,12.460000038146973,13.210000038146973,14.270000457763672,14.84000015258789
8.csv_Day8_16h00m,1.8200000524520874,3.7899999618530273,3.640000104904175,5.659999847412109,5.789999961853027,5.809999942779541,6.349999904632568,6.260000228881836,7.579999923706055
8.csv_Day8_16h30m,0.0,0.0,0.0,0.0,0.0,0.07999999821186066,0.9200000166893005,0.12999999523162842,0.7300000190734863
8.csv_Day8_17h00m,0.0,0.0,0.0,0.0,0.0,0.0,0.0,0.0,0.0
8.csv_Day8_17h30m,0.0,0.0,0.0,0.0,0.0,0.0,0.0,0.0,0.0
8.csv_Day8_18h00m,0.0,0.0,0.0,0.0,0.0,0.0,0.0,0.0,0.0
8.csv_Day8_18h30m,0.0,0.0,0.0,0.0,0.0,0.0,0.0,0.0,0.0
8.csv_Day8_19h00m,0.0,0.0,0.0,0.0,0.0,0.0,0.0,0.0,0.0
8.csv_Day8_19h30m,0.0,0.0,0.0,0.0,0.0,0.0,0.0,0.0,0.0
8.csv_Day8_20h00m,0.0,0.0,0.0,0.0,0.0,0.0,0.0,0.0,0.0
8.csv_Day8_20h30m,0.0,0.0,0.0,0.0,0.0,0.0,0.0,0.0,0.0
8.csv_Day8_21h00m,0.0,0.0,0.0,0.0,0.0,0.0,0.0,0.0,0.0
8.csv_Day8_21h30m,0.0,0.0,0.0,0.0,0.0,0.0,0.0,0.0,0.0
8.csv_Day8_22h00m,0.0,0.0,0.0,0.0,0.0,0.0,0.0,0.0,0.0
8.csv_Day8_22h30m,0.0,0.0,0.0,0.0,0.0,0.0,0.0,0.0,0.0
8.csv_Day8_23h00m,0.0,0.0,0.0,0.0,0.0,0.0,0.0,0.0,0.0
8.csv_Day8_23h30m,0.0,0.0,0.0,0.0,0.0,0.0,0.0,0.0,0.0
9.csv_Day7_0h00m,0.0,0.0,0.0,0.0,0.0,0.0,0.0,0.0,0.0
9.csv_Day7_0h30m,0.0,0.0,0.0,0.0,0.0,0.0,0.0,0.0,0.0
9.csv_Day7_1h00m,0.0,0.0,0.0,0.0,0.0,0.0,0.0,0.0,0.0
9.csv_Day7_1h30m,0.0,0.0,0.0,0.0,0.0,0.0,0.0,0.0,0.0
9.csv_Day7_2h00m,0.0,0.0,0.0,0.0,0.0,0.0,0.0,0.0,0.0
9.csv_Day7_2h30m,0.0,0.0,0.0,0.0,0.0,0.0,0.0,0.0,0.0
9.csv_Day7_3h00m,0.0,0.0,0.0,0.0,0.0,0.0,0.0,0.0,0.0
9.csv_Day7_3h30m,0.0,0.0,0.0,0.0,0.0,0.0,0.0,0.0,0.0
9.csv_Day7_4h00m,0.0,0.0,0.0,0.0,0.0,0.0,0.0,0.0,0.0
9.csv_Day7_4h30m,0.0,0.0,0.0,0.0,0.0,0.0,0.0,0.0,0.0
9.csv_Day7_5h00m,0.0,0.0,0.0,0.0,0.0,0.0,0.0,0.0,0.0
9.csv_Day7_5h30m,0.0,0.0,0.8199999928474426,1.149999976158142,1.6399999856948853,1.9600000381469727,1.6299999952316284,2.0199999809265137,2.0999999046325684
9.csv_Day7_6h00m,3.0199999809265137,3.559999942779541,5.909999847412109,9.25,8.630000114440918,8.369999885559082,7.900000095367432,8.760000228881836,9.09000015258789
9.csv_Day7_6h30m,6.289999961853027,8.109999656677246,14.119999885559082,13.489999771118164,16.0,16.989999771118164,16.65999984741211,17.149999618530273,17.950000762939453
9.csv_Day7_7h00m,3.2899999618530273,13.229999542236328,15.359999656677246,18.940000534057617,19.739999771118164,21.690000534057617,26.709999084472656,26.1200008392334,27.739999771118164
9.csv_Day7_7h30m,8.850000381469727,16.40999984741211,14.680000305175781,26.68000030517578,32.15999984741211,18.920000076293945,35.56999969482422,35.33000183105469,36.52000045776367
9.csv_Day7_8h00m,26.079999923706055,38.27000045776367,45.13999938964844,42.09000015258789,43.90999984741211,44.2400016784668,46.0,44.900001525878906,46.029998779296875
9.csv_Day7_8h30m,36.970001220703125,46.369998931884766,56.650001525878906,52.83000183105469,55.31999969482422,53.93000030517578,54.90999984741211,54.529998779296875,55.34000015258789
9.csv_Day7_9h00m,27.6299991607666,51.90999984741211,62.959999084472656,58.900001525878906,61.70000076293945,62.79999923706055,61.22999954223633,61.529998779296875,64.0199966430664
9.csv_Day7_9h30m,46.5,41.36000061035156,73.22000122070312,61.95000076293945,64.7699966430664,70.94999694824219,66.55999755859375,70.2699966430664,70.0
9.csv_Day7_10h00m,56.43000030517578,54.72999954223633,80.41999816894531,70.69999694824219,75.33999633789062,77.95999908447266,75.3499984741211,78.93000030517578,77.02999877929688
9.csv_Day7_10h30m,56.88999938964844,45.630001068115234,83.02999877929688,73.87000274658203,73.5999984741211,80.33999633789062,68.54000091552734,80.72000122070312,79.80000305175781
9.csv_Day7_11h00m,59.90999984741211,62.77000045776367,85.66000366210938,77.97000122070312,77.18000030517578,84.33999633789062,79.30999755859375,83.51000213623047,85.36000061035156
9.csv_Day7_11h30m,65.45999908447266,72.97000122070312,82.19000244140625,81.33999633789062,82.0999984741211,86.13999938964844,82.6500015258789,84.01000213623047,86.9800033569336
9.csv_Day7_12h00m,17.520000457763672,23.239999771118164,55.599998474121094,39.75,55.79999923706055,46.709999084472656,79.30000305175781,81.0999984741211,88.12999725341797
9.csv_Day7_12h30m,46.41999816894531,21.350000381469727,51.27000045776367,30.700000762939453,42.540000915527344,14.34000015258789,74.7300033569336,75.16000366210938,87.66000366210938
9.csv_Day7_13h00m,12.34000015258789,13.220000267028809,45.47999954223633,53.13999938964844,39.7400016784668,75.61000061035156,79.45999908447266,80.2699966430664,84.80000305175781
9.csv_Day7_13h30m,24.440000534057617,14.039999961853027,68.68000030517578,40.310001373291016,39.79999923706055,76.70999908447266,77.04000091552734,78.62000274658203,81.62999725341797
9.csv_Day7_14h00m,40.540000915527344,10.390000343322754,60.779998779296875,50.15999984741211,42.97999954223633,73.37999725341797,74.0999984741211,76.97000122070312,76.56999969482422
9.csv_Day7_14h30m,45.310001373291016,14.859999656677246,51.95000076293945,50.7599983215332,50.130001068115234,65.13999938964844,67.26000213623047,69.5,69.9800033569336
9.csv_Day7_15h00m,33.86000061035156,5.989999771118164,49.220001220703125,16.079999923706055,30.850000381469727,58.5099983215332,58.599998474121094,60.36000061035156,63.189998626708984
9.csv_Day7_15h30m,44.599998474121094,12.199999809265137,48.630001068115234,32.939998626708984,34.95000076293945,51.209999084472656,51.88999938964844,54.2599983215332,55.689998626708984
9.csv_Day7_16h00m,33.790000915527344,5.230000019073486,42.68000030517578,36.040000915527344,39.77000045776367,44.2400016784668,44.59000015258789,45.779998779296875,47.09000015258789
9.csv_Day7_16h30m,16.09000015258789,5.21999979019165,22.6299991607666,26.700000762939453,26.280000686645508,32.4900016784668,32.93000030517578,33.849998474121094,37.16999816894531
9.csv_Day7_17h00m,13.640000343322754,10.869999885559082,23.0,26.010000228881836,24.639999389648438,24.600000381469727,26.270000457763672,26.860000610351562,27.110000610351562
9.csv_Day7_17h30m,7.099999904632568,12.010000228881836,14.119999885559082,14.100000381469727,16.3700008392334,16.18000030517578,18.68000030517578,18.209999084472656,18.649999618530273
9.csv_Day7_18h00m,4.449999809265137,4.28000020980835,6.179999828338623,6.760000228881836,7.659999847412109,8.680000305175781,9.010000228881836,9.380000114440918,9.600000381469727
9.csv_Day7_18h30m,0.2199999988079071,0.28999999165534973,1.0,1.149999976158142,1.8600000143051147,1.8799999952316284,1.7899999618530273,2.7300000190734863,2.7699999809265137
9.csv_Day7_19h00m,0.0,0.0,0.0,0.0,0.0,0.0,0.0,0.0,0.0
9.csv_Day7_19h30m,0.0,0.0,0.0,0.0,0.0,0.0,0.0,0.0,0.0
9.csv_Day7_20h00m,0.0,0.0,0.0,0.0,0.0,0.0,0.0,0.0,0.0
9.csv_Day7_20h30m,0.0,0.0,0.0,0.0,0.0,0.0,0.0,0.0,0.0
9.csv_Day7_21h00m,0.0,0.0,0.0,0.0,0.0,0.0,0.0,0.0,0.0
9.csv_Day7_21h30m,0.0,0.0,0.0,0.0,0.0,0.0,0.0,0.0,0.0
9.csv_Day7_22h00m,0.0,0.0,0.0,0.0,0.0,0.0,0.0,0.0,0.0
9.csv_Day7_22h30m,0.0,0.0,0.0,0.0,0.0,0.0,0.0,0.0,0.0
9.csv_Day7_23h00m,0.0,0.0,0.0,0.0,0.0,0.0,0.0,0.0,0.0
9.csv_Day7_23h30m,0.0,0.0,0.0,0.0,0.0,0.0,0.0,0.0,0.0
9.csv_Day8_0h00m,0.0,0.0,0.0,0.0,0.0,0.0,0.0,0.0,0.0
9.csv_Day8_0h30m,0.0,0.0,0.0,0.0,0.0,0.0,0.0,0.0,0.0
9.csv_Day8_1h00m,0.0,0.0,0.0,0.0,0.0,0.0,0.0,0.0,0.0
9.csv_Day8_1h30m,0.0,0.0,0.0,0.0,0.0,0.0,0.0,0.0,0.0
9.csv_Day8_2h00m,0.0,0.0,0.0,0.0,0.0,0.0,0.0,0.0,0.0
9.csv_Day8_2h30m,0.0,0.0,0.0,0.0,0.0,0.0,0.0,0.0,0.0
9.csv_Day8_3h00m,0.0,0.0,0.0,0.0,0.0,0.0,0.0,0.0,0.0
9.csv_Day8_3h30m,0.0,0.0,0.0,0.0,0.0,0.0,0.0,0.0,0.0
9.csv_Day8_4h00m,0.0,0.0,0.0,0.0,0.0,0.0,0.0,0.0,0.0
9.csv_Day8_4h30m,0.0,0.0,0.0,0.0,0.0,0.0,0.0,0.0,0.0
9.csv_Day8_5h00m,0.0,0.0,0.0,0.0,0.0,0.0,0.0,0.0,0.0
9.csv_Day8_5h30m,0.0,0.0,0.6600000262260437,1.1399999856948853,1.6399999856948853,1.8700000047683716,1.7200000286102295,2.0,2.0999999046325684
9.csv_Day8_6h00m,3.069999933242798,3.5799999237060547,5.820000171661377,9.1899995803833,8.640000343322754,8.300000190734863,7.789999961853027,9.210000038146973,9.09000015258789
9.csv_Day8_6h30m,7.329999923706055,8.149999618530273,11.229999542236328,13.40999984741211,16.010000228881836,16.559999465942383,16.479999542236328,17.469999313354492,17.940000534057617
9.csv_Day8_7h00m,16.969999313354492,13.3100004196167,9.4399995803833,18.81999969482422,19.760000228881836,23.84000015258789,26.440000534057617,26.549999237060547,27.729999542236328
9.csv_Day8_7h30m,21.68000030517578,16.5,22.399999618530273,26.520000457763672,32.18000030517578,32.189998626708984,35.2400016784668,35.220001220703125,36.5099983215332
9.csv_Day8_8h00m,31.799999237060547,38.47999954223633,29.06999969482422,41.84000015258789,43.95000076293945,43.7599983215332,45.56999969482422,44.209999084472656,46.0099983215332
9.csv_Day8_8h30m,39.4900016784668,46.630001068115234,54.15999984741211,52.5099983215332,55.36000061035156,53.77000045776367,54.40999984741211,53.56999969482422,55.31999969482422
9.csv_Day8_9h00m,42.0099983215332,52.20000076293945,54.84000015258789,58.540000915527344,61.75,59.0,60.68000030517578,59.68000030517578,64.0
9.csv_Day8_9h30m,21.200000762939453,41.59000015258789,48.54999923706055,61.58000183105469,64.81999969482422,51.68000030517578,65.97000122070312,62.029998779296875,69.97000122070312
9.csv_Day8_10h00m,44.91999816894531,55.029998779296875,57.68000030517578,70.27999877929688,75.38999938964844,67.63999938964844,74.69000244140625,69.70999908447266,77.0
9.csv_Day8_10h30m,37.459999084472656,45.880001068115234,60.470001220703125,73.43000030517578,73.66000366210938,48.33000183105469,67.91999816894531,66.01000213623047,79.76000213623047
9.csv_Day8_11h00m,58.15999984741211,63.130001068115234,76.94000244140625,77.51000213623047,77.23999786376953,69.36000061035156,78.61000061035156,78.95999908447266,85.31999969482422
9.csv_Day8_11h30m,59.72999954223633,73.37999725341797,79.62999725341797,80.8499984741211,82.16000366210938,83.30000305175781,81.91999816894531,84.0,86.94000244140625
9.csv_Day8_12h00m,18.59000015258789,23.3799991607666,72.04000091552734,39.5099983215332,55.84000015258789,39.150001525878906,78.58999633789062,82.80999755859375,88.08999633789062
9.csv_Day8_12h30m,2.380000114440918,21.469999313354492,13.9399995803833,30.520000457763672,42.58000183105469,17.479999542236328,74.05000305175781,76.66000366210938,87.62000274658203
9.csv_Day8_13h00m,5.889999866485596,13.289999961853027,26.489999771118164,52.81999969482422,39.77000045776367,39.189998626708984,78.75,75.38999938964844,84.76000213623047
9.csv_Day8_13h30m,6.940000057220459,14.119999885559082,29.280000686645508,40.06999969482422,39.83000183105469,47.83000183105469,76.3499984741211,73.94000244140625,81.58999633789062
9.csv_Day8_14h00m,4.769999980926514,10.449999809265137,26.219999313354492,49.849998474121094,43.02000045776367,51.779998779296875,73.44000244140625,72.26000213623047,76.54000091552734
9.csv_Day8_14h30m,5.260000228881836,14.9399995803833,22.010000228881836,50.45000076293945,50.16999816894531,29.030000686645508,66.6500015258789,64.81999969482422,69.94999694824219
9.csv_Day8_15h00m,4.380000114440918,6.019999980926514,20.8799991607666,15.979999542236328,30.8700008392334,26.93000030517578,58.06999969482422,55.369998931884766,63.15999984741211
9.csv_Day8_15h30m,21.40999984741211,12.270000457763672,23.950000762939453,32.75,34.97999954223633,28.989999771118164,51.41999816894531,48.52000045776367,55.66999816894531
9.csv_Day8_16h00m,17.940000534057617,5.25,28.56999969482422,35.81999969482422,39.79999923706055,23.260000228881836,44.16999816894531,42.470001220703125,47.06999969482422
9.csv_Day8_16h30m,6.079999923706055,5.25,20.959999084472656,26.540000915527344,26.299999237060547,15.399999618530273,32.61000061035156,32.04999923706055,37.15999984741211
9.csv_Day8_17h00m,15.949999809265137,10.930000305175781,19.65999984741211,25.860000610351562,24.65999984741211,11.699999809265137,26.020000457763672,25.399999618530273,27.100000381469727
9.csv_Day8_17h30m,12.020000457763672,12.079999923706055,15.850000381469727,14.020000457763672,16.3799991607666,12.760000228881836,18.479999542236328,17.979999542236328,18.639999389648438
9.csv_Day8_18h00m,2.8399999141693115,4.300000190734863,5.820000171661377,6.71999979019165,7.670000076293945,8.140000343322754,8.899999618530273,8.899999618530273,9.600000381469727
9.csv_Day8_18h30m,0.5799999833106995,0.28999999165534973,0.7699999809265137,1.1399999856948853,1.8700000047683716,2.049999952316284,1.8899999856948853,2.319999933242798,2.7699999809265137
9.csv_Day8_19h00m,0.0,0.0,0.0,0.0,0.0,0.0,0.0,0.0,0.0
9.csv_Day8_19h30m,0.0,0.0,0.0,0.0,0.0,0.0,0.0,0.0,0.0
9.csv_Day8_20h00m,0.0,0.0,0.0,0.0,0.0,0.0,0.0,0.0,0.0
9.csv_Day8_20h30m,0.0,0.0,0.0,0.0,0.0,0.0,0.0,0.0,0.0
9.csv_Day8_21h00m,0.0,0.0,0.0,0.0,0.0,0.0,0.0,0.0,0.0
9.csv_Day8_21h30m,0.0,0.0,0.0,0.0,0.0,0.0,0.0,0.0,0.0
9.csv_Day8_22h00m,0.0,0.0,0.0,0.0,0.0,0.0,0.0,0.0,0.0
9.csv_Day8_22h30m,0.0,0.0,0.0,0.0,0.0,0.0,0.0,0.0,0.0
9.csv_Day8_23h00m,0.0,0.0,0.0,0.0,0.0,0.0,0.0,0.0,0.0
9.csv_Day8_23h30m,0.0,0.0,0.0,0.0,0.0,0.0,0.0,0.0,0.0
10.csv_Day7_0h00m,0.0,0.0,0.0,0.0,0.0,0.0,0.0,0.0,0.0
10.csv_Day7_0h30m,0.0,0.0,0.0,0.0,0.0,0.0,0.0,0.0,0.0
10.csv_Day7_1h00m,0.0,0.0,0.0,0.0,0.0,0.0,0.0,0.0,0.0
10.csv_Day7_1h30m,0.0,0.0,0.0,0.0,0.0,0.0,0.0,0.0,0.0
10.csv_Day7_2h00m,0.0,0.0,0.0,0.0,0.0,0.0,0.0,0.0,0.0
10.csv_Day7_2h30m,0.0,0.0,0.0,0.0,0.0,0.0,0.0,0.0,0.0
10.csv_Day7_3h00m,0.0,0.0,0.0,0.0,0.0,0.0,0.0,0.0,0.0
10.csv_Day7_3h30m,0.0,0.0,0.0,0.0,0.0,0.0,0.0,0.0,0.0
10.csv_Day7_4h00m,0.0,0.0,0.0,0.0,0.0,0.0,0.0,0.0,0.0
10.csv_Day7_4h30m,0.0,0.0,0.0,0.0,0.0,0.0,0.0,0.0,0.0
10.csv_Day7_5h00m,0.0,0.0,0.0,0.0,0.0,0.0,0.0,0.0,0.0
10.csv_Day7_5h30m,0.0,0.0,0.0,0.0,0.0,0.0,0.0,0.0,0.0
10.csv_Day7_6h00m,0.0,0.0,0.0,0.05000000074505806,1.3200000524520874,0.6899999976158142,0.6700000166893005,0.30000001192092896,0.009999999776482582
10.csv_Day7_6h30m,1.1100000143051147,2.390000104904175,5.110000133514404,5.96999979019165,5.340000152587891,7.349999904632568,6.949999809265137,7.380000114440918,7.820000171661377
10.csv_Day7_7h00m,9.489999771118164,5.889999866485596,13.390000343322754,13.880000114440918,16.540000915527344,15.510000228881836,15.3100004196167,17.729999542236328,15.949999809265137
10.csv_Day7_7h30m,15.229999542236328,6.590000152587891,23.860000610351562,24.219999313354492,27.139999389648438,25.65999984741211,25.360000610351562,29.719999313354492,25.93000030517578
10.csv_Day7_8h00m,26.639999389648438,24.399999618530273,33.90999984741211,32.029998779296875,33.0,34.20000076293945,35.290000915527344,38.040000915527344,36.16999816894531
10.csv_Day7_8h30m,33.779998779296875,30.530000686645508,41.59000015258789,39.79999923706055,42.16999816894531,43.720001220703125,44.959999084472656,45.63999938964844,45.939998626708984
10.csv_Day7_9h00m,40.90999984741211,43.880001068115234,44.790000915527344,52.02000045776367,50.95000076293945,52.970001220703125,54.97999954223633,55.52000045776367,55.13999938964844
10.csv_Day7_9h30m,43.09000015258789,48.720001220703125,52.720001220703125,60.63999938964844,58.880001068115234,60.34000015258789,61.11000061035156,60.97999954223633,62.599998474121094
10.csv_Day7_10h00m,56.11000061035156,53.9900016784668,63.36000061035156,70.36000061035156,60.470001220703125,66.12000274658203,70.72000122070312,66.18000030517578,69.31999969482422
10.csv_Day7_10h30m,53.84000015258789,50.63999938964844,64.01000213623047,74.73999786376953,68.66999816894531,72.0999984741211,73.45999908447266,70.79000091552734,74.29000091552734
10.csv_Day7_11h00m,55.369998931884766,53.40999984741211,58.970001220703125,73.91999816894531,72.22000122070312,77.5999984741211,78.33000183105469,77.18000030517578,78.81999969482422
10.csv_Day7_11h30m,65.87999725341797,63.7400016784668,71.04000091552734,77.75,74.1500015258789,80.88999938964844,81.44000244140625,80.41999816894531,82.05999755859375
10.csv_Day7_12h00m,64.5999984741211,62.34000015258789,67.30000305175781,76.27999877929688,73.52999877929688,77.12000274658203,82.18000030517578,80.45999908447266,81.7300033569336
10.csv_Day7_12h30m,58.810001373291016,39.16999816894531,77.79000091552734,70.52999877929688,64.56999969482422,63.29999923706055,74.0199966430664,71.06999969482422,78.12000274658203
10.csv_Day7_13h00m,47.52000045776367,32.15999984741211,71.5199966430664,70.20999908447266,63.36000061035156,66.44000244140625,71.80999755859375,70.86000061035156,80.98999786376953
10.csv_Day7_13h30m,44.38999938964844,30.8799991607666,66.55000305175781,62.040000915527344,60.779998779296875,63.40999984741211,70.12000274658203,65.80000305175781,72.73999786376953
10.csv_Day7_14h00m,48.66999816894531,39.02000045776367,63.54999923706055,54.25,60.15999984741211,71.68000030517578,69.86000061035156,67.80000305175781,72.66999816894531
10.csv_Day7_14h30m,41.310001373291016,32.130001068115234,46.900001525878906,50.470001220703125,50.11000061035156,63.220001220703125,61.189998626708984,59.220001220703125,65.05000305175781
10.csv_Day7_15h00m,23.190000534057617,21.6200008392334,19.239999771118164,32.939998626708984,19.75,50.43000030517578,48.150001525878906,46.15999984741211,52.66999816894531
10.csv_Day7_15h30m,23.3799991607666,10.569999694824219,29.270000457763672,10.020000457763672,22.209999084472656,36.06999969482422,36.04999923706055,35.90999984741211,40.900001525878906
10.csv_Day7_16h00m,12.800000190734863,3.1500000953674316,30.860000610351562,20.559999465942383,26.229999542236328,31.770000457763672,31.540000915527344,34.279998779296875,36.119998931884766
10.csv_Day7_16h30m,9.6899995803833,3.8499999046325684,26.510000228881836,19.829999923706055,22.65999984741211,25.799999237060547,24.5,26.84000015258789,27.780000686645508
10.csv_Day7_17h00m,0.9100000262260437,4.5,13.970000267028809,2.049999952316284,10.329999923706055,16.059999465942383,16.75,18.06999969482422,16.93000030517578
10.csv_Day7_17h30m,0.36000001430511475,2.069999933242798,3.9800000190734863,1.75,6.150000095367432,7.210000038146973,8.899999618530273,7.840000152587891,9.329999923706055
10.csv_Day7_18h00m,0.0,0.0,0.3400000035762787,1.6699999570846558,1.850000023841858,2.890000104904175,3.690000057220459,3.0,2.4100000858306885
10.csv_Day7_18h30m,0.0,0.0,0.0,0.0,0.0,0.0,0.0,0.0,0.0
10.csv_Day7_19h00m,0.0,0.0,0.0,0.0,0.0,0.0,0.0,0.0,0.0
10.csv_Day7_19h30m,0.0,0.0,0.0,0.0,0.0,0.0,0.0,0.0,0.0
10.csv_Day7_20h00m,0.0,0.0,0.0,0.0,0.0,0.0,0.0,0.0,0.0
10.csv_Day7_20h30m,0.0,0.0,0.0,0.0,0.0,0.0,0.0,0.0,0.0
10.csv_Day7_21h00m,0.0,0.0,0.0,0.0,0.0,0.0,0.0,0.0,0.0
10.csv_Day7_21h30m,0.0,0.0,0.0,0.0,0.0,0.0,0.0,0.0,0.0
10.csv_Day7_22h00m,0.0,0.0,0.0,0.0,0.0,0.0,0.0,0.0,0.0
10.csv_Day7_22h30m,0.0,0.0,0.0,0.0,0.0,0.0,0.0,0.0,0.0
10.csv_Day7_23h00m,0.0,0.0,0.0,0.0,0.0,0.0,0.0,0.0,0.0
10.csv_Day7_23h30m,0.0,0.0,0.0,0.0,0.0,0.0,0.0,0.0,0.0
10.csv_Day8_0h00m,0.0,0.0,0.0,0.0,0.0,0.0,0.0,0.0,0.0
10.csv_Day8_0h30m,0.0,0.0,0.0,0.0,0.0,0.0,0.0,0.0,0.0
10.csv_Day8_1h00m,0.0,0.0,0.0,0.0,0.0,0.0,0.0,0.0,0.0
10.csv_Day8_1h30m,0.0,0.0,0.0,0.0,0.0,0.0,0.0,0.0,0.0
10.csv_Day8_2h00m,0.0,0.0,0.0,0.0,0.0,0.0,0.0,0.0,0.0
10.csv_Day8_2h30m,0.0,0.0,0.0,0.0,0.0,0.0,0.0,0.0,0.0
10.csv_Day8_3h00m,0.0,0.0,0.0,0.0,0.0,0.0,0.0,0.0,0.0
10.csv_Day8_3h30m,0.0,0.0,0.0,0.0,0.0,0.0,0.0,0.0,0.0
10.csv_Day8_4h00m,0.0,0.0,0.0,0.0,0.0,0.0,0.0,0.0,0.0
10.csv_Day8_4h30m,0.0,0.0,0.0,0.0,0.0,0.0,0.0,0.0,0.0
10.csv_Day8_5h00m,0.0,0.0,0.0,0.0,0.0,0.0,0.0,0.0,0.0
10.csv_Day8_5h30m,0.0,0.0,0.0,0.0,0.0,0.0,0.0,0.0,0.0
10.csv_Day8_6h00m,0.0,0.0,0.0,0.03999999910593033,1.3200000524520874,0.6600000262260437,0.7099999785423279,0.009999999776482582,0.009999999776482582
10.csv_Day8_6h30m,1.2699999809265137,2.4000000953674316,2.359999895095825,5.940000057220459,5.340000152587891,5.809999942779541,6.849999904632568,7.980000019073486,7.820000171661377
10.csv_Day8_7h00m,4.079999923706055,5.929999828338623,10.949999809265137,13.789999961853027,16.549999237060547,14.789999961853027,15.140000343322754,15.65999984741211,15.9399995803833
10.csv_Day8_7h30m,7.269999980926514,6.619999885559082,5.0,24.06999969482422,27.15999984741211,25.0,25.110000610351562,25.90999984741211,25.90999984741211
10.csv_Day8_8h00m,12.010000228881836,24.540000915527344,6.679999828338623,31.84000015258789,33.029998779296875,33.97999954223633,34.959999084472656,33.66999816894531,36.15999984741211
10.csv_Day8_8h30m,27.399999618530273,30.700000762939453,7.489999771118164,39.560001373291016,42.20000076293945,42.79999923706055,44.54999923706055,43.4900016784668,45.91999816894531
10.csv_Day8_9h00m,36.59000015258789,44.130001068115234,41.41999816894531,51.709999084472656,50.9900016784668,52.900001525878906,54.47999954223633,55.25,55.11000061035156
10.csv_Day8_9h30m,48.380001068115234,48.9900016784668,47.939998626708984,60.279998779296875,58.93000030517578,60.56999969482422,60.560001373291016,61.779998779296875,62.58000183105469
10.csv_Day8_10h00m,54.25,54.29999923706055,46.88999938964844,69.93000030517578,60.52000045776367,66.11000061035156,70.08000183105469,66.25,69.29000091552734
10.csv_Day8_10h30m,51.439998626708984,50.91999816894531,52.33000183105469,74.29000091552734,68.72000122070312,71.95999908447266,72.80000305175781,70.2699966430664,74.26000213623047
10.csv_Day8_11h00m,52.099998474121094,53.709999084472656,61.619998931884766,73.47000122070312,72.27999877929688,52.56999969482422,77.63999938964844,72.30999755859375,78.79000091552734
10.csv_Day8_11h30m,63.849998474121094,64.0999984741211,61.88999938964844,77.27999877929688,74.19999694824219,74.72000122070312,80.70999908447266,80.18000030517578,82.0199966430664
10.csv_Day8_12h00m,62.61000061035156,62.689998626708984,73.9800033569336,75.81999969482422,73.58999633789062,58.20000076293945,81.44999694824219,79.4000015258789,81.69999694824219
10.csv_Day8_12h30m,56.40999984741211,39.38999938964844,63.5099983215332,70.11000061035156,64.62000274658203,35.27000045776367,73.36000061035156,68.48999786376953,78.08999633789062
10.csv_Day8_13h00m,47.810001373291016,32.34000015258789,41.90999984741211,69.77999877929688,63.40999984741211,36.61000061035156,74.56999969482422,67.51000213623047,80.94999694824219
10.csv_Day8_13h30m,42.4900016784668,31.059999465942383,58.22999954223633,61.66999816894531,60.83000183105469,28.709999084472656,72.30000305175781,61.150001525878906,72.70999908447266
10.csv_Day8_14h00m,40.849998474121094,39.2400016784668,63.5099983215332,53.91999816894531,60.209999084472656,68.55000305175781,69.2300033569336,64.30000305175781,72.63999938964844
10.csv_Day8_14h30m,38.689998626708984,32.310001373291016,47.58000183105469,50.15999984741211,50.13999938964844,62.880001068115234,60.63999938964844,56.220001220703125,65.0199966430664
10.csv_Day8_15h00m,27.56999969482422,21.739999771118164,37.95000076293945,32.7400016784668,19.760000228881836,48.72999954223633,47.720001220703125,41.06999969482422,52.650001525878906
10.csv_Day8_15h30m,26.25,10.630000114440918,12.550000190734863,9.960000038146973,22.229999542236328,39.38999938964844,37.08000183105469,29.079999923706055,40.880001068115234
10.csv_Day8_16h00m,1.7899999618530273,3.1700000762939453,2.9000000953674316,20.440000534057617,26.25,11.9399995803833,32.79999923706055,30.610000610351562,36.099998474121094
10.csv_Day8_16h30m,0.8100000023841858,3.869999885559082,2.559999942779541,19.709999084472656,22.670000076293945,8.039999961853027,25.34000015258789,23.93000030517578,27.770000457763672
10.csv_Day8_17h00m,0.7799999713897705,4.53000020980835,1.6200000047683716,2.0399999618530273,10.34000015258789,3.4800000190734863,17.229999542236328,10.539999961853027,16.920000076293945
10.csv_Day8_17h30m,0.6600000262260437,2.0799999237060547,2.140000104904175,1.7400000095367432,6.150000095367432,2.380000114440918,9.050000190734863,5.230000019073486,9.329999923706055
10.csv_Day8_18h00m,0.05999999865889549,0.0,0.3199999928474426,1.659999966621399,1.850000023841858,2.119999885559082,3.7200000286102295,3.4700000286102295,2.4100000858306885
10.csv_Day8_18h30m,0.0,0.0,0.0,0.0,0.0,0.0,0.0,0.0,0.0
10.csv_Day8_19h00m,0.0,0.0,0.0,0.0,0.0,0.0,0.0,0.0,0.0
10.csv_Day8_19h30m,0.0,0.0,0.0,0.0,0.0,0.0,0.0,0.0,0.0
10.csv_Day8_20h00m,0.0,0.0,0.0,0.0,0.0,0.0,0.0,0.0,0.0
10.csv_Day8_20h30m,0.0,0.0,0.0,0.0,0.0,0.0,0.0,0.0,0.0
10.csv_Day8_21h00m,0.0,0.0,0.0,0.0,0.0,0.0,0.0,0.0,0.0
10.csv_Day8_21h30m,0.0,0.0,0.0,0.0,0.0,0.0,0.0,0.0,0.0
10.csv_Day8_22h00m,0.0,0.0,0.0,0.0,0.0,0.0,0.0,0.0,0.0
10.csv_Day8_22h30m,0.0,0.0,0.0,0.0,0.0,0.0,0.0,0.0,0.0
10.csv_Day8_23h00m,0.0,0.0,0.0,0.0,0.0,0.0,0.0,0.0,0.0
10.csv_Day8_23h30m,0.0,0.0,0.0,0.0,0.0,0.0,0.0,0.0,0.0
11.csv_Day7_0h00m,0.0,0.0,0.0,0.0,0.0,0.0,0.0,0.0,0.0
11.csv_Day7_0h30m,0.0,0.0,0.0,0.0,0.0,0.0,0.0,0.0,0.0
11.csv_Day7_1h00m,0.0,0.0,0.0,0.0,0.0,0.0,0.0,0.0,0.0
11.csv_Day7_1h30m,0.0,0.0,0.0,0.0,0.0,0.0,0.0,0.0,0.0
11.csv_Day7_2h00m,0.0,0.0,0.0,0.0,0.0,0.0,0.0,0.0,0.0
11.csv_Day7_2h30m,0.0,0.0,0.0,0.0,0.0,0.0,0.0,0.0,0.0
11.csv_Day7_3h00m,0.0,0.0,0.0,0.0,0.0,0.0,0.0,0.0,0.0
11.csv_Day7_3h30m,0.0,0.0,0.0,0.0,0.0,0.0,0.0,0.0,0.0
11.csv_Day7_4h00m,0.0,0.0,0.0,0.0,0.0,0.0,0.0,0.0,0.0
11.csv_Day7_4h30m,0.0,0.0,0.0,0.0,0.0,0.0,0.0,0.0,0.0
11.csv_Day7_5h00m,0.7799999713897705,1.309999942779541,2.690000057220459,1.940000057220459,2.680000066757202,2.5999999046325684,2.5,2.4100000858306885,2.869999885559082
11.csv_Day7_5h30m,3.8499999046325684,5.130000114440918,6.920000076293945,9.220000267028809,7.75,8.1899995803833,8.329999923706055,8.510000228881836,9.279999732971191
11.csv_Day7_6h00m,15.34000015258789,13.579999923706055,13.979999542236328,13.890000343322754,15.630000114440918,16.040000915527344,17.219999313354492,17.270000457763672,17.31999969482422
11.csv_Day7_6h30m,21.389999389648438,19.530000686645508,24.510000228881836,19.81999969482422,24.040000915527344,25.139999389648438,26.389999389648438,27.030000686645508,26.780000686645508
11.csv_Day7_7h00m,30.8799991607666,25.690000534057617,33.65999984741211,26.540000915527344,29.420000076293945,34.0,35.25,36.22999954223633,36.15999984741211
11.csv_Day7_7h30m,41.33000183105469,34.70000076293945,43.56999969482422,39.880001068115234,39.70000076293945,43.970001220703125,45.02000045776367,45.77000045776367,45.86000061035156
11.csv_Day7_8h00m,49.959999084472656,42.93000030517578,51.349998474121094,50.439998626708984,50.310001373291016,53.13999938964844,53.88999938964844,54.209999084472656,54.86000061035156
11.csv_Day7_8h30m,59.66999816894531,51.880001068115234,61.150001525878906,61.720001220703125,58.47999954223633,62.40999984741211,62.58000183105469,63.83000183105469,63.880001068115234
11.csv_Day7_9h00m,51.25,53.91999816894531,67.37999725341797,71.0999984741211,67.11000061035156,70.58999633789062,70.52999877929688,72.05999755859375,71.69000244140625
11.csv_Day7_9h30m,46.43000030517578,62.83000183105469,73.51000213623047,77.05000305175781,66.9000015258789,76.6500015258789,76.6500015258789,78.77999877929688,78.87999725341797
11.csv_Day7_10h00m,42.5,58.029998779296875,76.66000366210938,77.69000244140625,73.83000183105469,83.94000244140625,84.94000244140625,83.13999938964844,85.08999633789062
11.csv_Day7_10h30m,45.68000030517578,67.16999816894531,82.41999816894531,81.18000030517578,83.55999755859375,88.55000305175781,90.54000091552734,87.83000183105469,90.4800033569336
11.csv_Day7_11h00m,41.369998931884766,60.7400016784668,83.68000030517578,82.80999755859375,87.91999816894531,92.61000061035156,93.06999969482422,89.43000030517578,92.87999725341797
11.csv_Day7_11h30m,49.31999969482422,65.62000274658203,85.25,87.80000305175781,87.86000061035156,93.18000030517578,93.16000366210938,92.63999938964844,94.48999786376953
11.csv_Day7_12h00m,56.34000015258789,57.84000015258789,86.52999877929688,86.94999694824219,89.8499984741211,94.68000030517578,95.22000122070312,92.27999877929688,95.94000244140625
11.csv_Day7_12h30m,60.65999984741211,25.25,88.12000274658203,85.30999755859375,88.94999694824219,93.75,97.27999877929688,92.58999633789062,96.55000305175781
11.csv_Day7_13h00m,55.33000183105469,66.37999725341797,87.5,85.58000183105469,87.12999725341797,87.33999633789062,94.20999908447266,91.75,93.20999908447266
11.csv_Day7_13h30m,54.099998474121094,72.5,85.83000183105469,83.12000274658203,81.31999969482422,90.7699966430664,91.11000061035156,93.69999694824219,91.08999633789062
11.csv_Day7_14h00m,54.459999084472656,68.72000122070312,81.66000366210938,76.5999984741211,74.76000213623047,85.41000366210938,85.02999877929688,87.31999969482422,85.33000183105469
11.csv_Day7_14h30m,43.5,55.13999938964844,74.58999633789062,71.38999938964844,74.44999694824219,78.76000213623047,78.51000213623047,81.05999755859375,79.9000015258789
11.csv_Day7_15h00m,43.75,52.380001068115234,68.2699966430664,64.5999984741211,68.66999816894531,70.5199966430664,71.55000305175781,73.58999633789062,72.88999938964844
11.csv_Day7_15h30m,28.729999542236328,43.13999938964844,59.95000076293945,54.560001373291016,61.4900016784668,58.68000030517578,64.77999877929688,64.33000183105469,64.66999816894531
11.csv_Day7_16h00m,35.38999938964844,30.010000228881836,49.68000030517578,43.27000045776367,50.790000915527344,51.34000015258789,55.630001068115234,55.40999984741211,56.2400016784668
11.csv_Day7_16h30m,33.86000061035156,22.09000015258789,42.189998626708984,36.70000076293945,39.47999954223633,44.380001068115234,45.91999816894531,47.04999923706055,47.13999938964844
11.csv_Day7_17h00m,23.8700008392334,14.220000267028809,33.11000061035156,26.260000228881836,20.309999465942383,36.720001220703125,36.970001220703125,38.38999938964844,37.77000045776367
11.csv_Day7_17h30m,18.989999771118164,7.840000152587891,21.989999771118164,16.049999237060547,21.149999618530273,27.56999969482422,27.600000381469727,28.860000610351562,28.549999237060547
11.csv_Day7_18h00m,10.649999618530273,8.510000228881836,5.989999771118164,11.9399995803833,17.010000228881836,18.549999237060547,19.31999969482422,19.479999542236328,20.149999618530273
11.csv_Day7_18h30m,3.0799999237060547,8.100000381469727,5.460000038146973,4.059999942779541,10.880000114440918,9.850000381469727,10.899999618530273,11.75,11.569999694824219
11.csv_Day7_19h00m,0.17000000178813934,1.2699999809265137,1.1299999952316284,1.399999976158142,3.490000009536743,3.119999885559082,4.019999980926514,3.4600000381469727,4.0
11.csv_Day7_19h30m,0.0,0.0,0.0,0.0,0.0,0.0,0.0,0.0,0.0
11.csv_Day7_20h00m,0.0,0.0,0.0,0.0,0.0,0.0,0.0,0.0,0.0
11.csv_Day7_20h30m,0.0,0.0,0.0,0.0,0.0,0.0,0.0,0.0,0.0
11.csv_Day7_21h00m,0.0,0.0,0.0,0.0,0.0,0.0,0.0,0.0,0.0
11.csv_Day7_21h30m,0.0,0.0,0.0,0.0,0.0,0.0,0.0,0.0,0.0
11.csv_Day7_22h00m,0.0,0.0,0.0,0.0,0.0,0.0,0.0,0.0,0.0
11.csv_Day7_22h30m,0.0,0.0,0.0,0.0,0.0,0.0,0.0,0.0,0.0
11.csv_Day7_23h00m,0.0,0.0,0.0,0.0,0.0,0.0,0.0,0.0,0.0
11.csv_Day7_23h30m,0.0,0.0,0.0,0.0,0.0,0.0,0.0,0.0,0.0
11.csv_Day8_0h00m,0.0,0.0,0.0,0.0,0.0,0.0,0.0,0.0,0.0
11.csv_Day8_0h30m,0.0,0.0,0.0,0.0,0.0,0.0,0.0,0.0,0.0
11.csv_Day8_1h00m,0.0,0.0,0.0,0.0,0.0,0.0,0.0,0.0,0.0
11.csv_Day8_1h30m,0.0,0.0,0.0,0.0,0.0,0.0,0.0,0.0,0.0
11.csv_Day8_2h00m,0.0,0.0,0.0,0.0,0.0,0.0,0.0,0.0,0.0
11.csv_Day8_2h30m,0.0,0.0,0.0,0.0,0.0,0.0,0.0,0.0,0.0
11.csv_Day8_3h00m,0.0,0.0,0.0,0.0,0.0,0.0,0.0,0.0,0.0
11.csv_Day8_3h30m,0.0,0.0,0.0,0.0,0.0,0.0,0.0,0.0,0.0
11.csv_Day8_4h00m,0.0,0.0,0.0,0.0,0.0,0.0,0.0,0.0,0.0
11.csv_Day8_4h30m,0.0,0.0,0.0,0.0,0.0,0.0,0.0,0.0,0.0
11.csv_Day8_5h00m,0.7300000190734863,1.3200000524520874,2.490000009536743,1.9299999475479126,2.680000066757202,2.569999933242798,2.4700000286102295,2.559999942779541,2.869999885559082
11.csv_Day8_5h30m,4.320000171661377,5.159999847412109,6.429999828338623,9.170000076293945,7.760000228881836,8.0600004196167,8.220000267028809,8.649999618530273,9.279999732971191
11.csv_Day8_6h00m,13.59000015258789,13.649999618530273,13.550000190734863,13.800000190734863,15.640000343322754,15.630000114440918,17.040000915527344,17.18000030517578,17.309999465942383
11.csv_Day8_6h30m,19.229999542236328,19.639999389648438,14.380000114440918,19.700000762939453,24.059999465942383,23.899999618530273,26.1299991607666,26.309999465942383,26.770000457763672
11.csv_Day8_7h00m,25.43000030517578,25.84000015258789,18.829999923706055,26.3799991607666,29.450000762939453,33.7599983215332,34.90999984741211,35.43000030517578,36.150001525878906
11.csv_Day8_7h30m,32.900001525878906,34.88999938964844,26.6299991607666,39.650001525878906,39.72999954223633,43.869998931884766,44.61000061035156,44.900001525878906,45.84000015258789
11.csv_Day8_8h00m,41.22999954223633,43.16999816894531,37.02000045776367,50.13999938964844,50.34000015258789,53.79999923706055,53.38999938964844,53.9900016784668,54.83000183105469
11.csv_Day8_8h30m,36.709999084472656,52.16999816894531,54.58000183105469,61.34000015258789,58.529998779296875,62.189998626708984,62.0099983215332,63.540000915527344,63.849998474121094
11.csv_Day8_9h00m,33.93000030517578,54.220001220703125,61.09000015258789,70.66999816894531,67.16000366210938,70.30999755859375,69.9000015258789,71.76000213623047,71.66000366210938
11.csv_Day8_9h30m,30.200000762939453,63.189998626708984,68.86000061035156,76.58999633789062,66.94999694824219,76.62999725341797,75.97000122070312,78.58999633789062,78.8499984741211
11.csv_Day8_10h00m,36.459999084472656,58.349998474121094,73.93000030517578,77.22000122070312,73.88999938964844,83.55999755859375,84.19000244140625,85.0999984741211,85.05999755859375
11.csv_Day8_10h30m,37.599998474121094,67.55000305175781,79.5,80.69000244140625,83.62000274658203,86.95999908447266,89.75,89.08999633789062,90.44000244140625
11.csv_Day8_11h00m,36.779998779296875,61.08000183105469,81.0999984741211,82.30999755859375,87.98999786376953,89.75,92.25,91.08999633789062,92.83999633789062
11.csv_Day8_11h30m,46.45000076293945,65.98999786376953,84.0999984741211,87.2699966430664,87.93000030517578,92.91999816894531,92.3499984741211,93.9800033569336,94.44999694824219
11.csv_Day8_12h00m,40.95000076293945,58.16999816894531,84.25,86.41999816894531,89.91999816894531,92.47000122070312,94.38999938964844,93.72000122070312,95.88999938964844
11.csv_Day8_12h30m,40.08000183105469,25.389999389648438,84.20999908447266,84.80000305175781,89.0199966430664,93.54000091552734,96.44000244140625,94.87999725341797,96.51000213623047
11.csv_Day8_13h00m,52.0099983215332,66.75,85.0199966430664,85.05999755859375,87.19000244140625,90.5199966430664,93.38999938964844,92.7699966430664,93.16999816894531
11.csv_Day8_13h30m,57.56999969482422,72.91000366210938,81.6500015258789,82.62000274658203,81.37999725341797,90.08999633789062,90.30999755859375,91.87999725341797,91.05000305175781
11.csv_Day8_14h00m,48.540000915527344,69.0999984741211,77.20999908447266,76.13999938964844,74.81999969482422,83.61000061035156,84.27999877929688,86.0,85.29000091552734
11.csv_Day8_14h30m,39.869998931884766,55.45000076293945,69.16999816894531,70.95999908447266,74.51000213623047,79.0199966430664,77.80999755859375,80.63999938964844,79.86000061035156
11.csv_Day8_15h00m,36.5099983215332,52.66999816894531,63.63999938964844,64.20999908447266,68.72000122070312,71.70999908447266,70.91000366210938,73.94000244140625,72.8499984741211
11.csv_Day8_15h30m,8.600000381469727,43.380001068115234,40.040000915527344,54.22999954223633,61.529998779296875,59.720001220703125,64.19999694824219,62.4900016784668,64.6500015258789
11.csv_Day8_16h00m,13.199999809265137,30.18000030517578,27.030000686645508,43.0099983215332,50.83000183105469,51.70000076293945,55.130001068115234,54.40999984741211,56.220001220703125
11.csv_Day8_16h30m,7.559999942779541,22.219999313354492,17.93000030517578,36.47999954223633,39.5099983215332,44.11000061035156,45.4900016784668,46.34000015258789,47.119998931884766
11.csv_Day8_17h00m,1.7200000286102295,14.300000190734863,17.65999984741211,26.100000381469727,20.31999969482422,36.369998931884766,36.619998931884766,37.91999816894531,37.75
11.csv_Day8_17h30m,0.9399999976158142,7.889999866485596,15.069999694824219,15.949999809265137,21.170000076293945,27.170000076293945,27.329999923706055,28.8799991607666,28.540000915527344
11.csv_Day8_18h00m,0.6499999761581421,8.5600004196167,10.989999771118164,11.869999885559082,17.030000686645508,18.020000457763672,19.1200008392334,20.020000457763672,20.139999389648438
11.csv_Day8_18h30m,0.5899999737739563,8.149999618530273,1.5199999809265137,4.039999961853027,10.890000343322754,9.489999771118164,10.760000228881836,12.130000114440918,11.569999694824219
11.csv_Day8_19h00m,0.30000001192092896,1.2699999809265137,0.8600000143051147,1.3899999856948853,3.490000009536743,3.009999990463257,3.9800000190734863,3.2899999618530273,4.0
11.csv_Day8_19h30m,0.0,0.0,0.0,0.0,0.0,0.0,0.0,0.0,0.0
11.csv_Day8_20h00m,0.0,0.0,0.0,0.0,0.0,0.0,0.0,0.0,0.0
11.csv_Day8_20h30m,0.0,0.0,0.0,0.0,0.0,0.0,0.0,0.0,0.0
11.csv_Day8_21h00m,0.0,0.0,0.0,0.0,0.0,0.0,0.0,0.0,0.0
11.csv_Day8_21h30m,0.0,0.0,0.0,0.0,0.0,0.0,0.0,0.0,0.0
11.csv_Day8_22h00m,0.0,0.0,0.0,0.0,0.0,0.0,0.0,0.0,0.0
11.csv_Day8_22h30m,0.0,0.0,0.0,0.0,0.0,0.0,0.0,0.0,0.0
11.csv_Day8_23h00m,0.0,0.0,0.0,0.0,0.0,0.0,0.0,0.0,0.0
11.csv_Day8_23h30m,0.0,0.0,0.0,0.0,0.0,0.0,0.0,0.0,0.0
12.csv_Day7_0h00m,0.0,0.0,0.0,0.0,0.0,0.0,0.0,0.0,0.0
12.csv_Day7_0h30m,0.0,0.0,0.0,0.0,0.0,0.0,0.0,0.0,0.0
12.csv_Day7_1h00m,0.0,0.0,0.0,0.0,0.0,0.0,0.0,0.0,0.0
12.csv_Day7_1h30m,0.0,0.0,0.0,0.0,0.0,0.0,0.0,0.0,0.0
12.csv_Day7_2h00m,0.0,0.0,0.0,0.0,0.0,0.0,0.0,0.0,0.0
12.csv_Day7_2h30m,0.0,0.0,0.0,0.0,0.0,0.0,0.0,0.0,0.0
12.csv_Day7_3h00m,0.0,0.0,0.0,0.0,0.0,0.0,0.0,0.0,0.0
12.csv_Day7_3h30m,0.0,0.0,0.0,0.0,0.0,0.0,0.0,0.0,0.0
12.csv_Day7_4h00m,0.0,0.0,0.0,0.0,0.0,0.0,0.0,0.0,0.0
12.csv_Day7_4h30m,0.0,0.0,0.0,0.0,0.0,0.0,0.0,0.0,0.0
12.csv_Day7_5h00m,0.0,0.0,0.0,0.0,0.0,0.0,0.0,0.0,0.0
12.csv_Day7_5h30m,0.0,0.0,0.0,0.0,0.0,0.0,0.0,0.0,0.0
12.csv_Day7_6h00m,0.0,0.0,0.0,0.0,0.0,0.0,0.0,0.0,0.0
12.csv_Day7_6h30m,0.0,0.0,0.0,0.0,0.11999999731779099,0.33000001311302185,1.0199999809265137,1.3200000524520874,1.4700000286102295
12.csv_Day7_7h00m,5.150000095367432,2.619999885559082,5.170000076293945,7.260000228881836,8.4399995803833,9.15999984741211,8.829999923706055,8.680000305175781,9.859999656677246
12.csv_Day7_7h30m,13.1899995803833,3.680000066757202,18.360000610351562,18.190000534057617,18.06999969482422,17.540000915527344,18.020000457763672,18.709999084472656,19.43000030517578
12.csv_Day7_8h00m,20.520000457763672,7.769999980926514,26.1200008392334,24.030000686645508,24.440000534057617,27.1299991607666,27.719999313354492,28.469999313354492,29.729999542236328
12.csv_Day7_8h30m,29.110000610351562,23.079999923706055,34.65999984741211,33.68000030517578,36.5099983215332,35.63999938964844,39.959999084472656,39.310001373291016,39.83000183105469
12.csv_Day7_9h00m,35.36000061035156,27.75,43.45000076293945,43.31999969482422,44.27000045776367,44.779998779296875,49.29999923706055,47.59000015258789,49.189998626708984
12.csv_Day7_9h30m,40.2599983215332,30.09000015258789,50.9900016784668,49.75,50.70000076293945,52.150001525878906,56.880001068115234,55.599998474121094,57.40999984741211
12.csv_Day7_10h00m,38.970001220703125,30.829999923706055,57.04999923706055,40.130001068115234,47.34000015258789,50.689998626708984,62.68000030517578,62.54999923706055,63.880001068115234
12.csv_Day7_10h30m,47.470001220703125,38.45000076293945,61.68000030517578,49.11000061035156,54.81999969482422,46.33000183105469,68.54000091552734,68.62999725341797,69.5
12.csv_Day7_11h00m,50.7400016784668,39.63999938964844,65.9000015258789,54.029998779296875,58.59000015258789,50.86000061035156,72.91999816894531,72.7300033569336,73.94999694824219
12.csv_Day7_11h30m,56.029998779296875,44.150001525878906,69.05000305175781,58.5,64.08000183105469,55.40999984741211,76.30999755859375,75.5999984741211,76.94999694824219
12.csv_Day7_12h00m,58.189998626708984,50.84000015258789,70.19000244140625,63.810001373291016,66.37999725341797,63.459999084472656,77.33000183105469,77.48999786376953,78.30000305175781
12.csv_Day7_12h30m,59.459999084472656,55.720001220703125,69.62000274658203,68.31999969482422,68.1500015258789,76.6500015258789,76.2699966430664,77.51000213623047,77.94000244140625
12.csv_Day7_13h00m,58.150001525878906,54.16999816894531,67.83999633789062,66.51000213623047,67.3499984741211,73.23999786376953,74.83000183105469,75.8499984741211,76.16000366210938
12.csv_Day7_13h30m,52.65999984741211,49.79999923706055,60.619998931884766,61.970001220703125,64.25,56.31999969482422,71.9000015258789,73.30999755859375,72.51000213623047
12.csv_Day7_14h00m,50.11000061035156,47.599998474121094,60.369998931884766,60.45000076293945,61.65999984741211,62.2599983215332,66.31999969482422,68.88999938964844,67.69999694824219
12.csv_Day7_14h30m,45.290000915527344,41.779998779296875,56.59000015258789,57.790000915527344,56.86000061035156,59.349998474121094,60.47999954223633,61.790000915527344,61.470001220703125
12.csv_Day7_15h00m,38.29999923706055,33.709999084472656,47.5099983215332,49.58000183105469,50.59000015258789,50.66999816894531,52.77000045776367,54.0,53.83000183105469
12.csv_Day7_15h30m,30.860000610351562,25.860000610351562,22.479999542236328,40.619998931884766,41.56999969482422,43.70000076293945,44.41999816894531,47.040000915527344,45.7599983215332
12.csv_Day7_16h00m,22.760000228881836,23.200000762939453,12.460000038146973,29.760000228881836,29.209999084472656,33.04999923706055,34.529998779296875,36.59000015258789,35.869998931884766
12.csv_Day7_16h30m,17.1200008392334,13.869999885559082,11.550000190734863,20.969999313354492,20.139999389648438,22.780000686645508,24.639999389648438,25.520000457763672,25.549999237060547
12.csv_Day7_17h00m,5.940000057220459,6.21999979019165,10.949999809265137,14.3100004196167,14.829999923706055,11.960000038146973,14.609999656677246,16.100000381469727,16.56999969482422
12.csv_Day7_17h30m,0.7300000190734863,1.659999966621399,3.2699999809265137,4.630000114440918,5.269999980926514,5.599999904632568,6.449999809265137,7.110000133514404,7.260000228881836
12.csv_Day7_18h00m,0.0,0.0,0.0,0.0,0.0,0.0,0.0,0.28999999165534973,0.0
12.csv_Day7_18h30m,0.0,0.0,0.0,0.0,0.0,0.0,0.0,0.0,0.0
12.csv_Day7_19h00m,0.0,0.0,0.0,0.0,0.0,0.0,0.0,0.0,0.0
12.csv_Day7_19h30m,0.0,0.0,0.0,0.0,0.0,0.0,0.0,0.0,0.0
12.csv_Day7_20h00m,0.0,0.0,0.0,0.0,0.0,0.0,0.0,0.0,0.0
12.csv_Day7_20h30m,0.0,0.0,0.0,0.0,0.0,0.0,0.0,0.0,0.0
12.csv_Day7_21h00m,0.0,0.0,0.0,0.0,0.0,0.0,0.0,0.0,0.0
12.csv_Day7_21h30m,0.0,0.0,0.0,0.0,0.0,0.0,0.0,0.0,0.0
12.csv_Day7_22h00m,0.0,0.0,0.0,0.0,0.0,0.0,0.0,0.0,0.0
12.csv_Day7_22h30m,0.0,0.0,0.0,0.0,0.0,0.0,0.0,0.0,0.0
12.csv_Day7_23h00m,0.0,0.0,0.0,0.0,0.0,0.0,0.0,0.0,0.0
12.csv_Day7_23h30m,0.0,0.0,0.0,0.0,0.0,0.0,0.0,0.0,0.0
12.csv_Day8_0h00m,0.0,0.0,0.0,0.0,0.0,0.0,0.0,0.0,0.0
12.csv_Day8_0h30m,0.0,0.0,0.0,0.0,0.0,0.0,0.0,0.0,0.0
12.csv_Day8_1h00m,0.0,0.0,0.0,0.0,0.0,0.0,0.0,0.0,0.0
12.csv_Day8_1h30m,0.0,0.0,0.0,0.0,0.0,0.0,0.0,0.0,0.0
12.csv_Day8_2h00m,0.0,0.0,0.0,0.0,0.0,0.0,0.0,0.0,0.0
12.csv_Day8_2h30m,0.0,0.0,0.0,0.0,0.0,0.0,0.0,0.0,0.0
12.csv_Day8_3h00m,0.0,0.0,0.0,0.0,0.0,0.0,0.0,0.0,0.0
12.csv_Day8_3h30m,0.0,0.0,0.0,0.0,0.0,0.0,0.0,0.0,0.0
12.csv_Day8_4h00m,0.0,0.0,0.0,0.0,0.0,0.0,0.0,0.0,0.0
12.csv_Day8_4h30m,0.0,0.0,0.0,0.0,0.0,0.0,0.0,0.0,0.0
12.csv_Day8_5h00m,0.0,0.0,0.0,0.0,0.0,0.0,0.0,0.0,0.0
12.csv_Day8_5h30m,0.0,0.0,0.0,0.0,0.0,0.0,0.0,0.0,0.0
12.csv_Day8_6h00m,0.0,0.0,0.0,0.0,0.0,0.0,0.0,0.0,0.0
12.csv_Day8_6h30m,0.0,0.0,0.0,0.0,0.11999999731779099,0.27000001072883606,1.0700000524520874,1.25,1.4700000286102295
12.csv_Day8_7h00m,0.8600000143051147,2.640000104904175,5.429999828338623,7.21999979019165,8.4399995803833,7.820000171661377,8.720000267028809,8.050000190734863,9.850000381469727
12.csv_Day8_7h30m,13.960000038146973,3.700000047683716,17.520000457763672,18.079999923706055,18.09000015258789,19.280000686645508,17.829999923706055,18.079999923706055,19.420000076293945
12.csv_Day8_8h00m,6.900000095367432,7.809999942779541,24.56999969482422,23.8799991607666,24.459999084472656,28.239999771118164,27.450000762939453,28.260000228881836,29.719999313354492
12.csv_Day8_8h30m,18.010000228881836,23.209999084472656,32.689998626708984,33.47999954223633,36.540000915527344,37.11000061035156,39.59000015258789,39.0099983215332,39.810001373291016
12.csv_Day8_9h00m,10.489999771118164,27.899999618530273,41.13999938964844,43.060001373291016,44.29999923706055,45.31999969482422,48.849998474121094,46.90999984741211,49.16999816894531
12.csv_Day8_9h30m,13.210000038146973,30.260000228881836,47.31999969482422,49.45000076293945,50.7400016784668,53.810001373291016,56.36000061035156,54.06999969482422,57.380001068115234
12.csv_Day8_10h00m,17.079999923706055,31.010000228881836,26.440000534057617,39.88999938964844,47.380001068115234,61.77000045776367,62.119998931884766,60.5,63.849998474121094
12.csv_Day8_10h30m,36.650001525878906,38.66999816894531,30.739999771118164,48.81999969482422,54.86000061035156,67.93000030517578,67.93000030517578,66.93000030517578,69.45999908447266
12.csv_Day8_11h00m,41.459999084472656,39.869998931884766,30.84000015258789,53.70000076293945,58.630001068115234,72.0999984741211,72.2699966430664,70.5999984741211,73.91000366210938
12.csv_Day8_11h30m,48.209999084472656,44.400001525878906,37.470001220703125,58.150001525878906,64.12999725341797,75.83999633789062,75.62999725341797,73.16000366210938,76.91000366210938
12.csv_Day8_12h00m,54.279998779296875,51.119998931884766,53.33000183105469,63.43000030517578,66.43000030517578,77.93000030517578,76.63999938964844,75.58999633789062,78.2699966430664
12.csv_Day8_12h30m,55.41999816894531,56.040000915527344,70.18000030517578,67.91000366210938,68.19999694824219,78.66000366210938,75.58999633789062,76.26000213623047,77.9000015258789
12.csv_Day8_13h00m,53.900001525878906,54.47999954223633,65.16999816894531,66.11000061035156,67.41000366210938,76.87000274658203,74.16999816894531,74.25,76.12999725341797
12.csv_Day8_13h30m,47.90999984741211,50.08000183105469,65.94000244140625,61.599998474121094,64.30000305175781,71.8499984741211,71.26000213623047,73.2300033569336,72.4800033569336
12.csv_Day8_14h00m,46.33000183105469,47.869998931884766,61.83000183105469,60.09000015258789,61.709999084472656,67.56999969482422,65.7300033569336,68.5999984741211,67.66999816894531
12.csv_Day8_14h30m,33.540000915527344,42.02000045776367,53.959999084472656,57.439998626708984,56.900001525878906,58.939998626708984,59.93000030517578,61.06999969482422,61.439998626708984
12.csv_Day8_15h00m,29.940000534057617,33.900001525878906,45.7400016784668,49.290000915527344,50.630001068115234,50.54999923706055,52.290000915527344,53.68000030517578,53.810001373291016
12.csv_Day8_15h30m,30.190000534057617,26.0,40.61000061035156,40.369998931884766,41.599998474121094,44.38999938964844,44.0099983215332,47.27000045776367,45.7400016784668
12.csv_Day8_16h00m,21.260000228881836,23.329999923706055,31.110000610351562,29.579999923706055,29.239999771118164,33.4900016784668,34.20000076293945,37.0,35.849998474121094
12.csv_Day8_16h30m,14.5,13.949999809265137,20.93000030517578,20.850000381469727,20.15999984741211,23.84000015258789,24.389999389648438,25.209999084472656,25.540000915527344
12.csv_Day8_17h00m,2.680000066757202,6.260000228881836,10.770000457763672,14.229999542236328,14.84000015258789,15.229999542236328,14.449999809265137,16.290000915527344,16.559999465942383
12.csv_Day8_17h30m,0.8899999856948853,1.6699999570846558,2.930000066757202,4.599999904632568,5.28000020980835,5.789999961853027,6.349999904632568,7.070000171661377,7.260000228881836
12.csv_Day8_18h00m,0.0,0.0,0.0,0.0,0.0,0.0,0.0,0.009999999776482582,0.0
12.csv_Day8_18h30m,0.0,0.0,0.0,0.0,0.0,0.0,0.0,0.0,0.0
12.csv_Day8_19h00m,0.0,0.0,0.0,0.0,0.0,0.0,0.0,0.0,0.0
12.csv_Day8_19h30m,0.0,0.0,0.0,0.0,0.0,0.0,0.0,0.0,0.0
12.csv_Day8_20h00m,0.0,0.0,0.0,0.0,0.0,0.0,0.0,0.0,0.0
12.csv_Day8_20h30m,0.0,0.0,0.0,0.0,0.0,0.0,0.0,0.0,0.0
12.csv_Day8_21h00m,0.0,0.0,0.0,0.0,0.0,0.0,0.0,0.0,0.0
12.csv_Day8_21h30m,0.0,0.0,0.0,0.0,0.0,0.0,0.0,0.0,0.0
12.csv_Day8_22h00m,0.0,0.0,0.0,0.0,0.0,0.0,0.0,0.0,0.0
12.csv_Day8_22h30m,0.0,0.0,0.0,0.0,0.0,0.0,0.0,0.0,0.0
12.csv_Day8_23h00m,0.0,0.0,0.0,0.0,0.0,0.0,0.0,0.0,0.0
12.csv_Day8_23h30m,0.0,0.0,0.0,0.0,0.0,0.0,0.0,0.0,0.0
13.csv_Day7_0h00m,0.0,0.0,0.0,0.0,0.0,0.0,0.0,0.0,0.0
13.csv_Day7_0h30m,0.0,0.0,0.0,0.0,0.0,0.0,0.0,0.0,0.0
13.csv_Day7_1h00m,0.0,0.0,0.0,0.0,0.0,0.0,0.0,0.0,0.0
13.csv_Day7_1h30m,0.0,0.0,0.0,0.0,0.0,0.0,0.0,0.0,0.0
13.csv_Day7_2h00m,0.0,0.0,0.0,0.0,0.0,0.0,0.0,0.0,0.0
13.csv_Day7_2h30m,0.0,0.0,0.0,0.0,0.0,0.0,0.0,0.0,0.0
13.csv_Day7_3h00m,0.0,0.0,0.0,0.0,0.0,0.0,0.0,0.0,0.0
13.csv_Day7_3h30m,0.0,0.0,0.0,0.0,0.0,0.0,0.0,0.0,0.0
13.csv_Day7_4h00m,0.0,0.0,0.0,0.0,0.0,0.0,0.0,0.0,0.0
13.csv_Day7_4h30m,0.0,0.0,0.0,0.0,0.0,0.0,0.0,0.0,0.0
13.csv_Day7_5h00m,0.0,0.0,0.0,0.0,0.0,0.0,0.0,0.0,0.0
13.csv_Day7_5h30m,0.0,0.0,0.0,0.0,0.0,0.0,0.0,0.0,0.0
13.csv_Day7_6h00m,0.0,1.1100000143051147,0.7699999809265137,1.149999976158142,1.6799999475479126,1.4500000476837158,1.3700000047683716,1.2599999904632568,1.7899999618530273
13.csv_Day7_6h30m,5.449999809265137,6.369999885559082,6.679999828338623,5.579999923706055,7.710000038146973,6.840000152587891,6.510000228881836,7.730000019073486,7.829999923706055
13.csv_Day7_7h00m,13.170000076293945,9.180000305175781,13.359999656677246,9.539999961853027,16.020000457763672,16.030000686645508,15.59000015258789,16.34000015258789,16.6200008392334
13.csv_Day7_7h30m,20.579999923706055,11.449999809265137,23.25,6.389999866485596,23.809999465942383,25.459999084472656,24.709999084472656,25.709999084472656,25.90999984741211
13.csv_Day7_8h00m,22.209999084472656,17.350000381469727,31.950000762939453,12.649999618530273,25.649999618530273,32.5,33.189998626708984,35.0,35.95000076293945
13.csv_Day7_8h30m,29.0,35.209999084472656,42.06999969482422,18.770000457763672,34.150001525878906,42.439998626708984,43.95000076293945,44.20000076293945,45.15999984741211
13.csv_Day7_9h00m,37.47999954223633,36.689998626708984,45.83000183105469,44.5,44.02000045776367,51.470001220703125,54.20000076293945,53.29999923706055,53.349998474121094
13.csv_Day7_9h30m,46.119998931884766,38.86000061035156,51.130001068115234,48.08000183105469,51.720001220703125,59.720001220703125,60.81999969482422,61.02000045776367,59.939998626708984
13.csv_Day7_10h00m,44.130001068115234,37.470001220703125,55.13999938964844,57.349998474121094,61.38999938964844,64.19000244140625,67.04000091552734,66.47000122070312,65.93000030517578
13.csv_Day7_10h30m,45.31999969482422,36.34000015258789,50.130001068115234,60.099998474121094,62.31999969482422,68.33999633789062,70.88999938964844,72.05000305175781,70.23999786376953
13.csv_Day7_11h00m,13.539999961853027,41.119998931884766,50.2599983215332,66.76000213623047,71.62000274658203,72.18000030517578,73.87999725341797,74.75,73.62999725341797
13.csv_Day7_11h30m,16.479999542236328,53.90999984741211,63.59000015258789,69.72000122070312,76.12999725341797,75.05999755859375,75.25,74.62999725341797,75.36000061035156
13.csv_Day7_12h00m,21.260000228881836,56.290000915527344,62.709999084472656,69.44999694824219,76.0,75.06999969482422,74.33999633789062,73.37999725341797,75.37000274658203
13.csv_Day7_12h30m,27.110000610351562,55.060001373291016,59.459999084472656,69.31999969482422,74.95999908447266,73.16000366210938,72.7699966430664,73.86000061035156,74.20999908447266
13.csv_Day7_13h00m,31.5,52.470001220703125,53.09000015258789,59.88999938964844,64.69000244140625,68.36000061035156,70.22000122070312,71.83000183105469,71.25
13.csv_Day7_13h30m,37.400001525878906,52.400001525878906,50.849998474121094,56.599998474121094,63.52000045776367,63.880001068115234,66.83000183105469,68.01000213623047,67.44999694824219
13.csv_Day7_14h00m,44.4900016784668,47.77000045776367,46.40999984741211,47.97999954223633,56.209999084472656,57.15999984741211,60.209999084472656,61.72999954223633,62.029998779296875
13.csv_Day7_14h30m,42.720001220703125,43.599998474121094,44.119998931884766,45.09000015258789,53.95000076293945,47.06999969482422,52.66999816894531,53.47999954223633,55.72999954223633
13.csv_Day7_15h00m,35.4900016784668,32.54999923706055,38.15999984741211,38.0099983215332,42.11000061035156,39.349998474121094,36.119998931884766,45.619998931884766,47.7599983215332
13.csv_Day7_15h30m,8.489999771118164,2.740000009536743,31.729999542236328,32.25,25.84000015258789,33.869998931884766,25.270000457763672,36.209999084472656,38.58000183105469
13.csv_Day7_16h00m,0.9399999976158142,1.8899999856948853,22.540000915527344,22.15999984741211,19.290000915527344,20.56999969482422,16.170000076293945,25.940000534057617,28.579999923706055
13.csv_Day7_16h30m,0.6299999952316284,1.8899999856948853,12.920000076293945,9.609999656677246,11.399999618530273,10.010000228881836,9.640000343322754,15.84000015258789,18.6200008392334
13.csv_Day7_17h00m,0.28999999165534973,2.430000066757202,5.239999771118164,4.070000171661377,6.659999847412109,2.4800000190734863,4.440000057220459,6.630000114440918,9.9399995803833
13.csv_Day7_17h30m,0.6000000238418579,2.7300000190734863,1.0700000524520874,0.5,2.0,2.369999885559082,3.0399999618530273,2.049999952316284,4.21999979019165
13.csv_Day7_18h00m,0.0,0.0,0.0,0.0,0.0,0.0,0.0,0.0,0.0
13.csv_Day7_18h30m,0.0,0.0,0.0,0.0,0.0,0.0,0.0,0.0,0.0
13.csv_Day7_19h00m,0.0,0.0,0.0,0.0,0.0,0.0,0.0,0.0,0.0
13.csv_Day7_19h30m,0.0,0.0,0.0,0.0,0.0,0.0,0.0,0.0,0.0
13.csv_Day7_20h00m,0.0,0.0,0.0,0.0,0.0,0.0,0.0,0.0,0.0
13.csv_Day7_20h30m,0.0,0.0,0.0,0.0,0.0,0.0,0.0,0.0,0.0
13.csv_Day7_21h00m,0.0,0.0,0.0,0.0,0.0,0.0,0.0,0.0,0.0
13.csv_Day7_21h30m,0.0,0.0,0.0,0.0,0.0,0.0,0.0,0.0,0.0
13.csv_Day7_22h00m,0.0,0.0,0.0,0.0,0.0,0.0,0.0,0.0,0.0
13.csv_Day7_22h30m,0.0,0.0,0.0,0.0,0.0,0.0,0.0,0.0,0.0
13.csv_Day7_23h00m,0.0,0.0,0.0,0.0,0.0,0.0,0.0,0.0,0.0
13.csv_Day7_23h30m,0.0,0.0,0.0,0.0,0.0,0.0,0.0,0.0,0.0
13.csv_Day8_0h00m,0.0,0.0,0.0,0.0,0.0,0.0,0.0,0.0,0.0
13.csv_Day8_0h30m,0.0,0.0,0.0,0.0,0.0,0.0,0.0,0.0,0.0
13.csv_Day8_1h00m,0.0,0.0,0.0,0.0,0.0,0.0,0.0,0.0,0.0
13.csv_Day8_1h30m,0.0,0.0,0.0,0.0,0.0,0.0,0.0,0.0,0.0
13.csv_Day8_2h00m,0.0,0.0,0.0,0.0,0.0,0.0,0.0,0.0,0.0
13.csv_Day8_2h30m,0.0,0.0,0.0,0.0,0.0,0.0,0.0,0.0,0.0
13.csv_Day8_3h00m,0.0,0.0,0.0,0.0,0.0,0.0,0.0,0.0,0.0
13.csv_Day8_3h30m,0.0,0.0,0.0,0.0,0.0,0.0,0.0,0.0,0.0
13.csv_Day8_4h00m,0.0,0.0,0.0,0.0,0.0,0.0,0.0,0.0,0.0
13.csv_Day8_4h30m,0.0,0.0,0.0,0.0,0.0,0.0,0.0,0.0,0.0
13.csv_Day8_5h00m,0.0,0.0,0.0,0.0,0.0,0.0,0.0,0.0,0.0
13.csv_Day8_5h30m,0.0,0.0,0.0,0.0,0.0,0.0,0.0,0.0,0.0
13.csv_Day8_6h00m,0.0,1.1200000047683716,0.5600000023841858,1.1399999856948853,1.6799999475479126,1.4800000190734863,1.4500000476837158,1.1799999475479126,1.7899999618530273
13.csv_Day8_6h30m,6.019999980926514,6.409999847412109,6.289999961853027,5.550000190734863,7.710000038146973,7.429999828338623,6.409999847412109,7.840000152587891,7.829999923706055
13.csv_Day8_7h00m,15.0,9.229999542236328,14.40999984741211,9.489999771118164,16.030000686645508,15.140000343322754,15.420000076293945,15.520000457763672,16.6200008392334
13.csv_Day8_7h30m,20.799999237060547,11.510000228881836,24.040000915527344,6.360000133514404,23.829999923706055,23.700000762939453,24.459999084472656,24.219999313354492,25.899999618530273
13.csv_Day8_8h00m,25.739999771118164,17.450000762939453,27.950000762939453,12.569999694824219,25.670000076293945,21.850000381469727,32.869998931884766,33.54999923706055,35.939998626708984
13.csv_Day8_8h30m,32.0099983215332,35.40999984741211,31.079999923706055,18.65999984741211,34.18000030517578,37.970001220703125,43.540000915527344,43.5099983215332,45.13999938964844
13.csv_Day8_9h00m,33.77000045776367,36.900001525878906,47.88999938964844,44.2400016784668,44.04999923706055,48.560001373291016,53.709999084472656,50.29999923706055,53.31999969482422
13.csv_Day8_9h30m,43.560001373291016,39.08000183105469,50.279998779296875,47.790000915527344,51.7599983215332,57.2400016784668,60.27000045776367,57.599998474121094,59.91999816894531
13.csv_Day8_10h00m,47.7599983215332,37.68000030517578,56.2599983215332,57.0099983215332,61.439998626708984,53.66999816894531,66.44000244140625,61.72999954223633,65.91000366210938
13.csv_Day8_10h30m,39.75,36.54999923706055,58.45000076293945,59.7400016784668,62.369998931884766,67.4000015258789,70.26000213623047,68.30999755859375,70.20999908447266
13.csv_Day8_11h00m,53.720001220703125,41.349998474121094,62.90999984741211,66.36000061035156,71.66999816894531,73.01000213623047,73.2300033569336,69.5,73.5999984741211
13.csv_Day8_11h30m,56.630001068115234,54.209999084472656,63.4900016784668,69.30000305175781,76.18000030517578,75.2300033569336,74.58000183105469,72.12000274658203,75.33000183105469
13.csv_Day8_12h00m,60.66999816894531,56.599998474121094,63.33000183105469,69.02999877929688,76.05999755859375,74.56999969482422,73.68000030517578,73.86000061035156,75.33000183105469
13.csv_Day8_12h30m,55.209999084472656,55.369998931884766,60.4900016784668,68.91000366210938,75.0199966430664,72.95999908447266,72.12999725341797,71.16999816894531,74.16999816894531
13.csv_Day8_13h00m,41.91999816894531,52.7599983215332,54.02000045776367,59.529998779296875,64.73999786376953,51.91999816894531,69.5999984741211,67.55000305175781,71.20999908447266
13.csv_Day8_13h30m,45.150001525878906,52.70000076293945,53.119998931884766,56.2599983215332,63.56999969482422,49.880001068115234,66.2300033569336,63.16999816894531,67.41999816894531
13.csv_Day8_14h00m,38.34000015258789,48.029998779296875,47.75,47.689998626708984,56.2599983215332,33.25,59.66999816894531,57.439998626708984,62.0
13.csv_Day8_14h30m,39.130001068115234,43.849998474121094,47.709999084472656,44.81999969482422,53.9900016784668,37.61000061035156,52.189998626708984,52.08000183105469,55.70000076293945
13.csv_Day8_15h00m,9.989999771118164,32.72999954223633,41.439998626708984,37.779998779296875,42.150001525878906,29.729999542236328,35.77000045776367,42.75,47.7400016784668
13.csv_Day8_15h30m,3.049999952316284,2.75,34.18000030517578,32.060001373291016,25.860000610351562,18.049999237060547,25.010000228881836,33.779998779296875,38.56999969482422
13.csv_Day8_16h00m,1.2599999904632568,1.899999976158142,26.5,22.030000686645508,19.299999237060547,22.18000030517578,15.989999771118164,24.059999465942383,28.56999969482422
13.csv_Day8_16h30m,1.190000057220459,1.899999976158142,17.729999542236328,9.550000190734863,11.40999984741211,16.049999237060547,9.5600004196167,14.420000076293945,18.6200008392334
13.csv_Day8_17h00m,1.559999942779541,2.440000057220459,11.680000305175781,4.039999961853027,6.670000076293945,6.769999980926514,4.440000057220459,8.239999771118164,9.930000305175781
13.csv_Day8_17h30m,1.25,2.740000009536743,0.9700000286102295,0.5,2.0,1.4800000190734863,2.9600000381469727,1.7300000190734863,4.21999979019165
13.csv_Day8_18h00m,0.0,0.0,0.0,0.0,0.0,0.0,0.0,0.0,0.0
13.csv_Day8_18h30m,0.0,0.0,0.0,0.0,0.0,0.0,0.0,0.0,0.0
13.csv_Day8_19h00m,0.0,0.0,0.0,0.0,0.0,0.0,0.0,0.0,0.0
13.csv_Day8_19h30m,0.0,0.0,0.0,0.0,0.0,0.0,0.0,0.0,0.0
13.csv_Day8_20h00m,0.0,0.0,0.0,0.0,0.0,0.0,0.0,0.0,0.0
13.csv_Day8_20h30m,0.0,0.0,0.0,0.0,0.0,0.0,0.0,0.0,0.0
13.csv_Day8_21h00m,0.0,0.0,0.0,0.0,0.0,0.0,0.0,0.0,0.0
13.csv_Day8_21h30m,0.0,0.0,0.0,0.0,0.0,0.0,0.0,0.0,0.0
13.csv_Day8_22h00m,0.0,0.0,0.0,0.0,0.0,0.0,0.0,0.0,0.0
13.csv_Day8_22h30m,0.0,0.0,0.0,0.0,0.0,0.0,0.0,0.0,0.0
13.csv_Day8_23h00m,0.0,0.0,0.0,0.0,0.0,0.0,0.0,0.0,0.0
13.csv_Day8_23h30m,0.0,0.0,0.0,0.0,0.0,0.0,0.0,0.0,0.0
14.csv_Day7_0h00m,0.0,0.0,0.0,3.2699999809265137,0.0,0.0,0.0,0.0,0.0
14.csv_Day7_0h30m,0.0,0.0,0.0,2.609999895095825,0.0,0.0,0.0,0.0,0.0
14.csv_Day7_1h00m,0.0,0.0,0.0,2.390000104904175,0.0,0.0,0.0,0.0,0.0
14.csv_Day7_1h30m,0.0,0.0,0.0,0.9700000286102295,0.0,0.0,0.0,0.0,0.0
14.csv_Day7_2h00m,0.0,0.0,0.0,0.03999999910593033,0.0,0.0,0.0,0.0,0.0
14.csv_Day7_2h30m,0.0,0.0,0.0,0.0,0.0,0.0,0.0,0.0,0.0
14.csv_Day7_3h00m,0.0,0.0,0.0,0.0,0.0,0.0,0.0,0.0,0.0
14.csv_Day7_3h30m,0.0,0.0,0.0,0.0,0.0,0.0,0.0,0.0,0.0
14.csv_Day7_4h00m,0.0,0.0,0.0,0.0,0.0,0.0,0.0,0.0,0.0
14.csv_Day7_4h30m,0.0,0.0,0.0,0.0,0.0,0.0,0.0,0.0,0.0
14.csv_Day7_5h00m,0.0,0.0,0.0,0.0,0.0,0.0,0.0,0.0,0.0
14.csv_Day7_5h30m,0.0,0.0,0.0,0.0,0.0,0.0,0.0,0.0,0.0
14.csv_Day7_6h00m,3.0,3.3399999141693115,2.609999895095825,2.0,2.680000066757202,3.319999933242798,2.5899999141693115,3.119999885559082,3.200000047683716
14.csv_Day7_6h30m,7.389999866485596,5.420000076293945,8.470000267028809,7.889999866485596,9.239999771118164,9.8100004196167,9.039999961853027,9.850000381469727,10.449999809265137
14.csv_Day7_7h00m,15.279999732971191,11.760000228881836,16.239999771118164,10.210000038146973,17.739999771118164,18.040000915527344,19.239999771118164,19.030000686645508,19.8799991607666
14.csv_Day7_7h30m,19.020000457763672,19.219999313354492,25.65999984741211,14.850000381469727,25.950000762939453,27.450000762939453,28.530000686645508,28.940000534057617,29.43000030517578
14.csv_Day7_8h00m,26.440000534057617,20.610000610351562,33.709999084472656,31.860000610351562,34.869998931884766,37.93000030517578,38.880001068115234,38.63999938964844,39.02000045776367
14.csv_Day7_8h30m,33.400001525878906,19.979999542236328,40.790000915527344,37.279998779296875,40.9900016784668,47.130001068115234,48.54999923706055,48.25,48.0
14.csv_Day7_9h00m,44.369998931884766,31.8700008392334,47.16999816894531,50.77000045776367,45.63999938964844,55.029998779296875,56.52000045776367,56.970001220703125,56.2400016784668
14.csv_Day7_9h30m,51.0,32.7400016784668,52.959999084472656,53.290000915527344,43.77000045776367,62.68000030517578,63.900001525878906,63.97999954223633,63.66999816894531
14.csv_Day7_10h00m,55.84000015258789,36.650001525878906,57.91999816894531,56.4900016784668,41.63999938964844,68.69999694824219,69.41000366210938,70.02999877929688,69.5999984741211
14.csv_Day7_10h30m,57.189998626708984,33.38999938964844,62.209999084472656,50.689998626708984,38.70000076293945,73.52999877929688,74.06999969482422,74.61000061035156,74.33000183105469
14.csv_Day7_11h00m,58.459999084472656,38.709999084472656,64.41000366210938,47.77000045776367,36.56999969482422,76.75,76.8499984741211,77.61000061035156,77.58000183105469
14.csv_Day7_11h30m,53.70000076293945,38.45000076293945,60.029998779296875,39.099998474121094,45.560001373291016,75.62000274658203,77.47000122070312,79.18000030517578,78.37999725341797
14.csv_Day7_12h00m,53.68000030517578,35.90999984741211,61.91999816894531,35.38999938964844,36.90999984741211,77.02999877929688,77.30000305175781,79.76000213623047,79.1500015258789
14.csv_Day7_12h30m,51.58000183105469,33.119998931884766,59.869998931884766,33.369998931884766,38.18000030517578,75.16000366210938,76.4000015258789,78.48999786376953,78.08999633789062
14.csv_Day7_13h00m,49.150001525878906,26.3700008392334,59.59000015258789,33.66999816894531,34.630001068115234,74.58999633789062,74.33000183105469,75.62000274658203,76.05000305175781
14.csv_Day7_13h30m,48.06999969482422,25.59000015258789,58.47999954223633,33.599998474121094,34.83000183105469,70.98999786376953,70.91999816894531,71.4000015258789,72.2699966430664
14.csv_Day7_14h00m,41.849998474121094,19.520000457763672,53.38999938964844,33.22999954223633,36.91999816894531,65.41000366210938,65.47000122070312,64.66999816894531,67.01000213623047
14.csv_Day7_14h30m,36.83000183105469,19.969999313354492,49.83000183105469,27.969999313354492,39.06999969482422,58.630001068115234,58.66999816894531,57.54999923706055,60.459999084472656
14.csv_Day7_15h00m,30.8799991607666,13.270000457763672,43.560001373291016,25.209999084472656,38.56999969482422,49.9900016784668,49.869998931884766,48.11000061035156,51.84000015258789
14.csv_Day7_15h30m,23.649999618530273,11.3100004196167,41.040000915527344,20.1200008392334,33.599998474121094,42.970001220703125,41.650001525878906,40.290000915527344,43.7400016784668
14.csv_Day7_16h00m,7.289999961853027,8.869999885559082,31.530000686645508,16.329999923706055,19.90999984741211,32.630001068115234,31.829999923706055,29.940000534057617,34.130001068115234
14.csv_Day7_16h30m,8.260000228881836,3.759999990463257,26.549999237060547,7.829999923706055,17.639999389648438,22.389999389648438,23.809999465942383,20.25,24.020000457763672
14.csv_Day7_17h00m,6.050000190734863,1.8899999856948853,6.329999923706055,8.289999961853027,3.869999885559082,12.149999618530273,11.960000038146973,14.5,16.1200008392334
14.csv_Day7_17h30m,4.460000038146973,2.069999933242798,3.109999895095825,2.5,5.96999979019165,3.9600000381469727,6.679999828338623,6.949999809265137,7.539999961853027
14.csv_Day7_18h00m,0.0,0.0,0.7799999713897705,0.0,0.0,0.0,0.18000000715255737,2.359999895095825,3.069999933242798
14.csv_Day7_18h30m,0.0,0.0,0.0,0.0,0.0,0.0,0.0,2.259999990463257,0.0
14.csv_Day7_19h00m,0.0,0.0,0.0,0.0,0.0,0.0,0.0,1.399999976158142,0.0
14.csv_Day7_19h30m,0.0,0.0,0.0,0.0,0.0,0.0,0.0,0.3700000047683716,0.0
14.csv_Day7_20h00m,0.0,0.0,0.0,0.0,0.0,0.0,0.0,0.0,0.0
14.csv_Day7_20h30m,0.0,0.0,0.0,0.0,0.0,0.0,0.0,0.0,0.0
14.csv_Day7_21h00m,0.0,0.0,0.0,0.0,0.0,0.0,0.0,0.0,0.0
14.csv_Day7_21h30m,0.0,0.0,0.0,0.0,0.0,0.0,0.0,0.0,0.0
14.csv_Day7_22h00m,0.0,0.0,0.0,0.0,0.0,0.0,0.0,0.0,0.0
14.csv_Day7_22h30m,0.0,0.0,0.0,0.0,0.0,0.0,0.0,0.0,0.0
14.csv_Day7_23h00m,0.0,0.0,0.0,0.0,0.0,0.0,0.0,0.0,0.0
14.csv_Day7_23h30m,0.0,0.0,0.0,0.0,0.0,0.0,0.0,0.0,0.0
14.csv_Day8_0h00m,0.0,0.0,0.0,3.25,0.0,0.0,0.0,0.0,0.0
14.csv_Day8_0h30m,0.0,0.0,0.0,2.5899999141693115,0.0,0.0,0.0,0.0,0.0
14.csv_Day8_1h00m,0.0,0.0,0.0,2.380000114440918,0.0,0.0,0.0,0.0,0.0
14.csv_Day8_1h30m,0.0,0.0,0.0,0.9700000286102295,0.0,0.0,0.0,0.0,0.0
14.csv_Day8_2h00m,0.0,0.0,0.0,0.03999999910593033,0.0,0.0,0.0,0.0,0.0
14.csv_Day8_2h30m,0.0,0.0,0.0,0.0,0.0,0.0,0.0,0.0,0.0
14.csv_Day8_3h00m,0.0,0.0,0.0,0.0,0.0,0.0,0.0,0.0,0.0
14.csv_Day8_3h30m,0.0,0.0,0.0,0.0,0.0,0.0,0.0,0.0,0.0
14.csv_Day8_4h00m,0.0,0.0,0.0,0.0,0.0,0.0,0.0,0.0,0.0
14.csv_Day8_4h30m,0.0,0.0,0.0,0.0,0.0,0.0,0.0,0.0,0.0
14.csv_Day8_5h00m,0.0,0.0,0.0,0.0,0.0,0.0,0.0,0.0,0.0
14.csv_Day8_5h30m,0.0,0.0,0.0,0.0,0.0,0.0,0.0,0.0,0.0
14.csv_Day8_6h00m,3.3499999046325684,3.359999895095825,1.100000023841858,1.9900000095367432,2.690000057220459,2.740000009536743,2.5299999713897705,2.809999942779541,3.200000047683716
14.csv_Day8_6h30m,0.46000000834465027,5.449999809265137,2.9600000381469727,7.840000152587891,9.25,9.850000381469727,8.920000076293945,9.609999656677246,10.4399995803833
14.csv_Day8_7h00m,0.23000000417232513,11.829999923706055,12.869999885559082,10.149999618530273,17.760000228881836,17.479999542236328,19.040000915527344,18.700000762939453,19.8700008392334
14.csv_Day8_7h30m,1.6299999952316284,19.31999969482422,19.8799991607666,14.760000228881836,25.969999313354492,26.31999969482422,28.260000228881836,28.350000381469727,29.420000076293945
14.csv_Day8_8h00m,19.020000457763672,20.719999313354492,31.790000915527344,31.670000076293945,34.88999938964844,36.95000076293945,38.52000045776367,37.59000015258789,39.0099983215332
14.csv_Day8_8h30m,26.219999313354492,20.09000015258789,39.630001068115234,37.060001373291016,41.029998779296875,45.880001068115234,48.11000061035156,47.119998931884766,47.97999954223633
14.csv_Day8_9h00m,34.939998626708984,32.040000915527344,46.060001373291016,50.470001220703125,45.68000030517578,53.25,56.0099983215332,54.650001525878906,56.220001220703125
14.csv_Day8_9h30m,44.83000183105469,32.91999816894531,50.91999816894531,52.970001220703125,43.79999923706055,60.7400016784668,63.33000183105469,61.27000045776367,63.63999938964844
14.csv_Day8_10h00m,50.81999969482422,36.86000061035156,54.0,56.150001525878906,41.66999816894531,66.54000091552734,68.79000091552734,66.68000030517578,69.56999969482422
14.csv_Day8_10h30m,50.84000015258789,33.58000183105469,55.5,50.380001068115234,38.72999954223633,70.55999755859375,73.41000366210938,70.73999786376953,74.30000305175781
14.csv_Day8_11h00m,51.290000915527344,38.91999816894531,56.040000915527344,47.47999954223633,36.599998474121094,72.94000244140625,76.16999816894531,73.29000091552734,77.55000305175781
14.csv_Day8_11h30m,57.09000015258789,38.65999984741211,51.20000076293945,38.86000061035156,45.599998474121094,73.93000030517578,76.79000091552734,74.9800033569336,78.3499984741211
14.csv_Day8_12h00m,52.880001068115234,36.11000061035156,53.279998779296875,35.16999816894531,36.939998626708984,73.94999694824219,76.61000061035156,75.43000030517578,79.12000274658203
14.csv_Day8_12h30m,52.93000030517578,33.310001373291016,52.77000045776367,33.16999816894531,38.209999084472656,72.61000061035156,75.7300033569336,74.3499984741211,78.05999755859375
14.csv_Day8_13h00m,46.70000076293945,26.520000457763672,52.630001068115234,33.470001220703125,34.65999984741211,67.55000305175781,73.66999816894531,71.58000183105469,76.01000213623047
14.csv_Day8_13h30m,41.290000915527344,25.739999771118164,52.45000076293945,33.400001525878906,34.86000061035156,58.09000015258789,70.29000091552734,67.2699966430664,72.2300033569336
14.csv_Day8_14h00m,35.02000045776367,19.6299991607666,48.40999984741211,33.029998779296875,36.95000076293945,45.209999084472656,64.87999725341797,61.40999984741211,66.9800033569336
14.csv_Day8_14h30m,22.399999618530273,20.079999923706055,45.599998474121094,27.799999237060547,39.099998474121094,39.209999084472656,58.13999938964844,54.790000915527344,60.439998626708984
14.csv_Day8_15h00m,4.730000019073486,13.34000015258789,38.130001068115234,25.059999465942383,38.599998474121094,20.020000457763672,49.40999984741211,46.369998931884766,51.81999969482422
14.csv_Day8_15h30m,5.110000133514404,11.369999885559082,33.33000183105469,20.0,33.630001068115234,22.190000534057617,41.27000045776367,39.029998779296875,43.720001220703125
14.csv_Day8_16h00m,3.2300000190734863,8.920000076293945,22.530000686645508,16.229999542236328,19.93000030517578,9.329999923706055,31.530000686645508,29.18000030517578,34.119998931884766
14.csv_Day8_16h30m,2.3499999046325684,3.7799999713897705,16.600000381469727,7.78000020980835,17.649999618530273,7.440000057220459,24.56999969482422,19.670000076293945,24.010000228881836
14.csv_Day8_17h00m,6.070000171661377,1.899999976158142,7.409999847412109,8.239999771118164,3.880000114440918,11.40999984741211,11.960000038146973,14.350000381469727,16.110000610351562
14.csv_Day8_17h30m,5.809999942779541,2.0799999237060547,4.320000171661377,2.490000009536743,5.96999979019165,4.820000171661377,6.579999923706055,7.699999809265137,7.539999961853027
14.csv_Day8_18h00m,0.0,0.0,0.550000011920929,0.0,0.0,0.0,0.1899999976158142,2.6600000858306885,3.069999933242798
14.csv_Day8_18h30m,0.0,0.0,0.0,0.0,0.0,0.0,0.0,2.5799999237060547,0.0
14.csv_Day8_19h00m,0.0,0.0,0.0,0.0,0.0,0.0,0.0,0.5099999904632568,0.0
14.csv_Day8_19h30m,0.0,0.0,0.0,0.0,0.0,0.0,0.0,0.009999999776482582,0.0
14.csv_Day8_20h00m,0.0,0.0,0.0,0.0,0.0,0.0,0.0,0.0,0.0
14.csv_Day8_20h30m,0.0,0.0,0.0,0.0,0.0,0.0,0.0,0.0,0.0
14.csv_Day8_21h00m,0.0,0.0,0.0,0.0,0.0,0.0,0.0,0.0,0.0
14.csv_Day8_21h30m,0.0,0.0,0.0,0.0,0.0,0.0,0.0,0.0,0.0
14.csv_Day8_22h00m,0.0,0.0,0.0,0.0,0.0,0.0,0.0,0.0,0.0
14.csv_Day8_22h30m,0.0,0.0,0.0,0.0,0.0,0.0,0.0,0.0,0.0
14.csv_Day8_23h00m,0.0,0.0,0.0,0.0,0.0,0.0,0.0,0.0,0.0
14.csv_Day8_23h30m,0.0,0.0,0.0,0.0,0.0,0.0,0.0,0.0,0.0
15.csv_Day7_0h00m,0.0,0.0,0.0,0.0,0.0,0.0,0.0,0.0,0.0
15.csv_Day7_0h30m,0.0,0.0,0.0,0.0,0.0,0.0,0.0,0.0,0.0
15.csv_Day7_1h00m,0.0,0.0,0.0,0.0,0.0,0.0,0.0,0.0,0.0
15.csv_Day7_1h30m,0.0,0.0,0.0,0.0,0.0,0.0,0.0,0.0,0.0
15.csv_Day7_2h00m,0.0,0.0,0.0,0.0,0.0,0.0,0.0,0.0,0.0
15.csv_Day7_2h30m,0.0,0.0,0.0,0.0,0.0,0.0,0.0,0.0,0.0
15.csv_Day7_3h00m,0.0,0.0,0.0,0.0,0.0,0.0,0.0,0.0,0.0
15.csv_Day7_3h30m,0.0,0.0,0.0,0.0,0.0,0.0,0.0,0.0,0.0
15.csv_Day7_4h00m,0.0,0.0,0.0,0.0,0.0,0.0,0.0,0.0,0.0
15.csv_Day7_4h30m,0.0,0.0,0.0,0.0,0.0,0.0,0.0,0.0,0.0
15.csv_Day7_5h00m,0.0,0.0,0.0,0.0,0.0,0.0,0.10000000149011612,0.30000001192092896,0.0
15.csv_Day7_5h30m,1.4800000190734863,1.8899999856948853,2.869999885559082,2.5999999046325684,4.909999847412109,5.420000076293945,7.010000228881836,8.390000343322754,7.360000133514404
15.csv_Day7_6h00m,1.4700000286102295,3.450000047683716,4.300000190734863,10.319999694824219,10.579999923706055,13.800000190734863,15.399999618530273,17.440000534057617,16.100000381469727
15.csv_Day7_6h30m,6.929999828338623,9.600000381469727,8.100000381469727,18.200000762939453,14.329999923706055,24.15999984741211,22.420000076293945,23.8799991607666,25.43000030517578
15.csv_Day7_7h00m,14.460000038146973,16.079999923706055,8.319999694824219,20.739999771118164,20.1200008392334,35.97999954223633,33.43000030517578,35.970001220703125,35.68000030517578
15.csv_Day7_7h30m,19.760000228881836,17.950000762939453,4.239999771118164,30.809999465942383,35.15999984741211,44.7599983215332,44.029998779296875,46.31999969482422,44.970001220703125
15.csv_Day7_8h00m,28.049999237060547,21.799999237060547,25.979999542236328,40.93000030517578,47.08000183105469,55.2400016784668,56.15999984741211,57.4900016784668,57.09000015258789
15.csv_Day7_8h30m,33.58000183105469,25.649999618530273,45.810001373291016,44.97999954223633,58.439998626708984,62.83000183105469,65.0,66.18000030517578,65.37000274658203
15.csv_Day7_9h00m,42.95000076293945,25.450000762939453,37.56999969482422,53.83000183105469,67.4000015258789,68.95999908447266,73.77999877929688,76.7699966430664,74.98999786376953
15.csv_Day7_9h30m,46.5,37.060001373291016,22.34000015258789,60.38999938964844,70.23999786376953,76.04000091552734,83.36000061035156,82.88999938964844,80.58000183105469
15.csv_Day7_10h00m,58.060001373291016,55.72999954223633,62.220001220703125,65.3499984741211,68.11000061035156,72.44000244140625,91.30000305175781,87.36000061035156,85.70999908447266
15.csv_Day7_10h30m,31.149999618530273,36.810001373291016,59.849998474121094,74.1500015258789,70.13999938964844,54.709999084472656,87.62999725341797,79.69999694824219,83.6500015258789
15.csv_Day7_11h00m,37.5099983215332,33.220001220703125,57.84000015258789,85.77999877929688,76.97000122070312,51.130001068115234,89.52999877929688,85.58999633789062,93.9800033569336
15.csv_Day7_11h30m,8.800000190734863,31.780000686645508,23.440000534057617,81.19999694824219,79.29000091552734,61.279998779296875,90.52999877929688,83.05999755859375,86.04000091552734
15.csv_Day7_12h00m,6.690000057220459,30.3700008392334,23.030000686645508,75.12000274658203,67.9000015258789,46.790000915527344,86.69999694824219,80.66999816894531,90.05999755859375
15.csv_Day7_12h30m,5.480000019073486,53.29999923706055,52.02000045776367,73.05999755859375,67.1500015258789,49.7400016784668,81.20999908447266,73.91999816894531,90.44999694824219
15.csv_Day7_13h00m,7.300000190734863,50.41999816894531,23.799999237060547,69.6500015258789,67.70999908447266,70.19000244140625,80.83000183105469,71.62000274658203,89.69999694824219
15.csv_Day7_13h30m,43.130001068115234,36.63999938964844,48.0,73.44999694824219,57.779998779296875,51.16999816894531,75.83000183105469,78.3499984741211,81.7300033569336
15.csv_Day7_14h00m,32.08000183105469,23.780000686645508,16.56999969482422,70.16000366210938,62.900001525878906,38.40999984741211,73.31999969482422,74.81999969482422,84.4800033569336
15.csv_Day7_14h30m,15.979999542236328,11.430000305175781,7.349999904632568,74.68000030517578,69.87999725341797,34.68000030517578,75.44000244140625,72.44000244140625,74.19999694824219
15.csv_Day7_15h00m,6.25,11.220000267028809,23.5,64.73999786376953,62.650001525878906,48.16999816894531,63.5,65.02999877929688,67.55000305175781
15.csv_Day7_15h30m,15.670000076293945,21.75,47.689998626708984,52.52000045776367,58.959999084472656,55.529998779296875,60.40999984741211,60.650001525878906,57.20000076293945
15.csv_Day7_16h00m,3.4600000381469727,21.469999313354492,15.949999809265137,41.31999969482422,38.70000076293945,49.529998779296875,50.400001525878906,51.880001068115234,50.29999923706055
15.csv_Day7_16h30m,3.4200000762939453,8.399999618530273,4.369999885559082,34.43000030517578,37.959999084472656,34.97999954223633,46.529998779296875,41.119998931884766,37.70000076293945
15.csv_Day7_17h00m,11.760000228881836,15.649999618530273,14.029999732971191,27.940000534057617,28.559999465942383,23.510000228881836,26.959999084472656,30.399999618530273,28.06999969482422
15.csv_Day7_17h30m,5.880000114440918,5.190000057220459,3.3499999046325684,10.640000343322754,18.229999542236328,17.530000686645508,22.600000381469727,20.110000610351562,20.8799991607666
15.csv_Day7_18h00m,1.0399999618530273,1.8899999856948853,3.7300000190734863,8.220000267028809,10.630000114440918,14.510000228881836,14.640000343322754,14.020000457763672,12.430000305175781
15.csv_Day7_18h30m,0.0,1.149999976158142,0.3100000023841858,5.519999980926514,2.490000009536743,3.9700000286102295,5.690000057220459,6.090000152587891,5.710000038146973
15.csv_Day7_19h00m,0.0,0.0,0.0,0.0,0.0,0.0,0.0,0.0,0.0
15.csv_Day7_19h30m,0.0,0.0,0.0,0.0,0.0,0.0,0.0,0.0,0.0
15.csv_Day7_20h00m,0.0,0.0,0.0,0.0,0.0,0.0,0.0,0.0,0.0
15.csv_Day7_20h30m,0.0,0.0,0.0,0.0,0.0,0.0,0.0,0.0,0.0
15.csv_Day7_21h00m,0.0,0.0,0.0,0.0,0.0,0.0,0.0,0.0,0.0
15.csv_Day7_21h30m,0.0,0.0,0.0,0.0,0.0,0.0,0.0,0.0,0.0
15.csv_Day7_22h00m,0.0,0.0,0.0,0.0,0.0,0.0,0.0,0.0,0.0
15.csv_Day7_22h30m,0.0,0.0,0.0,0.0,0.0,0.0,0.0,0.0,0.0
15.csv_Day7_23h00m,0.0,0.0,0.0,0.0,0.0,0.0,0.0,0.0,0.0
15.csv_Day7_23h30m,0.0,0.0,0.0,0.0,0.0,0.0,0.0,0.0,0.0
15.csv_Day8_0h00m,0.0,0.0,0.0,0.0,0.0,0.0,0.0,0.0,0.0
15.csv_Day8_0h30m,0.0,0.0,0.0,0.0,0.0,0.0,0.0,0.0,0.0
15.csv_Day8_1h00m,0.0,0.0,0.0,0.0,0.0,0.0,0.0,0.0,0.0
15.csv_Day8_1h30m,0.0,0.0,0.0,0.0,0.0,0.0,0.0,0.0,0.0
15.csv_Day8_2h00m,0.0,0.0,0.0,0.0,0.0,0.0,0.0,0.0,0.0
15.csv_Day8_2h30m,0.0,0.0,0.0,0.0,0.0,0.0,0.0,0.0,0.0
15.csv_Day8_3h00m,0.0,0.0,0.0,0.0,0.0,0.0,0.0,0.0,0.0
15.csv_Day8_3h30m,0.0,0.0,0.0,0.0,0.0,0.0,0.0,0.0,0.0
15.csv_Day8_4h00m,0.0,0.0,0.0,0.0,0.0,0.0,0.0,0.0,0.0
15.csv_Day8_4h30m,0.0,0.0,0.0,0.0,0.0,0.0,0.0,0.0,0.0
15.csv_Day8_5h00m,0.0,0.0,0.0,0.0,0.0,0.0,0.10999999940395355,0.009999999776482582,0.0
15.csv_Day8_5h30m,3.8499999046325684,1.899999976158142,4.429999828338623,2.5899999141693115,4.909999847412109,6.349999904632568,7.039999961853027,8.489999771118164,7.360000133514404
15.csv_Day8_6h00m,9.180000305175781,3.4700000286102295,10.390000343322754,10.25,10.59000015258789,14.149999618530273,16.010000228881836,16.93000030517578,16.09000015258789
15.csv_Day8_6h30m,9.479999542236328,9.649999618530273,19.420000076293945,18.09000015258789,14.34000015258789,14.069999694824219,23.280000686645508,24.899999618530273,25.40999984741211
15.csv_Day8_7h00m,16.489999771118164,16.170000076293945,27.110000610351562,20.6200008392334,20.139999389648438,23.850000381469727,34.88999938964844,37.63999938964844,35.65999984741211
15.csv_Day8_7h30m,18.969999313354492,18.049999237060547,32.70000076293945,30.6299991607666,35.189998626708984,40.540000915527344,44.029998779296875,47.70000076293945,44.95000076293945
15.csv_Day8_8h00m,34.56999969482422,21.93000030517578,50.540000915527344,40.68000030517578,47.119998931884766,55.2400016784668,58.709999084472656,58.060001373291016,57.06999969482422
15.csv_Day8_8h30m,42.83000183105469,25.799999237060547,59.83000183105469,44.709999084472656,58.47999954223633,63.7599983215332,67.97000122070312,65.52999877929688,65.3499984741211
15.csv_Day8_9h00m,51.97999954223633,25.600000381469727,63.0099983215332,53.5099983215332,67.45999908447266,70.79000091552734,77.12000274658203,76.5199966430664,74.95999908447266
15.csv_Day8_9h30m,59.81999969482422,37.27000045776367,73.69999694824219,60.029998779296875,70.30000305175781,79.08999633789062,86.95999908447266,83.11000061035156,80.55000305175781
15.csv_Day8_10h00m,66.05000305175781,56.04999923706055,75.79000091552734,64.94999694824219,68.16000366210938,83.38999938964844,95.08000183105469,91.55000305175781,85.66999816894531
15.csv_Day8_10h30m,39.959999084472656,37.0099983215332,67.80999755859375,73.69999694824219,70.19000244140625,80.51000213623047,91.12999725341797,83.37000274658203,83.62000274658203
15.csv_Day8_11h00m,25.270000457763672,33.40999984741211,71.81999969482422,85.2699966430664,77.02999877929688,86.7699966430664,92.81999969482422,87.7300033569336,93.94000244140625
15.csv_Day8_11h30m,59.5099983215332,31.959999084472656,65.83000183105469,80.70999908447266,79.3499984741211,83.2300033569336,94.5,85.69000244140625,86.01000213623047
15.csv_Day8_12h00m,54.130001068115234,30.540000915527344,62.900001525878906,74.66999816894531,67.94999694824219,76.58999633789062,90.52999877929688,84.02999877929688,90.0199966430664
15.csv_Day8_12h30m,51.16999816894531,53.599998474121094,73.55000305175781,72.62000274658203,67.20999908447266,89.48999786376953,84.91000366210938,90.13999938964844,90.41000366210938
15.csv_Day8_13h00m,44.09000015258789,50.70000076293945,75.6500015258789,69.2300033569336,67.76000213623047,88.55000305175781,84.22000122070312,87.41000366210938,89.66000366210938
15.csv_Day8_13h30m,53.970001220703125,36.849998474121094,71.77999877929688,73.01000213623047,57.81999969482422,78.04000091552734,78.43000030517578,83.80999755859375,81.69999694824219
15.csv_Day8_14h00m,44.34000015258789,23.90999984741211,63.11000061035156,69.73999786376953,62.95000076293945,75.44000244140625,76.16999816894531,85.44999694824219,84.44000244140625
15.csv_Day8_14h30m,31.15999984741211,11.5,56.689998626708984,74.2300033569336,69.93000030517578,83.91999816894531,78.72000122070312,78.48999786376953,74.16000366210938
15.csv_Day8_15h00m,29.040000915527344,11.279999732971191,53.95000076293945,64.3499984741211,62.70000076293945,77.23999786376953,63.86000061035156,71.80999755859375,67.5199966430664
15.csv_Day8_15h30m,12.9399995803833,21.8700008392334,51.880001068115234,52.20000076293945,59.0,64.87999725341797,62.470001220703125,65.08999633789062,57.18000030517578
15.csv_Day8_16h00m,28.829999923706055,21.59000015258789,35.56999969482422,41.06999969482422,38.72999954223633,54.189998626708984,52.5,55.0,50.279998779296875
15.csv_Day8_16h30m,20.229999542236328,8.449999809265137,33.709999084472656,34.220001220703125,37.9900016784668,43.36000061035156,48.58000183105469,42.97999954223633,37.68000030517578
15.csv_Day8_17h00m,19.8700008392334,15.739999771118164,21.530000686645508,27.770000457763672,28.579999923706055,29.920000076293945,27.389999389648438,29.760000228881836,28.059999465942383
15.csv_Day8_17h30m,3.930000066757202,5.21999979019165,12.0,10.569999694824219,18.239999771118164,21.670000076293945,23.219999313354492,21.010000228881836,20.8700008392334
15.csv_Day8_18h00m,2.130000114440918,1.899999976158142,10.529999732971191,8.170000076293945,10.640000343322754,11.890000343322754,15.0,14.020000457763672,12.430000305175781
15.csv_Day8_18h30m,0.6200000047683716,1.159999966621399,0.27000001072883606,5.489999771118164,2.5,5.550000190734863,5.769999980926514,6.0,5.710000038146973
15.csv_Day8_19h00m,0.0,0.0,0.0,0.0,0.0,0.0,0.0,0.0,0.0
15.csv_Day8_19h30m,0.0,0.0,0.0,0.0,0.0,0.0,0.0,0.0,0.0
15.csv_Day8_20h00m,0.0,0.0,0.0,0.0,0.0,0.0,0.0,0.0,0.0
15.csv_Day8_20h30m,0.0,0.0,0.0,0.0,0.0,0.0,0.0,0.0,0.0
15.csv_Day8_21h00m,0.0,0.0,0.0,0.0,0.0,0.0,0.0,0.0,0.0
15.csv_Day8_21h30m,0.0,0.0,0.0,0.0,0.0,0.0,0.0,0.0,0.0
15.csv_Day8_22h00m,0.0,0.0,0.0,0.0,0.0,0.0,0.0,0.0,0.0
15.csv_Day8_22h30m,0.0,0.0,0.0,0.0,0.0,0.0,0.0,0.0,0.0
15.csv_Day8_23h00m,0.0,0.0,0.0,0.0,0.0,0.0,0.0,0.0,0.0
15.csv_Day8_23h30m,0.0,0.0,0.0,0.0,0.0,0.0,0.0,0.0,0.0
16.csv_Day7_0h00m,0.0,0.0,0.0,0.0,0.0,0.0,0.0,0.0,0.0
16.csv_Day7_0h30m,0.0,0.0,0.0,0.0,0.0,0.0,0.0,0.0,0.0
16.csv_Day7_1h00m,0.0,0.0,0.0,0.0,0.0,0.0,0.0,0.0,0.0
16.csv_Day7_1h30m,0.0,0.0,0.0,0.0,0.0,0.0,0.0,0.0,0.0
16.csv_Day7_2h00m,0.0,0.0,0.0,0.0,0.0,0.0,0.0,0.0,0.0
16.csv_Day7_2h30m,0.0,0.0,0.0,0.0,0.0,0.0,0.0,0.0,0.0
16.csv_Day7_3h00m,0.0,0.0,0.0,0.0,0.0,0.0,0.0,0.0,0.0
16.csv_Day7_3h30m,0.0,0.0,0.0,0.0,0.0,0.0,0.0,0.0,0.0
16.csv_Day7_4h00m,0.0,0.0,0.0,0.0,0.0,0.0,0.0,0.0,0.0
16.csv_Day7_4h30m,0.0,0.0,0.0,0.0,0.0,0.0,0.0,0.0,0.0
16.csv_Day7_5h00m,0.0,0.0,0.0,0.0,0.0,0.0,0.0,0.0,0.0
16.csv_Day7_5h30m,0.0,0.0,0.0,0.0,0.0,0.0,0.0,0.0,0.0
16.csv_Day7_6h00m,0.0,0.0,0.0,0.0,0.0,0.0,0.0,0.0,0.0
16.csv_Day7_6h30m,0.0,0.0,0.0,0.0,0.0,0.0,0.0,0.0,0.0
16.csv_Day7_7h00m,0.0,0.0,0.0,0.6700000166893005,1.0099999904632568,0.0,0.6200000047683716,0.6299999952316284,0.0
16.csv_Day7_7h30m,0.0,0.6399999856948853,4.579999923706055,3.0,6.309999942779541,4.949999809265137,6.150000095367432,4.679999828338623,8.239999771118164
16.csv_Day7_8h00m,7.460000038146973,2.6700000762939453,13.829999923706055,10.779999732971191,16.899999618530273,18.260000228881836,19.1200008392334,13.020000457763672,16.829999923706055
16.csv_Day7_8h30m,11.789999961853027,7.25,27.100000381469727,18.93000030517578,21.079999923706055,27.93000030517578,24.040000915527344,24.34000015258789,22.8799991607666
16.csv_Day7_9h00m,12.130000114440918,11.270000457763672,31.200000762939453,27.979999542236328,28.790000915527344,32.04999923706055,29.09000015258789,34.0099983215332,32.7599983215332
16.csv_Day7_9h30m,11.75,20.889999389648438,7.349999904632568,42.209999084472656,41.02000045776367,37.560001373291016,41.189998626708984,40.369998931884766,36.7400016784668
16.csv_Day7_10h00m,9.359999656677246,21.18000030517578,5.360000133514404,42.150001525878906,41.220001220703125,24.420000076293945,47.310001373291016,46.40999984741211,42.68000030517578
16.csv_Day7_10h30m,8.460000038146973,23.579999923706055,5.21999979019165,41.02000045776367,46.689998626708984,11.350000381469727,47.029998779296875,47.540000915527344,45.849998474121094
16.csv_Day7_11h00m,14.84000015258789,28.219999313354492,6.010000228881836,47.720001220703125,47.5,20.15999984741211,50.88999938964844,52.45000076293945,50.529998779296875
16.csv_Day7_11h30m,22.200000762939453,27.010000228881836,5.909999847412109,47.619998931884766,47.56999969482422,19.75,53.310001373291016,52.27000045776367,51.060001373291016
16.csv_Day7_12h00m,22.3700008392334,31.600000381469727,7.809999942779541,48.709999084472656,46.619998931884766,40.65999984741211,53.939998626708984,49.599998474121094,52.13999938964844
16.csv_Day7_12h30m,26.139999389648438,26.790000915527344,9.0,47.150001525878906,42.45000076293945,46.790000915527344,52.18000030517578,47.38999938964844,50.5099983215332
16.csv_Day7_13h00m,29.350000381469727,28.479999542236328,26.6299991607666,49.150001525878906,44.470001220703125,50.43000030517578,54.0099983215332,47.83000183105469,47.83000183105469
16.csv_Day7_13h30m,27.860000610351562,29.209999084472656,31.979999542236328,47.86000061035156,43.59000015258789,50.939998626708984,49.66999816894531,44.63999938964844,43.90999984741211
16.csv_Day7_14h00m,27.68000030517578,29.299999237060547,34.63999938964844,46.47999954223633,39.959999084472656,45.310001373291016,42.380001068115234,39.77000045776367,39.209999084472656
16.csv_Day7_14h30m,20.290000915527344,8.579999923706055,27.579999923706055,29.110000610351562,25.59000015258789,27.059999465942383,32.709999084472656,33.599998474121094,33.099998474121094
16.csv_Day7_15h00m,6.480000019073486,7.360000133514404,15.420000076293945,17.809999465942383,21.389999389648438,21.350000381469727,24.3799991607666,25.329999923706055,26.239999771118164
16.csv_Day7_15h30m,4.090000152587891,5.409999847412109,7.659999847412109,7.090000152587891,12.90999984741211,12.4399995803833,15.949999809265137,19.1200008392334,17.68000030517578
16.csv_Day7_16h00m,0.20999999344348907,2.7200000286102295,2.7200000286102295,3.2699999809265137,6.03000020980835,5.789999961853027,7.880000114440918,10.619999885559082,8.869999885559082
16.csv_Day7_16h30m,0.0,0.0,0.0,1.6100000143051147,1.7300000190734863,1.9600000381469727,1.690000057220459,1.9500000476837158,2.680000066757202
16.csv_Day7_17h00m,0.0,0.0,0.0,0.0,0.0,0.0,0.0,0.0,0.0
16.csv_Day7_17h30m,0.0,0.0,0.0,0.0,0.0,0.0,0.0,0.0,0.0
16.csv_Day7_18h00m,0.0,0.0,0.0,0.0,0.0,0.0,0.0,0.0,0.0
16.csv_Day7_18h30m,0.0,0.0,0.0,0.0,0.0,0.0,0.0,0.0,0.0
16.csv_Day7_19h00m,0.0,0.0,0.0,0.0,0.0,0.0,0.0,0.0,0.0
16.csv_Day7_19h30m,0.0,0.0,0.0,0.0,0.0,0.0,0.0,0.0,0.0
16.csv_Day7_20h00m,0.0,0.0,0.0,0.0,0.0,0.0,0.0,0.0,0.0
16.csv_Day7_20h30m,0.0,0.0,0.0,0.0,0.0,0.0,0.0,0.0,0.0
16.csv_Day7_21h00m,0.0,0.0,0.0,0.0,0.0,0.0,0.0,0.0,0.0
16.csv_Day7_21h30m,0.0,0.0,0.0,0.0,0.0,0.0,0.0,0.0,0.0
16.csv_Day7_22h00m,0.0,0.0,0.0,0.0,0.0,0.0,0.0,0.0,0.0
16.csv_Day7_22h30m,0.0,0.0,0.0,0.0,0.0,0.0,0.0,0.0,0.0
16.csv_Day7_23h00m,0.0,0.0,0.0,0.0,0.0,0.0,0.0,0.0,0.0
16.csv_Day7_23h30m,0.0,0.0,0.0,0.0,0.0,0.0,0.0,0.0,0.0
16.csv_Day8_0h00m,0.0,0.0,0.0,0.0,0.0,0.0,0.0,0.0,0.0
16.csv_Day8_0h30m,0.0,0.0,0.0,0.0,0.0,0.0,0.0,0.0,0.0
16.csv_Day8_1h00m,0.0,0.0,0.0,0.0,0.0,0.0,0.0,0.0,0.0
16.csv_Day8_1h30m,0.0,0.0,0.0,0.0,0.0,0.0,0.0,0.0,0.0
16.csv_Day8_2h00m,0.0,0.0,0.0,0.0,0.0,0.0,0.0,0.0,0.0
16.csv_Day8_2h30m,0.0,0.0,0.0,0.0,0.0,0.0,0.0,0.0,0.0
16.csv_Day8_3h00m,0.0,0.0,0.0,0.0,0.0,0.0,0.0,0.0,0.0
16.csv_Day8_3h30m,0.0,0.0,0.0,0.0,0.0,0.0,0.0,0.0,0.0
16.csv_Day8_4h00m,0.0,0.0,0.0,0.0,0.0,0.0,0.0,0.0,0.0
16.csv_Day8_4h30m,0.0,0.0,0.0,0.0,0.0,0.0,0.0,0.0,0.0
16.csv_Day8_5h00m,0.0,0.0,0.0,0.0,0.0,0.0,0.0,0.0,0.0
16.csv_Day8_5h30m,0.0,0.0,0.0,0.0,0.0,0.0,0.0,0.0,0.0
16.csv_Day8_6h00m,0.0,0.0,0.0,0.0,0.0,0.0,0.0,0.0,0.0
16.csv_Day8_6h30m,0.0,0.0,0.0,0.0,0.0,0.0,0.0,0.0,0.0
16.csv_Day8_7h00m,0.0,0.0,0.0,0.6700000166893005,1.0099999904632568,0.0,0.6600000262260437,0.05999999865889549,0.0
16.csv_Day8_7h30m,0.0,0.6399999856948853,3.390000104904175,2.9800000190734863,6.309999942779541,3.0799999237060547,6.050000190734863,7.300000190734863,8.239999771118164
16.csv_Day8_8h00m,3.130000114440918,2.690000057220459,9.430000305175781,10.720000267028809,16.90999984741211,5.699999809265137,19.56999969482422,15.5,16.81999969482422
16.csv_Day8_8h30m,8.899999618530273,7.300000190734863,20.440000534057617,18.81999969482422,21.100000381469727,25.690000534057617,23.809999465942383,23.549999237060547,22.8700008392334
16.csv_Day8_9h00m,9.859999656677246,11.329999923706055,31.6200008392334,27.809999465942383,28.809999465942383,39.220001220703125,29.260000228881836,36.040000915527344,32.75
16.csv_Day8_9h30m,19.09000015258789,21.010000228881836,40.47999954223633,41.959999084472656,41.04999923706055,48.7400016784668,41.90999984741211,39.95000076293945,36.720001220703125
16.csv_Day8_10h00m,25.6200008392334,21.299999237060547,41.349998474121094,41.88999938964844,41.2599983215332,45.20000076293945,48.77000045776367,48.43000030517578,42.65999984741211
16.csv_Day8_10h30m,26.780000686645508,23.719999313354492,40.220001220703125,40.77000045776367,46.72999954223633,49.599998474121094,48.54999923706055,47.16999816894531,45.83000183105469
16.csv_Day8_11h00m,28.719999313354492,28.3799991607666,46.369998931884766,47.43000030517578,47.529998779296875,49.130001068115234,52.40999984741211,52.22999954223633,50.5099983215332
16.csv_Day8_11h30m,33.400001525878906,27.15999984741211,45.540000915527344,47.33000183105469,47.599998474121094,51.09000015258789,52.86000061035156,49.2400016784668,51.040000915527344
16.csv_Day8_12h00m,35.189998626708984,31.770000457763672,44.849998474121094,48.41999816894531,46.650001525878906,50.45000076293945,53.45000076293945,44.150001525878906,52.119998931884766
16.csv_Day8_12h30m,30.1299991607666,26.940000534057617,46.880001068115234,46.869998931884766,42.47999954223633,48.0099983215332,51.70000076293945,41.33000183105469,50.4900016784668
16.csv_Day8_13h00m,29.760000228881836,28.639999389648438,44.099998474121094,48.86000061035156,44.5,50.900001525878906,53.529998779296875,44.310001373291016,47.810001373291016
16.csv_Day8_13h30m,26.920000076293945,29.3700008392334,43.75,47.56999969482422,43.630001068115234,50.81999969482422,49.220001220703125,37.54999923706055,43.88999938964844
16.csv_Day8_14h00m,22.290000915527344,29.459999084472656,40.630001068115234,46.20000076293945,39.9900016784668,46.43000030517578,41.9900016784668,35.66999816894531,39.20000076293945
16.csv_Day8_14h30m,14.569999694824219,8.630000114440918,21.899999618530273,28.93000030517578,25.610000610351562,26.670000076293945,32.400001525878906,20.709999084472656,33.08000183105469
16.csv_Day8_15h00m,5.460000038146973,7.400000095367432,11.869999885559082,17.709999084472656,21.40999984741211,19.309999465942383,24.139999389648438,20.510000228881836,26.229999542236328
16.csv_Day8_15h30m,3.890000104904175,5.440000057220459,4.690000057220459,7.050000190734863,12.920000076293945,12.670000076293945,15.770000457763672,14.579999923706055,17.670000076293945
16.csv_Day8_16h00m,1.899999976158142,2.7300000190734863,2.130000114440918,3.25,6.039999961853027,5.079999923706055,7.760000228881836,8.84000015258789,8.859999656677246
16.csv_Day8_16h30m,0.0,0.0,0.0,1.090000033378601,1.7300000190734863,1.5700000524520874,1.7799999713897705,2.109999895095825,2.680000066757202
16.csv_Day8_17h00m,0.0,0.0,0.0,0.0,0.0,0.0,0.0,0.0,0.0
16.csv_Day8_17h30m,0.0,0.0,0.0,0.0,0.0,0.0,0.0,0.0,0.0
16.csv_Day8_18h00m,0.0,0.0,0.0,0.0,0.0,0.0,0.0,0.0,0.0
16.csv_Day8_18h30m,0.0,0.0,0.0,0.0,0.0,0.0,0.0,0.0,0.0
16.csv_Day8_19h00m,0.0,0.0,0.0,0.0,0.0,0.0,0.0,0.0,0.0
16.csv_Day8_19h30m,0.0,0.0,0.0,0.0,0.0,0.0,0.0,0.0,0.0
16.csv_Day8_20h00m,0.0,0.0,0.0,0.0,0.0,0.0,0.0,0.0,0.0
16.csv_Day8_20h30m,0.0,0.0,0.0,0.0,0.0,0.0,0.0,0.0,0.0
16.csv_Day8_21h00m,0.0,0.0,0.0,0.0,0.0,0.0,0.0,0.0,0.0
16.csv_Day8_21h30m,0.0,0.0,0.0,0.0,0.0,0.0,0.0,0.0,0.0
16.csv_Day8_22h00m,0.0,0.0,0.0,0.0,0.0,0.0,0.0,0.0,0.0
16.csv_Day8_22h30m,0.0,0.0,0.0,0.0,0.0,0.0,0.0,0.0,0.0
16.csv_Day8_23h00m,0.0,0.0,0.0,0.0,0.0,0.0,0.0,0.0,0.0
16.csv_Day8_23h30m,0.0,0.0,0.0,0.0,0.0,0.0,0.0,0.0,0.0
17.csv_Day7_0h00m,0.0,0.0,0.0,0.0,0.0,0.0,0.0,0.0,0.0
17.csv_Day7_0h30m,0.0,0.0,0.0,0.0,0.0,0.0,0.0,0.0,0.0
17.csv_Day7_1h00m,0.0,0.0,0.0,0.0,0.0,0.0,0.0,0.0,0.0
17.csv_Day7_1h30m,0.0,0.0,0.0,0.0,0.0,0.0,0.0,0.0,0.0
17.csv_Day7_2h00m,0.0,0.0,0.0,0.0,0.0,0.0,0.0,0.0,0.0
17.csv_Day7_2h30m,0.0,0.0,0.0,0.0,0.0,0.0,0.0,0.0,0.0
17.csv_Day7_3h00m,0.0,0.0,0.0,0.0,0.0,0.0,0.0,0.0,0.0
17.csv_Day7_3h30m,0.0,0.0,0.0,0.0,0.0,0.0,0.0,0.0,0.0
17.csv_Day7_4h00m,0.0,0.0,0.0,0.0,0.0,0.0,0.0,0.0,0.0
17.csv_Day7_4h30m,0.0,0.0,0.0,0.0,0.0,0.0,0.0,0.0,0.0
17.csv_Day7_5h00m,0.0,0.0,0.0,0.0,0.0,0.0,0.0,0.0,0.0
17.csv_Day7_5h30m,0.0,0.0,0.0,0.0,0.0,0.0,0.0,0.0,0.0
17.csv_Day7_6h00m,0.0,0.0,0.0,0.0,0.0,0.0,0.0,0.0,0.0
17.csv_Day7_6h30m,0.44999998807907104,2.5199999809265137,1.399999976158142,2.3399999141693115,3.759999990463257,4.690000057220459,4.360000133514404,4.550000190734863,4.679999828338623
17.csv_Day7_7h00m,1.1699999570846558,1.8899999856948853,6.829999923706055,7.320000171661377,9.289999961853027,11.930000305175781,11.539999961853027,11.510000228881836,12.550000190734863
17.csv_Day7_7h30m,3.5799999237060547,5.510000228881836,14.0600004196167,6.139999866485596,10.359999656677246,19.209999084472656,20.780000686645508,20.899999618530273,21.899999618530273
17.csv_Day7_8h00m,4.440000057220459,2.059999942779541,23.229999542236328,3.569999933242798,24.889999389648438,23.440000534057617,31.709999084472656,31.450000762939453,31.190000534057617
17.csv_Day7_8h30m,8.09000015258789,6.170000076293945,29.34000015258789,4.679999828338623,30.389999389648438,29.450000762939453,38.810001373291016,38.97999954223633,39.29999923706055
17.csv_Day7_9h00m,25.649999618530273,25.18000030517578,35.209999084472656,15.210000038146973,37.72999954223633,24.040000915527344,47.779998779296875,45.599998474121094,48.13999938964844
17.csv_Day7_9h30m,29.399999618530273,31.43000030517578,41.709999084472656,25.190000534057617,43.09000015258789,29.920000076293945,53.25,50.36000061035156,54.47999954223633
17.csv_Day7_10h00m,37.900001525878906,40.04999923706055,44.13999938964844,33.880001068115234,47.93000030517578,32.79999923706055,61.310001373291016,60.79999923706055,60.47999954223633
17.csv_Day7_10h30m,41.33000183105469,43.47999954223633,51.61000061035156,55.38999938964844,51.22999954223633,45.0,65.12000274658203,63.45000076293945,64.69999694824219
17.csv_Day7_11h00m,44.20000076293945,49.04999923706055,55.88999938964844,62.400001525878906,52.81999969482422,58.189998626708984,67.68000030517578,67.23999786376953,67.4000015258789
17.csv_Day7_11h30m,45.29999923706055,53.18000030517578,57.529998779296875,65.76000213623047,56.95000076293945,61.61000061035156,67.3499984741211,68.95999908447266,69.44999694824219
17.csv_Day7_12h00m,45.04999923706055,55.040000915527344,58.84000015258789,62.33000183105469,52.849998474121094,64.48999786376953,68.62000274658203,68.44000244140625,68.95999908447266
17.csv_Day7_12h30m,46.880001068115234,55.91999816894531,59.75,62.400001525878906,53.75,62.41999816894531,67.69000244140625,65.81999969482422,67.79000091552734
17.csv_Day7_13h00m,45.47999954223633,54.31999969482422,57.33000183105469,57.97999954223633,50.79999923706055,54.04999923706055,63.439998626708984,62.02000045776367,64.16999816894531
17.csv_Day7_13h30m,45.689998626708984,49.2599983215332,53.119998931884766,54.27000045776367,52.75,57.5099983215332,62.220001220703125,63.11000061035156,60.689998626708984
17.csv_Day7_14h00m,42.599998474121094,44.220001220703125,48.22999954223633,40.54999923706055,48.63999938964844,48.849998474121094,53.81999969482422,56.970001220703125,55.45000076293945
17.csv_Day7_14h30m,35.369998931884766,38.56999969482422,42.84000015258789,30.93000030517578,41.63999938964844,41.25,50.0,49.7599983215332,48.709999084472656
17.csv_Day7_15h00m,22.06999969482422,32.29999923706055,28.329999923706055,16.790000915527344,36.06999969482422,33.18000030517578,35.56999969482422,35.41999816894531,38.72999954223633
17.csv_Day7_15h30m,14.300000190734863,22.850000381469727,25.200000762939453,21.09000015258789,29.059999465942383,23.600000381469727,28.860000610351562,26.399999618530273,30.290000915527344
17.csv_Day7_16h00m,2.5799999237060547,5.630000114440918,17.030000686645508,12.0600004196167,18.6299991607666,19.170000076293945,20.790000915527344,20.260000228881836,22.040000915527344
17.csv_Day7_16h30m,0.8700000047683716,7.210000038146973,8.630000114440918,9.5600004196167,9.609999656677246,11.670000076293945,13.239999771118164,12.90999984741211,13.069999694824219
17.csv_Day7_17h00m,0.6499999761581421,2.619999885559082,3.059999942779541,2.8499999046325684,4.159999847412109,3.6600000858306885,5.170000076293945,5.050000190734863,5.260000228881836
17.csv_Day7_17h30m,0.0,0.0,0.0,0.0,0.0,0.0,0.0,0.0,0.0
17.csv_Day7_18h00m,0.0,0.0,0.0,0.0,0.0,0.0,0.0,0.0,0.0
17.csv_Day7_18h30m,0.0,0.0,0.0,0.0,0.0,0.0,0.0,0.0,0.0
17.csv_Day7_19h00m,0.0,0.0,0.0,0.0,0.0,0.0,0.0,0.0,0.0
17.csv_Day7_19h30m,0.0,0.0,0.0,0.0,0.0,0.0,0.0,0.0,0.0
17.csv_Day7_20h00m,0.0,0.0,0.0,0.0,0.0,0.0,0.0,0.0,0.0
17.csv_Day7_20h30m,0.0,0.0,0.0,0.0,0.0,0.0,0.0,0.0,0.0
17.csv_Day7_21h00m,0.0,0.0,0.0,0.0,0.0,0.0,0.0,0.0,0.0
17.csv_Day7_21h30m,0.0,0.0,0.0,0.0,0.0,0.0,0.0,0.0,0.0
17.csv_Day7_22h00m,0.0,0.0,0.0,0.0,0.0,0.0,0.0,0.0,0.0
17.csv_Day7_22h30m,0.0,0.0,0.0,0.0,0.0,0.0,0.0,0.0,0.0
17.csv_Day7_23h00m,0.0,0.0,0.0,0.0,0.0,0.0,0.0,0.0,0.0
17.csv_Day7_23h30m,0.0,0.0,0.0,0.0,0.0,0.0,0.0,0.0,0.0
17.csv_Day8_0h00m,0.0,0.0,0.0,0.0,0.0,0.0,0.0,0.0,0.0
17.csv_Day8_0h30m,0.0,0.0,0.0,0.0,0.0,0.0,0.0,0.0,0.0
17.csv_Day8_1h00m,0.0,0.0,0.0,0.0,0.0,0.0,0.0,0.0,0.0
17.csv_Day8_1h30m,0.0,0.0,0.0,0.0,0.0,0.0,0.0,0.0,0.0
17.csv_Day8_2h00m,0.0,0.0,0.0,0.0,0.0,0.0,0.0,0.0,0.0
17.csv_Day8_2h30m,0.0,0.0,0.0,0.0,0.0,0.0,0.0,0.0,0.0
17.csv_Day8_3h00m,0.0,0.0,0.0,0.0,0.0,0.0,0.0,0.0,0.0
17.csv_Day8_3h30m,0.0,0.0,0.0,0.0,0.0,0.0,0.0,0.0,0.0
17.csv_Day8_4h00m,0.0,0.0,0.0,0.0,0.0,0.0,0.0,0.0,0.0
17.csv_Day8_4h30m,0.0,0.0,0.0,0.0,0.0,0.0,0.0,0.0,0.0
17.csv_Day8_5h00m,0.0,0.0,0.0,0.0,0.0,0.0,0.0,0.0,0.0
17.csv_Day8_5h30m,0.0,0.0,0.0,0.0,0.0,0.0,0.0,0.0,0.0
17.csv_Day8_6h00m,0.0,0.0,0.0,0.0,0.0,0.0,0.0,0.0,0.0
17.csv_Day8_6h30m,1.3899999856948853,2.5399999618530273,1.3899999856948853,2.3299999237060547,3.7699999809265137,3.1500000953674316,4.360000133514404,4.840000152587891,4.679999828338623
17.csv_Day8_7h00m,2.869999885559082,1.899999976158142,4.610000133514404,7.28000020980835,9.300000190734863,10.640000343322754,11.40999984741211,12.579999923706055,12.539999961853027
17.csv_Day8_7h30m,6.590000152587891,5.539999961853027,6.940000057220459,6.099999904632568,10.369999885559082,19.729999542236328,20.56999969482422,22.049999237060547,21.889999389648438
17.csv_Day8_8h00m,15.770000457763672,2.069999933242798,25.809999465942383,3.549999952316284,24.90999984741211,29.84000015258789,31.40999984741211,32.959999084472656,31.18000030517578
17.csv_Day8_8h30m,23.600000381469727,6.199999809265137,31.190000534057617,4.650000095367432,30.40999984741211,36.900001525878906,38.45000076293945,41.150001525878906,39.290000915527344
17.csv_Day8_9h00m,27.229999542236328,25.31999969482422,40.90999984741211,15.109999656677246,37.7599983215332,46.599998474121094,47.34000015258789,48.45000076293945,48.119998931884766
17.csv_Day8_9h30m,30.729999542236328,31.610000610351562,48.59000015258789,25.040000915527344,43.130001068115234,51.900001525878906,52.7599983215332,54.77000045776367,54.459999084472656
17.csv_Day8_10h00m,39.84000015258789,40.279998779296875,52.20000076293945,33.66999816894531,47.970001220703125,60.290000915527344,60.7599983215332,63.380001068115234,60.45000076293945
17.csv_Day8_10h30m,41.06999969482422,43.720001220703125,56.59000015258789,55.04999923706055,51.27000045776367,64.19999694824219,64.52999877929688,67.11000061035156,64.66999816894531
17.csv_Day8_11h00m,42.540000915527344,49.31999969482422,60.59000015258789,62.02000045776367,52.86000061035156,68.16000366210938,67.06999969482422,70.41000366210938,67.37000274658203
17.csv_Day8_11h30m,44.119998931884766,53.470001220703125,60.58000183105469,65.37000274658203,56.9900016784668,70.58000183105469,66.73999786376953,71.38999938964844,69.41999816894531
17.csv_Day8_12h00m,44.540000915527344,55.349998474121094,62.65999984741211,61.95000076293945,52.88999938964844,70.73999786376953,68.0,71.8499984741211,68.93000030517578
17.csv_Day8_12h30m,46.41999816894531,56.22999954223633,60.290000915527344,62.02000045776367,53.790000915527344,68.88999938964844,67.08000183105469,69.62999725341797,67.76000213623047
17.csv_Day8_13h00m,46.13999938964844,54.619998931884766,57.540000915527344,57.630001068115234,50.84000015258789,64.56999969482422,62.869998931884766,66.77999877929688,64.1500015258789
17.csv_Day8_13h30m,46.0,49.540000915527344,52.11000061035156,53.95000076293945,52.790000915527344,61.84000015258789,61.65999984741211,64.06999969482422,60.66999816894531
17.csv_Day8_14h00m,44.630001068115234,44.470001220703125,46.560001373291016,40.29999923706055,48.68000030517578,55.5,53.33000183105469,57.880001068115234,55.43000030517578
17.csv_Day8_14h30m,39.79999923706055,38.790000915527344,39.939998626708984,30.739999771118164,41.68000030517578,49.47999954223633,49.54999923706055,51.209999084472656,48.689998626708984
17.csv_Day8_15h00m,28.709999084472656,32.4900016784668,31.950000762939453,16.690000534057617,36.099998474121094,38.060001373291016,35.220001220703125,40.65999984741211,38.709999084472656
17.csv_Day8_15h30m,23.5,22.979999542236328,24.329999923706055,20.959999084472656,29.079999923706055,29.110000610351562,28.579999923706055,31.920000076293945,30.270000457763672
17.csv_Day8_16h00m,13.279999732971191,5.659999847412109,15.220000267028809,11.979999542236328,18.639999389648438,19.450000762939453,20.579999923706055,21.18000030517578,22.030000686645508
17.csv_Day8_16h30m,8.039999961853027,7.25,8.100000381469727,9.5,9.609999656677246,11.850000381469727,13.09000015258789,12.710000038146973,13.069999694824219
17.csv_Day8_17h00m,1.6200000047683716,2.640000104904175,3.0299999713897705,2.8399999141693115,4.159999847412109,3.4000000953674316,5.090000152587891,5.449999809265137,5.260000228881836
17.csv_Day8_17h30m,0.0,0.0,0.0,0.0,0.0,0.0,0.0,0.0,0.0
17.csv_Day8_18h00m,0.0,0.0,0.0,0.0,0.0,0.0,0.0,0.0,0.0
17.csv_Day8_18h30m,0.0,0.0,0.0,0.0,0.0,0.0,0.0,0.0,0.0
17.csv_Day8_19h00m,0.0,0.0,0.0,0.0,0.0,0.0,0.0,0.0,0.0
17.csv_Day8_19h30m,0.0,0.0,0.0,0.0,0.0,0.0,0.0,0.0,0.0
17.csv_Day8_20h00m,0.0,0.0,0.0,0.0,0.0,0.0,0.0,0.0,0.0
17.csv_Day8_20h30m,0.0,0.0,0.0,0.0,0.0,0.0,0.0,0.0,0.0
17.csv_Day8_21h00m,0.0,0.0,0.0,0.0,0.0,0.0,0.0,0.0,0.0
17.csv_Day8_21h30m,0.0,0.0,0.0,0.0,0.0,0.0,0.0,0.0,0.0
17.csv_Day8_22h00m,0.0,0.0,0.0,0.0,0.0,0.0,0.0,0.0,0.0
17.csv_Day8_22h30m,0.0,0.0,0.0,0.0,0.0,0.0,0.0,0.0,0.0
17.csv_Day8_23h00m,0.0,0.0,0.0,0.0,0.0,0.0,0.0,0.0,0.0
17.csv_Day8_23h30m,0.0,0.0,0.0,0.0,0.0,0.0,0.0,0.0,0.0
18.csv_Day7_0h00m,0.0,0.0,0.0,0.0,0.0,0.0,0.0,0.0,0.0
18.csv_Day7_0h30m,0.0,0.0,0.0,0.0,0.0,0.0,0.0,0.0,0.0
18.csv_Day7_1h00m,0.0,0.0,0.0,0.0,0.0,0.0,0.0,0.0,0.0
18.csv_Day7_1h30m,0.0,0.0,0.0,0.0,0.0,0.0,0.0,0.0,0.0
18.csv_Day7_2h00m,0.0,0.0,0.0,0.0,0.0,0.0,0.0,0.0,0.0
18.csv_Day7_2h30m,0.0,0.0,0.0,0.0,0.0,0.0,0.0,0.0,0.0
18.csv_Day7_3h00m,0.0,0.0,0.0,0.0,0.0,0.0,0.0,0.0,0.0
18.csv_Day7_3h30m,0.0,0.0,0.0,0.0,0.0,0.0,0.0,0.0,0.0
18.csv_Day7_4h00m,0.0,0.0,0.0,0.0,0.0,0.0,0.0,0.0,0.0
18.csv_Day7_4h30m,0.0,0.0,0.0,0.0,0.0,0.0,0.0,0.0,0.0
18.csv_Day7_5h00m,0.0,0.0,0.0,0.0,0.0,0.0,0.0,0.0,0.0
18.csv_Day7_5h30m,0.0,0.0,0.0,0.0,0.0,0.0,0.0,0.0,0.0
18.csv_Day7_6h00m,0.0,0.0,0.0,0.0,0.0,0.0,0.0,0.0,0.0
18.csv_Day7_6h30m,0.5699999928474426,0.25,1.0800000429153442,0.3700000047683716,1.7200000286102295,0.6600000262260437,1.340000033378601,1.940000057220459,2.9700000286102295
18.csv_Day7_7h00m,6.190000057220459,3.25,11.869999885559082,8.069999694824219,10.800000190734863,10.15999984741211,9.5,12.449999809265137,12.199999809265137
18.csv_Day7_7h30m,12.380000114440918,9.069999694824219,20.829999923706055,24.579999923706055,19.889999389648438,19.139999389648438,20.329999923706055,20.329999923706055,21.34000015258789
18.csv_Day7_8h00m,19.229999542236328,18.989999771118164,27.200000762939453,28.469999313354492,27.34000015258789,30.06999969482422,29.270000457763672,28.8700008392334,30.020000457763672
18.csv_Day7_8h30m,30.100000381469727,21.6200008392334,28.5,33.0,33.27000045776367,40.220001220703125,36.95000076293945,38.66999816894531,39.41999816894531
18.csv_Day7_9h00m,35.4900016784668,28.3700008392334,36.52000045776367,43.31999969482422,37.40999984741211,46.380001068115234,41.91999816894531,46.06999969482422,45.91999816894531
18.csv_Day7_9h30m,24.899999618530273,33.45000076293945,43.38999938964844,55.79999923706055,29.1200008392334,41.060001373291016,51.22999954223633,53.61000061035156,53.36000061035156
18.csv_Day7_10h00m,34.7400016784668,38.29999923706055,17.43000030517578,54.45000076293945,49.18000030517578,61.959999084472656,58.54999923706055,61.119998931884766,59.15999984741211
18.csv_Day7_10h30m,34.2599983215332,37.43000030517578,13.140000343322754,54.130001068115234,51.95000076293945,65.98999786376953,60.2400016784668,64.27999877929688,62.040000915527344
18.csv_Day7_11h00m,28.5,38.68000030517578,14.859999656677246,60.83000183105469,54.34000015258789,66.12000274658203,60.470001220703125,65.69000244140625,61.27000045776367
18.csv_Day7_11h30m,35.029998779296875,45.86000061035156,19.280000686645508,64.63999938964844,62.029998779296875,68.87999725341797,64.87999725341797,67.33999633789062,66.47000122070312
18.csv_Day7_12h00m,27.06999969482422,47.36000061035156,17.110000610351562,63.16999816894531,62.56999969482422,66.30999755859375,65.0999984741211,67.37999725341797,65.30000305175781
18.csv_Day7_12h30m,23.31999969482422,48.77000045776367,17.270000457763672,65.12999725341797,61.31999969482422,62.2400016784668,64.97000122070312,66.0999984741211,64.05000305175781
18.csv_Day7_13h00m,19.209999084472656,47.47999954223633,14.050000190734863,58.27000045776367,59.470001220703125,60.810001373291016,61.439998626708984,62.279998779296875,62.20000076293945
18.csv_Day7_13h30m,18.219999313354492,43.400001525878906,15.859999656677246,55.88999938964844,50.56999969482422,53.54999923706055,57.439998626708984,57.849998474121094,58.220001220703125
18.csv_Day7_14h00m,11.819999694824219,41.54999923706055,12.8100004196167,49.79999923706055,48.04999923706055,43.79999923706055,52.459999084472656,51.15999984741211,51.08000183105469
18.csv_Day7_14h30m,21.989999771118164,39.54999923706055,16.540000915527344,46.2400016784668,42.5,43.900001525878906,46.619998931884766,45.619998931884766,45.97999954223633
18.csv_Day7_15h00m,17.0,34.09000015258789,19.299999237060547,40.459999084472656,35.20000076293945,36.540000915527344,39.61000061035156,36.630001068115234,36.4900016784668
18.csv_Day7_15h30m,20.90999984741211,33.63999938964844,11.890000343322754,30.950000762939453,27.31999969482422,28.239999771118164,29.649999618530273,28.770000457763672,28.600000381469727
18.csv_Day7_16h00m,8.899999618530273,18.309999465942383,10.8100004196167,17.280000686645508,18.809999465942383,17.600000381469727,19.520000457763672,19.520000457763672,19.420000076293945
18.csv_Day7_16h30m,4.110000133514404,8.010000228881836,5.199999809265137,7.590000152587891,8.289999961853027,7.199999809265137,8.539999961853027,9.289999961853027,9.319999694824219
18.csv_Day7_17h00m,1.5399999618530273,1.3300000429153442,1.600000023841858,0.25,1.9700000286102295,2.140000104904175,1.8700000047683716,2.5,2.809999942779541
18.csv_Day7_17h30m,0.0,0.0,0.0,0.0,0.0,0.0,0.0,0.0,0.0
18.csv_Day7_18h00m,0.0,0.0,0.0,0.0,0.0,0.0,0.0,0.0,0.0
18.csv_Day7_18h30m,0.0,0.0,0.0,0.0,0.0,0.0,0.0,0.0,0.0
18.csv_Day7_19h00m,0.0,0.0,0.0,0.0,0.0,0.0,0.0,0.0,0.0
18.csv_Day7_19h30m,0.0,0.0,0.0,0.0,0.0,0.0,0.0,0.0,0.0
18.csv_Day7_20h00m,0.0,0.0,0.0,0.0,0.0,0.0,0.0,0.0,0.0
18.csv_Day7_20h30m,0.0,0.0,0.0,0.0,0.0,0.0,0.0,0.0,0.0
18.csv_Day7_21h00m,0.0,0.0,0.0,0.0,0.0,0.0,0.0,0.0,0.0
18.csv_Day7_21h30m,0.0,0.0,0.0,0.0,0.0,0.0,0.0,0.0,0.0
18.csv_Day7_22h00m,0.0,0.0,0.0,0.0,0.0,0.0,0.0,0.0,0.0
18.csv_Day7_22h30m,0.0,0.0,0.0,0.0,0.0,0.0,0.0,0.0,0.0
18.csv_Day7_23h00m,0.0,0.0,0.0,0.0,0.0,0.0,0.0,0.0,0.0
18.csv_Day7_23h30m,0.0,0.0,0.0,0.0,0.0,0.0,0.0,0.0,0.0
18.csv_Day8_0h00m,0.0,0.0,0.0,0.0,0.0,0.0,0.0,0.0,0.0
18.csv_Day8_0h30m,0.0,0.0,0.0,0.0,0.0,0.0,0.0,0.0,0.0
18.csv_Day8_1h00m,0.0,0.0,0.0,0.0,0.0,0.0,0.0,0.0,0.0
18.csv_Day8_1h30m,0.0,0.0,0.0,0.0,0.0,0.0,0.0,0.0,0.0
18.csv_Day8_2h00m,0.0,0.0,0.0,0.0,0.0,0.0,0.0,0.0,0.0
18.csv_Day8_2h30m,0.0,0.0,0.0,0.0,0.0,0.0,0.0,0.0,0.0
18.csv_Day8_3h00m,0.0,0.0,0.0,0.0,0.0,0.0,0.0,0.0,0.0
18.csv_Day8_3h30m,0.0,0.0,0.0,0.0,0.0,0.0,0.0,0.0,0.0
18.csv_Day8_4h00m,0.0,0.0,0.0,0.0,0.0,0.0,0.0,0.0,0.0
18.csv_Day8_4h30m,0.0,0.0,0.0,0.0,0.0,0.0,0.0,0.0,0.0
18.csv_Day8_5h00m,0.0,0.0,0.0,0.0,0.0,0.0,0.0,0.0,0.0
18.csv_Day8_5h30m,0.0,0.0,0.0,0.0,0.0,0.0,0.0,0.0,0.0
18.csv_Day8_6h00m,0.0,0.0,0.0,0.0,0.0,0.0,0.0,0.0,0.0
18.csv_Day8_6h30m,0.009999999776482582,0.25,1.399999976158142,0.3700000047683716,1.7200000286102295,0.9700000286102295,1.4199999570846558,1.2200000286102295,2.9700000286102295
18.csv_Day8_7h00m,5.639999866485596,3.2699999809265137,12.40999984741211,8.020000457763672,10.8100004196167,7.929999828338623,9.65999984741211,12.460000038146973,12.199999809265137
18.csv_Day8_7h30m,8.25,9.119999885559082,24.239999771118164,24.43000030517578,19.899999618530273,16.3799991607666,20.1200008392334,20.0,21.329999923706055
18.csv_Day8_8h00m,8.489999771118164,19.09000015258789,29.389999389648438,28.299999237060547,27.360000610351562,26.020000457763672,28.989999771118164,27.8799991607666,30.010000228881836
18.csv_Day8_8h30m,16.100000381469727,21.739999771118164,34.95000076293945,32.79999923706055,33.29999923706055,23.31999969482422,36.61000061035156,37.36000061035156,39.400001525878906
18.csv_Day8_9h00m,23.059999465942383,28.530000686645508,29.950000762939453,43.060001373291016,37.439998626708984,22.670000076293945,41.540000915527344,43.83000183105469,45.900001525878906
18.csv_Day8_9h30m,6.5,33.63999938964844,23.440000534057617,55.470001220703125,29.139999389648438,27.75,50.779998779296875,49.7400016784668,53.34000015258789
18.csv_Day8_10h00m,30.719999313354492,38.5099983215332,29.780000686645508,54.119998931884766,49.220001220703125,23.31999969482422,58.029998779296875,60.11000061035156,59.13999938964844
18.csv_Day8_10h30m,30.639999389648438,37.63999938964844,35.540000915527344,53.810001373291016,51.9900016784668,23.549999237060547,59.70000076293945,62.2400016784668,62.0099983215332
18.csv_Day8_11h00m,29.149999618530273,38.900001525878906,41.5,60.459999084472656,54.380001068115234,26.3700008392334,59.93000030517578,64.38999938964844,61.2400016784668
18.csv_Day8_11h30m,45.709999084472656,46.119998931884766,49.959999084472656,64.25,62.08000183105469,44.029998779296875,64.30000305175781,63.02000045776367,66.44000244140625
18.csv_Day8_12h00m,37.04999923706055,47.619998931884766,49.4900016784668,62.790000915527344,62.619998931884766,37.70000076293945,64.5199966430664,66.25,65.2699966430664
18.csv_Day8_12h30m,28.950000762939453,49.040000915527344,47.38999938964844,64.73999786376953,61.369998931884766,31.780000686645508,64.4000015258789,66.2699966430664,64.0199966430664
18.csv_Day8_13h00m,38.5,47.75,42.93000030517578,57.91999816894531,59.52000045776367,50.95000076293945,60.88999938964844,63.27000045776367,62.16999816894531
18.csv_Day8_13h30m,38.79999923706055,43.63999938964844,36.439998626708984,55.54999923706055,50.61000061035156,52.779998779296875,56.91999816894531,59.61000061035156,58.20000076293945
18.csv_Day8_14h00m,33.849998474121094,41.779998779296875,41.68000030517578,49.5,48.09000015258789,51.560001373291016,51.9900016784668,53.689998626708984,51.04999923706055
18.csv_Day8_14h30m,38.369998931884766,39.77000045776367,38.34000015258789,45.970001220703125,42.529998779296875,45.36000061035156,46.189998626708984,47.709999084472656,45.959999084472656
18.csv_Day8_15h00m,32.45000076293945,34.279998779296875,32.119998931884766,40.220001220703125,35.22999954223633,32.34000015258789,39.25,38.150001525878906,36.470001220703125
18.csv_Day8_15h30m,24.920000076293945,33.83000183105469,21.540000915527344,30.770000457763672,27.34000015258789,27.549999237060547,29.3700008392334,29.65999984741211,28.59000015258789
18.csv_Day8_16h00m,9.260000228881836,18.40999984741211,13.479999542236328,17.18000030517578,18.829999923706055,17.450000762939453,19.31999969482422,19.459999084472656,19.40999984741211
18.csv_Day8_16h30m,4.03000020980835,8.0600004196167,4.690000057220459,7.539999961853027,8.300000190734863,7.070000171661377,8.430000305175781,9.0600004196167,9.319999694824219
18.csv_Day8_17h00m,0.9100000262260437,1.340000033378601,1.350000023841858,0.25,1.9700000286102295,1.659999966621399,1.9299999475479126,2.430000066757202,2.809999942779541
18.csv_Day8_17h30m,0.0,0.0,0.0,0.0,0.0,0.0,0.0,0.0,0.0
18.csv_Day8_18h00m,0.0,0.0,0.0,0.0,0.0,0.0,0.0,0.0,0.0
18.csv_Day8_18h30m,0.0,0.0,0.0,0.0,0.0,0.0,0.0,0.0,0.0
18.csv_Day8_19h00m,0.0,0.0,0.0,0.0,0.0,0.0,0.0,0.0,0.0
18.csv_Day8_19h30m,0.0,0.0,0.0,0.0,0.0,0.0,0.0,0.0,0.0
18.csv_Day8_20h00m,0.0,0.0,0.0,0.0,0.0,0.0,0.0,0.0,0.0
18.csv_Day8_20h30m,0.0,0.0,0.0,0.0,0.0,0.0,0.0,0.0,0.0
18.csv_Day8_21h00m,0.0,0.0,0.0,0.0,0.0,0.0,0.0,0.0,0.0
18.csv_Day8_21h30m,0.0,0.0,0.0,0.0,0.0,0.0,0.0,0.0,0.0
18.csv_Day8_22h00m,0.0,0.0,0.0,0.0,0.0,0.0,0.0,0.0,0.0
18.csv_Day8_22h30m,0.0,0.0,0.0,0.0,0.0,0.0,0.0,0.0,0.0
18.csv_Day8_23h00m,0.0,0.0,0.0,0.0,0.0,0.0,0.0,0.0,0.0
18.csv_Day8_23h30m,0.0,0.0,0.0,0.0,0.0,0.0,0.0,0.0,0.0
19.csv_Day7_0h00m,0.0,0.0,0.0,0.0,0.0,0.0,0.0,0.0,0.0
19.csv_Day7_0h30m,0.0,0.0,0.0,0.0,0.0,0.0,0.0,0.0,0.0
19.csv_Day7_1h00m,0.0,0.0,0.0,0.0,0.0,0.0,0.0,0.0,0.0
19.csv_Day7_1h30m,0.0,0.0,0.0,0.0,0.0,0.0,0.0,0.0,0.0
19.csv_Day7_2h00m,0.0,0.0,0.0,0.0,0.0,0.0,0.0,0.0,0.0
19.csv_Day7_2h30m,0.0,0.0,0.0,0.0,0.0,0.0,0.0,0.0,0.0
19.csv_Day7_3h00m,0.0,0.0,0.0,0.0,0.0,0.0,0.0,0.0,0.0
19.csv_Day7_3h30m,0.0,0.0,0.0,0.0,0.0,0.0,0.0,0.0,0.0
19.csv_Day7_4h00m,0.0,0.0,0.0,0.0,0.0,0.0,0.0,0.0,0.0
19.csv_Day7_4h30m,0.0,0.0,0.0,0.0,0.0,0.0,0.0,0.0,0.0
19.csv_Day7_5h00m,0.0,0.0,0.0,0.0,0.0,0.0,0.0,0.0,0.0
19.csv_Day7_5h30m,0.0,0.0,0.0,0.0,0.0,0.0,0.0,0.0,0.0
19.csv_Day7_6h00m,0.0,0.0,0.0,0.0,0.0,0.0,0.0,0.0,0.0
19.csv_Day7_6h30m,0.0,0.0,0.0,0.0,0.0,0.0,0.0,0.0,0.0
19.csv_Day7_7h00m,0.0,0.0,0.0,0.0,0.0,0.0,0.0,0.0,0.0
19.csv_Day7_7h30m,0.0,0.0,0.0,1.149999976158142,1.809999942779541,0.7099999785423279,1.4199999570846558,2.3299999237060547,2.0999999046325684
19.csv_Day7_8h00m,3.990000009536743,6.050000190734863,6.789999961853027,4.909999847412109,9.930000305175781,7.860000133514404,7.599999904632568,7.710000038146973,8.960000038146973
19.csv_Day7_8h30m,6.679999828338623,6.079999923706055,12.210000038146973,9.460000038146973,17.139999389648438,17.0,15.220000267028809,13.220000267028809,16.709999084472656
19.csv_Day7_9h00m,7.429999828338623,6.389999866485596,17.889999389648438,16.700000762939453,23.1299991607666,24.850000381469727,24.079999923706055,22.459999084472656,24.510000228881836
19.csv_Day7_9h30m,8.729999542236328,7.71999979019165,20.3700008392334,21.649999618530273,28.399999618530273,28.479999542236328,29.34000015258789,27.239999771118164,30.40999984741211
19.csv_Day7_10h00m,5.590000152587891,18.790000915527344,23.75,24.110000610351562,38.880001068115234,30.18000030517578,33.56999969482422,34.220001220703125,35.75
19.csv_Day7_10h30m,6.670000076293945,15.079999923706055,29.760000228881836,29.43000030517578,40.470001220703125,35.189998626708984,39.040000915527344,38.97999954223633,39.90999984741211
19.csv_Day7_11h00m,8.289999961853027,20.350000381469727,33.720001220703125,32.790000915527344,47.79999923706055,37.36000061035156,40.11000061035156,41.77000045776367,43.130001068115234
19.csv_Day7_11h30m,12.65999984741211,21.079999923706055,38.18000030517578,32.099998474121094,48.959999084472656,39.47999954223633,41.0,43.08000183105469,44.61000061035156
19.csv_Day7_12h00m,8.34000015258789,21.3700008392334,36.130001068115234,28.34000015258789,45.52000045776367,39.52000045776367,41.04999923706055,42.97999954223633,44.650001525878906
19.csv_Day7_12h30m,9.760000228881836,22.030000686645508,35.790000915527344,29.139999389648438,45.22999954223633,37.20000076293945,40.599998474121094,41.689998626708984,43.66999816894531
19.csv_Day7_13h00m,14.300000190734863,20.360000610351562,36.400001525878906,28.56999969482422,38.41999816894531,36.209999084472656,36.560001373291016,38.900001525878906,41.61000061035156
19.csv_Day7_13h30m,13.619999885559082,19.709999084472656,33.060001373291016,25.8700008392334,35.58000183105469,33.38999938964844,33.54999923706055,36.08000183105469,37.97999954223633
19.csv_Day7_14h00m,14.420000076293945,18.110000610351562,29.81999969482422,26.6200008392334,28.40999984741211,31.459999084472656,28.440000534057617,30.450000762939453,33.75
19.csv_Day7_14h30m,11.949999809265137,16.25,24.850000381469727,21.389999389648438,21.969999313354492,25.649999618530273,22.170000076293945,25.139999389648438,26.559999465942383
19.csv_Day7_15h00m,8.789999961853027,12.880000114440918,19.170000076293945,15.539999961853027,16.850000381469727,19.34000015258789,19.329999923706055,19.84000015258789,21.100000381469727
19.csv_Day7_15h30m,4.880000114440918,8.15999984741211,11.859999656677246,9.600000381469727,14.979999542236328,11.130000114440918,12.529999732971191,11.25,13.90999984741211
19.csv_Day7_16h00m,2.680000066757202,2.5899999141693115,3.2100000381469727,4.320000171661377,4.860000133514404,4.239999771118164,5.650000095367432,5.170000076293945,6.039999961853027
19.csv_Day7_16h30m,0.0,0.0,0.0,0.5899999737739563,1.649999976158142,0.07999999821186066,1.090000033378601,1.5,1.649999976158142
19.csv_Day7_17h00m,0.0,0.0,0.0,0.0,0.0,0.0,0.0,0.0,0.0
19.csv_Day7_17h30m,0.0,0.0,0.0,0.0,0.0,0.0,0.0,0.0,0.0
19.csv_Day7_18h00m,0.0,0.0,0.0,0.0,0.0,0.0,0.0,0.0,0.0
19.csv_Day7_18h30m,0.0,0.0,0.0,0.0,0.0,0.0,0.0,0.0,0.0
19.csv_Day7_19h00m,0.0,0.0,0.0,0.0,0.0,0.0,0.0,0.0,0.0
19.csv_Day7_19h30m,0.0,0.0,0.0,0.0,0.0,0.0,0.0,0.0,0.0
19.csv_Day7_20h00m,0.0,0.0,0.0,0.0,0.0,0.0,0.0,0.0,0.0
19.csv_Day7_20h30m,0.0,0.0,0.0,0.0,0.0,0.0,0.0,0.0,0.0
19.csv_Day7_21h00m,0.0,0.0,0.0,0.0,0.0,0.0,0.0,0.0,0.0
19.csv_Day7_21h30m,0.0,0.0,0.0,0.0,0.0,0.0,0.0,0.0,0.0
19.csv_Day7_22h00m,0.0,0.0,0.0,0.0,0.0,0.0,0.0,0.0,0.0
19.csv_Day7_22h30m,0.0,0.0,0.0,0.0,0.0,0.0,0.0,0.0,0.0
19.csv_Day7_23h00m,0.0,0.0,0.0,0.0,0.0,0.0,0.0,0.0,0.0
19.csv_Day7_23h30m,0.0,0.0,0.0,0.0,0.0,0.0,0.0,0.0,0.0
19.csv_Day8_0h00m,0.0,0.0,0.0,0.0,0.0,0.0,0.0,0.0,0.0
19.csv_Day8_0h30m,0.0,0.0,0.0,0.0,0.0,0.0,0.0,0.0,0.0
19.csv_Day8_1h00m,0.0,0.0,0.0,0.0,0.0,0.0,0.0,0.0,0.0
19.csv_Day8_1h30m,0.0,0.0,0.0,0.0,0.0,0.0,0.0,0.0,0.0
19.csv_Day8_2h00m,0.0,0.0,0.0,0.0,0.0,0.0,0.0,0.0,0.0
19.csv_Day8_2h30m,0.0,0.0,0.0,0.0,0.0,0.0,0.0,0.0,0.0
19.csv_Day8_3h00m,0.0,0.0,0.0,0.0,0.0,0.0,0.0,0.0,0.0
19.csv_Day8_3h30m,0.0,0.0,0.0,0.0,0.0,0.0,0.0,0.0,0.0
19.csv_Day8_4h00m,0.0,0.0,0.0,0.0,0.0,0.0,0.0,0.0,0.0
19.csv_Day8_4h30m,0.0,0.0,0.0,0.0,0.0,0.0,0.0,0.0,0.0
19.csv_Day8_5h00m,0.0,0.0,0.0,0.0,0.0,0.0,0.0,0.0,0.0
19.csv_Day8_5h30m,0.0,0.0,0.0,0.0,0.0,0.0,0.0,0.0,0.0
19.csv_Day8_6h00m,0.0,0.0,0.0,0.0,0.0,0.0,0.0,0.0,0.0
19.csv_Day8_6h30m,0.0,0.0,0.0,0.0,0.0,0.0,0.0,0.0,0.0
19.csv_Day8_7h00m,0.0,0.0,0.0,0.0,0.0,0.0,0.0,0.0,0.0
19.csv_Day8_7h30m,0.0,0.0,0.0,1.1399999856948853,1.809999942779541,0.6700000166893005,1.5,2.200000047683716,2.0999999046325684
19.csv_Day8_8h00m,3.0199999809265137,6.079999923706055,5.28000020980835,4.880000114440918,9.9399995803833,6.800000190734863,7.489999771118164,7.769999980926514,8.960000038146973
19.csv_Day8_8h30m,7.090000152587891,6.110000133514404,9.069999694824219,9.40999984741211,17.149999618530273,15.239999771118164,15.050000190734863,13.890000343322754,16.700000762939453
19.csv_Day8_9h00m,11.789999961853027,6.429999828338623,12.010000228881836,16.600000381469727,23.149999618530273,23.31999969482422,23.84000015258789,23.219999313354492,24.5
19.csv_Day8_9h30m,14.539999961853027,7.760000228881836,18.520000457763672,21.520000457763672,28.420000076293945,25.709999084472656,30.309999465942383,28.81999969482422,30.399999618530273
19.csv_Day8_10h00m,15.260000228881836,18.899999618530273,26.809999465942383,23.959999084472656,38.90999984741211,25.25,34.959999084472656,35.45000076293945,35.7400016784668
19.csv_Day8_10h30m,15.850000381469727,15.15999984741211,30.1299991607666,29.25,40.5,29.09000015258789,40.380001068115234,39.9900016784668,39.900001525878906
19.csv_Day8_11h00m,17.100000381469727,20.459999084472656,32.900001525878906,32.599998474121094,47.84000015258789,34.27000045776367,41.790000915527344,42.65999984741211,43.11000061035156
19.csv_Day8_11h30m,15.90999984741211,21.190000534057617,34.83000183105469,31.90999984741211,49.0,34.470001220703125,42.540000915527344,44.11000061035156,44.59000015258789
19.csv_Day8_12h00m,15.529999732971191,21.489999771118164,35.77000045776367,28.170000076293945,45.54999923706055,38.77000045776367,42.689998626708984,43.310001373291016,44.630001068115234
19.csv_Day8_12h30m,16.989999771118164,22.149999618530273,34.61000061035156,28.959999084472656,45.27000045776367,35.70000076293945,42.290000915527344,41.459999084472656,43.650001525878906
19.csv_Day8_13h00m,9.829999923706055,20.479999542236328,33.29999923706055,28.399999618530273,38.45000076293945,28.93000030517578,37.93000030517578,36.439998626708984,41.59000015258789
19.csv_Day8_13h30m,9.050000190734863,19.81999969482422,30.280000686645508,25.719999313354492,35.599998474121094,23.639999389648438,34.7400016784668,32.83000183105469,37.959999084472656
19.csv_Day8_14h00m,9.59000015258789,18.209999084472656,26.260000228881836,26.459999084472656,28.43000030517578,17.780000686645508,29.25,27.799999237060547,33.72999954223633
19.csv_Day8_14h30m,10.40999984741211,16.34000015258789,20.709999084472656,21.260000228881836,21.989999771118164,16.68000030517578,22.68000030517578,22.190000534057617,26.549999237060547
19.csv_Day8_15h00m,8.390000343322754,12.949999809265137,5.659999847412109,15.449999809265137,16.860000610351562,11.84000015258789,19.1299991607666,15.829999923706055,21.09000015258789
19.csv_Day8_15h30m,2.640000104904175,8.210000038146973,1.659999966621399,9.539999961853027,14.989999771118164,2.6500000953674316,12.390000343322754,7.539999961853027,13.90999984741211
19.csv_Day8_16h00m,1.9500000476837158,2.5999999046325684,2.880000114440918,4.289999961853027,4.869999885559082,4.0,5.550000190734863,5.610000133514404,6.039999961853027
19.csv_Day8_16h30m,0.0,0.0,0.0,0.5799999833106995,1.649999976158142,0.07000000029802322,1.149999976158142,1.5399999618530273,1.649999976158142
19.csv_Day8_17h00m,0.0,0.0,0.0,0.0,0.0,0.0,0.0,0.0,0.0
19.csv_Day8_17h30m,0.0,0.0,0.0,0.0,0.0,0.0,0.0,0.0,0.0
19.csv_Day8_18h00m,0.0,0.0,0.0,0.0,0.0,0.0,0.0,0.0,0.0
19.csv_Day8_18h30m,0.0,0.0,0.0,0.0,0.0,0.0,0.0,0.0,0.0
19.csv_Day8_19h00m,0.0,0.0,0.0,0.0,0.0,0.0,0.0,0.0,0.0
19.csv_Day8_19h30m,0.0,0.0,0.0,0.0,0.0,0.0,0.0,0.0,0.0
19.csv_Day8_20h00m,0.0,0.0,0.0,0.0,0.0,0.0,0.0,0.0,0.0
19.csv_Day8_20h30m,0.0,0.0,0.0,0.0,0.0,0.0,0.0,0.0,0.0
19.csv_Day8_21h00m,0.0,0.0,0.0,0.0,0.0,0.0,0.0,0.0,0.0
19.csv_Day8_21h30m,0.0,0.0,0.0,0.0,0.0,0.0,0.0,0.0,0.0
19.csv_Day8_22h00m,0.0,0.0,0.0,0.0,0.0,0.0,0.0,0.0,0.0
19.csv_Day8_22h30m,0.0,0.0,0.0,0.0,0.0,0.0,0.0,0.0,0.0
19.csv_Day8_23h00m,0.0,0.0,0.0,0.0,0.0,0.0,0.0,0.0,0.0
19.csv_Day8_23h30m,0.0,0.0,0.0,0.0,0.0,0.0,0.0,0.0,0.0
20.csv_Day7_0h00m,0.0,0.0,0.0,0.0,0.0,0.0,0.0,0.0,0.0
20.csv_Day7_0h30m,0.0,0.0,0.0,0.0,0.0,0.0,0.0,0.0,0.0
20.csv_Day7_1h00m,0.0,0.0,0.0,0.0,0.0,0.0,0.0,0.0,0.0
20.csv_Day7_1h30m,0.0,0.0,0.0,0.0,0.0,0.0,0.0,0.0,0.0
20.csv_Day7_2h00m,0.0,0.0,0.0,0.0,0.0,0.0,0.0,0.0,0.0
20.csv_Day7_2h30m,0.0,0.0,0.0,0.0,0.0,0.0,0.0,0.0,0.0
20.csv_Day7_3h00m,0.0,0.0,0.0,0.0,0.0,0.0,0.0,0.0,0.0
20.csv_Day7_3h30m,0.0,0.0,0.0,0.0,0.0,0.0,0.0,0.0,0.0
20.csv_Day7_4h00m,0.0,0.0,0.0,0.0,0.0,0.0,0.0,0.0,0.0
20.csv_Day7_4h30m,0.0,0.0,0.0,0.0,0.0,0.0,0.0,0.0,0.0
20.csv_Day7_5h00m,0.0,0.0,0.0,0.0,0.0,0.0,0.0,0.0,0.0
20.csv_Day7_5h30m,0.0,0.0,0.0,0.0,0.0,0.0,0.0,0.0,0.0
20.csv_Day7_6h00m,0.949999988079071,1.8899999856948853,2.7699999809265137,3.4600000381469727,4.730000019073486,6.440000057220459,5.019999980926514,4.71999979019165,5.840000152587891
20.csv_Day7_6h30m,3.390000104904175,3.619999885559082,12.350000381469727,5.739999771118164,8.640000343322754,12.600000381469727,13.529999732971191,14.399999618530273,14.350000381469727
20.csv_Day7_7h00m,4.269999980926514,6.170000076293945,16.540000915527344,15.390000343322754,14.739999771118164,21.639999389648438,22.790000915527344,23.190000534057617,23.639999389648438
20.csv_Day7_7h30m,3.859999895095825,16.3799991607666,16.440000534057617,17.889999389648438,21.43000030517578,30.690000534057617,32.0,32.720001220703125,33.130001068115234
20.csv_Day7_8h00m,11.069999694824219,14.609999656677246,8.0600004196167,30.68000030517578,39.209999084472656,39.86000061035156,41.349998474121094,41.369998931884766,42.5099983215332
20.csv_Day7_8h30m,16.139999389648438,17.030000686645508,10.25,46.06999969482422,48.83000183105469,48.52000045776367,50.959999084472656,50.400001525878906,51.88999938964844
20.csv_Day7_9h00m,45.16999816894531,28.299999237060547,24.360000610351562,54.22999954223633,56.4900016784668,56.33000183105469,58.209999084472656,59.18000030517578,60.380001068115234
20.csv_Day7_9h30m,53.150001525878906,41.18000030517578,38.939998626708984,58.20000076293945,63.290000915527344,61.189998626708984,65.33999633789062,66.38999938964844,67.69000244140625
20.csv_Day7_10h00m,52.119998931884766,49.18000030517578,47.060001373291016,63.63999938964844,67.58999633789062,58.029998779296875,68.91000366210938,70.66000366210938,72.13999938964844
20.csv_Day7_10h30m,47.349998474121094,49.41999816894531,59.689998626708984,61.310001373291016,71.66999816894531,67.16999816894531,71.05999755859375,73.0999984741211,75.6500015258789
20.csv_Day7_11h00m,47.75,59.0,56.189998626708984,58.0,70.0199966430664,70.12999725341797,72.13999938964844,71.41999816894531,75.05000305175781
20.csv_Day7_11h30m,55.45000076293945,57.65999984741211,69.1500015258789,71.62999725341797,81.51000213623047,79.66000366210938,81.69999694824219,81.25,81.4000015258789
20.csv_Day7_12h00m,65.55999755859375,70.56999969482422,74.94999694824219,70.83999633789062,84.6500015258789,82.83999633789062,81.4800033569336,83.37000274658203,83.31999969482422
20.csv_Day7_12h30m,63.9900016784668,70.44000244140625,73.69000244140625,68.11000061035156,83.55999755859375,82.05000305175781,81.55000305175781,83.8499984741211,83.08999633789062
20.csv_Day7_13h00m,61.77000045776367,68.77999877929688,75.12999725341797,68.66000366210938,79.8499984741211,78.41999816894531,80.70999908447266,83.4800033569336,81.72000122070312
20.csv_Day7_13h30m,58.11000061035156,63.720001220703125,70.30000305175781,66.38999938964844,77.5,75.9000015258789,75.86000061035156,78.0,76.94999694824219
20.csv_Day7_14h00m,54.0099983215332,63.150001525878906,67.1500015258789,60.91999816894531,73.81999969482422,71.80000305175781,68.80000305175781,73.45999908447266,73.31999969482422
20.csv_Day7_14h30m,43.02000045776367,54.68000030517578,59.77000045776367,60.849998474121094,67.5,63.63999938964844,63.849998474121094,65.97000122070312,66.62000274658203
20.csv_Day7_15h00m,28.18000030517578,36.68000030517578,50.18000030517578,48.56999969482422,57.849998474121094,42.060001373291016,55.40999984741211,56.849998474121094,59.029998779296875
20.csv_Day7_15h30m,27.09000015258789,27.549999237060547,41.689998626708984,46.439998626708984,49.790000915527344,33.11000061035156,47.4900016784668,50.31999969482422,51.04999923706055
20.csv_Day7_16h00m,8.880000114440918,27.760000228881836,17.979999542236328,40.0,38.900001525878906,28.3799991607666,37.45000076293945,40.459999084472656,41.7400016784668
20.csv_Day7_16h30m,19.829999923706055,29.709999084472656,25.969999313354492,35.529998779296875,30.959999084472656,28.979999542236328,29.100000381469727,29.969999313354492,32.43000030517578
20.csv_Day7_17h00m,5.170000076293945,9.350000381469727,7.739999771118164,7.179999828338623,20.149999618530273,20.729999542236328,19.81999969482422,22.5,22.81999969482422
20.csv_Day7_17h30m,3.259999990463257,6.179999828338623,4.739999771118164,3.890000104904175,13.479999542236328,11.859999656677246,12.329999923706055,12.729999542236328,13.479999542236328
20.csv_Day7_18h00m,0.3400000035762787,2.200000047683716,2.9800000190734863,1.9500000476837158,4.599999904632568,5.440000057220459,4.920000076293945,6.730000019073486,6.110000133514404
20.csv_Day7_18h30m,0.0,0.0,0.0,0.3400000035762787,0.0,0.0,0.0,0.0,0.0
20.csv_Day7_19h00m,0.0,0.0,0.0,0.0,0.0,0.0,0.0,0.0,0.0
20.csv_Day7_19h30m,0.0,0.0,0.0,0.0,0.0,0.0,0.0,0.0,0.0
20.csv_Day7_20h00m,0.0,0.0,0.0,0.0,0.0,0.0,0.0,0.0,0.0
20.csv_Day7_20h30m,0.0,0.0,0.0,0.0,0.0,0.0,0.0,0.0,0.0
20.csv_Day7_21h00m,0.0,0.0,0.0,0.0,0.0,0.0,0.0,0.0,0.0
20.csv_Day7_21h30m,0.0,0.0,0.0,0.0,0.0,0.0,0.0,0.0,0.0
20.csv_Day7_22h00m,0.0,0.0,0.0,0.0,0.0,0.0,0.0,0.0,0.0
20.csv_Day7_22h30m,0.0,0.0,0.0,0.0,0.0,0.0,0.0,0.0,0.0
20.csv_Day7_23h00m,0.0,0.0,0.0,0.0,0.0,0.0,0.0,0.0,0.0
20.csv_Day7_23h30m,0.0,0.0,0.0,0.0,0.0,0.0,0.0,0.0,0.0
20.csv_Day8_0h00m,0.0,0.0,0.0,0.0,0.0,0.0,0.0,0.0,0.0
20.csv_Day8_0h30m,0.0,0.0,0.0,0.0,0.0,0.0,0.0,0.0,0.0
20.csv_Day8_1h00m,0.0,0.0,0.0,0.0,0.0,0.0,0.0,0.0,0.0
20.csv_Day8_1h30m,0.0,0.0,0.0,0.0,0.0,0.0,0.0,0.0,0.0
20.csv_Day8_2h00m,0.0,0.0,0.0,0.0,0.0,0.0,0.0,0.0,0.0
20.csv_Day8_2h30m,0.0,0.0,0.0,0.0,0.0,0.0,0.0,0.0,0.0
20.csv_Day8_3h00m,0.0,0.0,0.0,0.0,0.0,0.0,0.0,0.0,0.0
20.csv_Day8_3h30m,0.0,0.0,0.0,0.0,0.0,0.0,0.0,0.0,0.0
20.csv_Day8_4h00m,0.0,0.0,0.0,0.0,0.0,0.0,0.0,0.0,0.0
20.csv_Day8_4h30m,0.0,0.0,0.0,0.0,0.0,0.0,0.0,0.0,0.0
20.csv_Day8_5h00m,0.0,0.0,0.0,0.0,0.0,0.0,0.0,0.0,0.0
20.csv_Day8_5h30m,0.0,0.0,0.0,0.0,0.0,0.0,0.0,0.0,0.0
20.csv_Day8_6h00m,0.6100000143051147,1.899999976158142,2.75,3.440000057220459,4.730000019073486,5.960000038146973,4.929999828338623,4.300000190734863,5.840000152587891
20.csv_Day8_6h30m,0.8999999761581421,3.640000104904175,10.130000114440918,5.710000038146973,8.649999618530273,12.119999885559082,13.380000114440918,14.5,14.350000381469727
20.csv_Day8_7h00m,7.880000114440918,6.199999809265137,15.180000305175781,15.300000190734863,14.75,21.0,22.559999465942383,23.1299991607666,23.6299991607666
20.csv_Day8_7h30m,20.469999313354492,16.469999313354492,17.020000457763672,17.780000686645508,21.440000534057617,29.889999389648438,31.690000534057617,32.619998931884766,33.119998931884766
20.csv_Day8_8h00m,29.829999923706055,14.6899995803833,37.06999969482422,30.489999771118164,39.2400016784668,39.130001068115234,40.970001220703125,41.220001220703125,42.4900016784668
20.csv_Day8_8h30m,39.75,17.1299991607666,44.77000045776367,45.790000915527344,48.869998931884766,48.08000183105469,50.4900016784668,50.349998474121094,51.869998931884766
20.csv_Day8_9h00m,44.56999969482422,28.459999084472656,48.0099983215332,53.900001525878906,56.529998779296875,56.43000030517578,57.68000030517578,58.709999084472656,60.349998474121094
20.csv_Day8_9h30m,49.15999984741211,41.40999984741211,56.66999816894531,57.849998474121094,63.34000015258789,64.80000305175781,64.75,65.91000366210938,67.66000366210938
20.csv_Day8_10h00m,44.25,49.45000076293945,63.2599983215332,63.25,67.63999938964844,68.9000015258789,68.30000305175781,69.12999725341797,72.11000061035156
20.csv_Day8_10h30m,33.040000915527344,49.70000076293945,65.1500015258789,60.939998626708984,71.7300033569336,74.75,70.41999816894531,73.31999969482422,75.62000274658203
20.csv_Day8_11h00m,45.90999984741211,59.33000183105469,54.869998931884766,57.650001525878906,70.08000183105469,76.02999877929688,71.48999786376953,72.11000061035156,75.0199966430664
20.csv_Day8_11h30m,51.119998931884766,57.9900016784668,57.38999938964844,71.19000244140625,81.58000183105469,84.66000366210938,80.97000122070312,82.20999908447266,81.36000061035156
20.csv_Day8_12h00m,62.189998626708984,70.97000122070312,60.0,70.41999816894531,84.72000122070312,85.5999984741211,80.76000213623047,84.98999786376953,83.29000091552734
20.csv_Day8_12h30m,58.459999084472656,70.83999633789062,65.91000366210938,67.69999694824219,83.62999725341797,85.05000305175781,80.83000183105469,84.1500015258789,83.05999755859375
20.csv_Day8_13h00m,55.15999984741211,69.16000366210938,70.76000213623047,68.25,79.91999816894531,81.01000213623047,80.0,82.5999984741211,81.69000244140625
20.csv_Day8_13h30m,54.66999816894531,64.08000183105469,65.41999816894531,65.98999786376953,77.55999755859375,78.68000030517578,75.19000244140625,78.06999969482422,76.91999816894531
20.csv_Day8_14h00m,52.560001373291016,63.5,62.91999816894531,60.54999923706055,73.87999725341797,73.81999969482422,68.18000030517578,74.45999908447266,73.29000091552734
20.csv_Day8_14h30m,44.040000915527344,54.97999954223633,61.47999954223633,60.47999954223633,67.55999755859375,66.3499984741211,63.290000915527344,66.62000274658203,66.58999633789062
20.csv_Day8_15h00m,34.779998779296875,36.880001068115234,51.90999984741211,48.27000045776367,57.88999938964844,57.15999984741211,54.90999984741211,56.90999984741211,59.0
20.csv_Day8_15h30m,32.7400016784668,27.700000762939453,45.939998626708984,46.15999984741211,49.83000183105469,49.04999923706055,47.060001373291016,49.709999084472656,51.029998779296875
20.csv_Day8_16h00m,24.93000030517578,27.920000076293945,37.16999816894531,39.7599983215332,38.93000030517578,40.380001068115234,37.52000045776367,40.380001068115234,41.720001220703125
20.csv_Day8_16h30m,25.399999618530273,29.8799991607666,34.2400016784668,35.310001373291016,30.979999542236328,29.34000015258789,30.0,30.770000457763672,32.40999984741211
20.csv_Day8_17h00m,8.039999961853027,9.399999618530273,11.319999694824219,7.139999866485596,20.15999984741211,20.469999313354492,20.309999465942383,22.260000228881836,22.809999465942383
20.csv_Day8_17h30m,3.940000057220459,6.210000038146973,6.880000114440918,3.869999885559082,13.489999771118164,11.59000015258789,12.5600004196167,12.59000015258789,13.479999542236328
20.csv_Day8_18h00m,0.7300000190734863,2.2200000286102295,4.78000020980835,1.9299999475479126,4.599999904632568,4.619999885559082,4.840000152587891,7.239999771118164,6.110000133514404
20.csv_Day8_18h30m,0.0,0.0,0.0,0.3400000035762787,0.0,0.0,0.0,0.0,0.0
20.csv_Day8_19h00m,0.0,0.0,0.0,0.0,0.0,0.0,0.0,0.0,0.0
20.csv_Day8_19h30m,0.0,0.0,0.0,0.0,0.0,0.0,0.0,0.0,0.0
20.csv_Day8_20h00m,0.0,0.0,0.0,0.0,0.0,0.0,0.0,0.0,0.0
20.csv_Day8_20h30m,0.0,0.0,0.0,0.0,0.0,0.0,0.0,0.0,0.0
20.csv_Day8_21h00m,0.0,0.0,0.0,0.0,0.0,0.0,0.0,0.0,0.0
20.csv_Day8_21h30m,0.0,0.0,0.0,0.0,0.0,0.0,0.0,0.0,0.0
20.csv_Day8_22h00m,0.0,0.0,0.0,0.0,0.0,0.0,0.0,0.0,0.0
20.csv_Day8_22h30m,0.0,0.0,0.0,0.0,0.0,0.0,0.0,0.0,0.0
20.csv_Day8_23h00m,0.0,0.0,0.0,0.0,0.0,0.0,0.0,0.0,0.0
20.csv_Day8_23h30m,0.0,0.0,0.0,0.0,0.0,0.0,0.0,0.0,0.0
21.csv_Day7_0h00m,0.0,0.0,0.0,0.0,0.0,0.0,0.0,0.0,0.0
21.csv_Day7_0h30m,0.0,0.0,0.0,0.0,0.0,0.0,0.0,0.0,0.0
21.csv_Day7_1h00m,0.0,0.0,0.0,0.0,0.0,0.0,0.0,0.0,0.0
21.csv_Day7_1h30m,0.0,0.0,0.0,0.0,0.0,0.0,0.0,0.0,0.0
21.csv_Day7_2h00m,0.0,0.0,0.0,0.0,0.0,0.0,0.0,0.0,0.0
21.csv_Day7_2h30m,0.0,0.0,0.0,0.0,0.0,0.0,0.0,0.0,0.0
21.csv_Day7_3h00m,0.0,0.0,0.0,0.0,0.0,0.0,0.0,0.0,0.0
21.csv_Day7_3h30m,0.0,0.0,0.0,0.0,0.0,0.0,0.0,0.0,0.0
21.csv_Day7_4h00m,0.0,0.0,0.0,0.0,0.0,0.0,0.0,0.0,0.0
21.csv_Day7_4h30m,0.0,0.0,0.0,0.0,0.0,0.0,0.0,0.0,0.0
21.csv_Day7_5h00m,0.0,0.0,0.0,0.0,0.0,0.0,0.0,0.0,0.0
21.csv_Day7_5h30m,0.0,0.0,0.0,0.0,0.0,0.0,0.0,0.3700000047683716,0.0
21.csv_Day7_6h00m,2.680000066757202,1.899999976158142,2.049999952316284,5.980000019073486,7.639999866485596,6.440000057220459,6.75,6.800000190734863,8.40999984741211
21.csv_Day7_6h30m,6.599999904632568,5.75,11.569999694824219,15.529999732971191,15.579999923706055,14.619999885559082,12.84000015258789,15.199999809265137,17.170000076293945
21.csv_Day7_7h00m,16.799999237060547,4.570000171661377,25.899999618530273,24.90999984741211,22.309999465942383,23.25,23.530000686645508,24.84000015258789,27.68000030517578
21.csv_Day7_7h30m,29.719999313354492,8.649999618530273,39.220001220703125,31.790000915527344,34.119998931884766,34.439998626708984,35.13999938964844,33.470001220703125,38.86000061035156
21.csv_Day7_8h00m,37.38999938964844,12.550000190734863,44.22999954223633,35.81999969482422,47.279998779296875,41.5,45.849998474121094,41.83000183105469,48.709999084472656
21.csv_Day7_8h30m,42.029998779296875,9.119999885559082,50.59000015258789,34.22999954223633,53.20000076293945,39.58000183105469,54.540000915527344,49.400001525878906,56.959999084472656
21.csv_Day7_9h00m,45.380001068115234,11.15999984741211,56.40999984741211,48.88999938964844,67.77999877929688,32.290000915527344,63.209999084472656,53.72999954223633,66.02999877929688
21.csv_Day7_9h30m,46.459999084472656,8.6899995803833,58.220001220703125,63.439998626708984,76.4800033569336,34.31999969482422,70.29000091552734,55.720001220703125,70.95999908447266
21.csv_Day7_10h00m,52.380001068115234,8.65999984741211,61.9900016784668,74.80000305175781,82.33999633789062,41.59000015258789,77.0199966430664,63.7400016784668,77.58999633789062
21.csv_Day7_10h30m,63.77000045776367,14.460000038146973,75.68000030517578,68.29000091552734,86.30999755859375,60.20000076293945,84.5,77.2699966430664,84.23999786376953
21.csv_Day7_11h00m,68.5999984741211,24.81999969482422,79.23999786376953,79.63999938964844,93.23999786376953,65.1500015258789,89.7699966430664,81.02999877929688,88.75
21.csv_Day7_11h30m,71.44999694824219,29.079999923706055,81.5199966430664,77.23999786376953,94.11000061035156,58.630001068115234,92.62000274658203,84.86000061035156,90.83999633789062
21.csv_Day7_12h00m,78.06999969482422,46.65999984741211,79.9000015258789,83.87999725341797,97.55000305175781,81.79000091552734,95.0199966430664,92.44999694824219,91.9800033569336
21.csv_Day7_12h30m,72.36000061035156,39.31999969482422,80.08999633789062,89.0,97.93000030517578,64.19999694824219,96.0999984741211,84.9800033569336,91.43000030517578
21.csv_Day7_13h00m,68.91999816894531,26.25,76.33999633789062,87.61000061035156,97.38999938964844,51.65999984741211,91.06999969482422,74.3499984741211,89.04000091552734
21.csv_Day7_13h30m,68.69000244140625,30.56999969482422,74.0999984741211,89.11000061035156,94.18000030517578,57.380001068115234,89.58000183105469,78.44999694824219,85.37000274658203
21.csv_Day7_14h00m,64.45999908447266,35.18000030517578,68.16000366210938,84.06999969482422,85.27999877929688,60.279998779296875,87.20999908447266,74.94000244140625,79.87999725341797
21.csv_Day7_14h30m,52.45000076293945,43.45000076293945,63.650001525878906,70.38999938964844,64.12999725341797,63.290000915527344,76.0999984741211,62.709999084472656,72.56999969482422
21.csv_Day7_15h00m,44.060001373291016,32.7400016784668,58.43000030517578,61.470001220703125,54.97999954223633,55.5099983215332,66.58000183105469,50.790000915527344,64.69999694824219
21.csv_Day7_15h30m,32.9900016784668,33.599998474121094,51.040000915527344,54.86000061035156,55.29999923706055,46.900001525878906,55.68000030517578,47.29999923706055,56.220001220703125
21.csv_Day7_16h00m,31.459999084472656,24.450000762939453,38.400001525878906,46.93000030517578,40.83000183105469,39.400001525878906,43.130001068115234,37.90999984741211,43.459999084472656
21.csv_Day7_16h30m,21.290000915527344,24.75,32.40999984741211,36.599998474121094,36.59000015258789,29.260000228881836,34.52000045776367,31.829999923706055,34.72999954223633
21.csv_Day7_17h00m,19.639999389648438,11.460000038146973,20.950000762939453,23.90999984741211,23.799999237060547,23.09000015258789,23.18000030517578,23.8799991607666,24.6200008392334
21.csv_Day7_17h30m,9.390000343322754,4.159999847412109,18.90999984741211,17.68000030517578,17.950000762939453,12.569999694824219,13.470000267028809,15.770000457763672,15.989999771118164
21.csv_Day7_18h00m,2.4600000381469727,3.200000047683716,6.099999904632568,6.480000019073486,5.650000095367432,3.190000057220459,7.429999828338623,7.420000076293945,7.460000038146973
21.csv_Day7_18h30m,0.0,0.0,0.8299999833106995,0.46000000834465027,0.699999988079071,0.20999999344348907,0.5699999928474426,0.6399999856948853,1.3300000429153442
21.csv_Day7_19h00m,0.0,0.0,0.0,0.0,0.0,0.0,0.0,0.0,0.0
21.csv_Day7_19h30m,0.0,0.0,0.0,0.0,0.0,0.0,0.0,0.0,0.0
21.csv_Day7_20h00m,0.0,0.0,0.0,0.0,0.0,0.0,0.0,0.0,0.0
21.csv_Day7_20h30m,0.0,0.0,0.0,0.0,0.0,0.0,0.0,0.0,0.0
21.csv_Day7_21h00m,0.0,0.0,0.0,0.0,0.0,0.0,0.0,0.0,0.0
21.csv_Day7_21h30m,0.0,0.0,0.0,0.0,0.0,0.0,0.0,0.0,0.0
21.csv_Day7_22h00m,0.0,0.0,0.0,0.0,0.0,0.0,0.0,0.0,0.0
21.csv_Day7_22h30m,0.0,0.0,0.0,0.0,0.0,0.0,0.0,0.0,0.0
21.csv_Day7_23h00m,0.0,0.0,0.0,0.0,0.0,0.0,0.0,0.0,0.0
21.csv_Day7_23h30m,0.0,0.0,0.0,0.0,0.0,0.0,0.0,0.0,0.0
21.csv_Day8_0h00m,0.0,0.0,0.0,0.0,0.0,0.0,0.0,0.0,0.0
21.csv_Day8_0h30m,0.0,0.0,0.0,0.0,0.0,0.0,0.0,0.0,0.0
21.csv_Day8_1h00m,0.0,0.0,0.0,0.0,0.0,0.0,0.0,0.0,0.0
21.csv_Day8_1h30m,0.0,0.0,0.0,0.0,0.0,0.0,0.0,0.0,0.0
21.csv_Day8_2h00m,0.0,0.0,0.0,0.0,0.0,0.0,0.0,0.0,0.0
21.csv_Day8_2h30m,0.0,0.0,0.0,0.0,0.0,0.0,0.0,0.0,0.0
21.csv_Day8_3h00m,0.0,0.0,0.0,0.0,0.0,0.0,0.0,0.0,0.0
21.csv_Day8_3h30m,0.0,0.0,0.0,0.0,0.0,0.0,0.0,0.0,0.0
21.csv_Day8_4h00m,0.0,0.0,0.0,0.0,0.0,0.0,0.0,0.0,0.0
21.csv_Day8_4h30m,0.0,0.0,0.0,0.0,0.0,0.0,0.0,0.0,0.0
21.csv_Day8_5h00m,0.0,0.0,0.0,0.0,0.0,0.0,0.0,0.0,0.0
21.csv_Day8_5h30m,0.0,0.0,0.0,0.0,0.0,0.0,0.0,0.009999999776482582,0.0
21.csv_Day8_6h00m,3.0799999237060547,1.909999966621399,2.0299999713897705,5.940000057220459,7.639999866485596,2.1700000762939453,6.860000133514404,6.630000114440918,8.40999984741211
21.csv_Day8_6h30m,1.440000057220459,5.78000020980835,4.78000020980835,15.4399995803833,15.59000015258789,3.25,13.220000267028809,16.239999771118164,17.15999984741211
21.csv_Day8_7h00m,1.3700000047683716,4.599999904632568,2.5399999618530273,24.760000228881836,22.329999923706055,4.71999979019165,24.280000686645508,25.530000686645508,27.670000076293945
21.csv_Day8_7h30m,3.5999999046325684,8.699999809265137,3.5,31.600000381469727,34.150001525878906,6.989999771118164,34.79999923706055,34.25,38.84000015258789
21.csv_Day8_8h00m,9.420000076293945,12.619999885559082,3.880000114440918,35.61000061035156,47.310001373291016,8.4399995803833,45.43000030517578,44.15999984741211,48.68000030517578
21.csv_Day8_8h30m,14.949999809265137,9.170000076293945,8.170000076293945,34.029998779296875,53.2400016784668,9.949999809265137,54.040000915527344,51.380001068115234,56.93000030517578
21.csv_Day8_9h00m,22.56999969482422,11.220000267028809,20.360000610351562,48.599998474121094,67.83000183105469,19.040000915527344,62.63999938964844,62.689998626708984,66.0
21.csv_Day8_9h30m,30.920000076293945,8.739999771118164,8.770000457763672,63.04999923706055,76.54000091552734,25.25,69.66000366210938,69.19000244140625,70.93000030517578
21.csv_Day8_10h00m,35.9900016784668,8.710000038146973,13.050000190734863,74.3499984741211,82.4000015258789,19.600000381469727,76.33999633789062,74.45999908447266,77.55999755859375
21.csv_Day8_10h30m,38.81999969482422,14.539999961853027,65.1500015258789,67.87999725341797,86.37999725341797,46.83000183105469,83.76000213623047,83.26000213623047,84.19999694824219
21.csv_Day8_11h00m,44.81999969482422,24.959999084472656,66.51000213623047,79.16000366210938,93.31999969482422,43.40999984741211,88.9800033569336,88.0999984741211,88.72000122070312
21.csv_Day8_11h30m,47.720001220703125,29.239999771118164,72.3499984741211,76.7699966430664,94.18000030517578,63.04999923706055,91.80999755859375,91.58000183105469,90.80000305175781
21.csv_Day8_12h00m,64.91999816894531,46.93000030517578,77.16000366210938,83.37000274658203,97.62999725341797,79.01000213623047,94.19000244140625,92.41999816894531,91.94000244140625
21.csv_Day8_12h30m,60.869998931884766,39.540000915527344,73.94000244140625,88.45999908447266,98.0,85.95999908447266,95.26000213623047,92.83000183105469,91.38999938964844
21.csv_Day8_13h00m,56.310001373291016,26.399999618530273,51.79999923706055,87.08000183105469,97.45999908447266,82.19000244140625,90.27999877929688,90.61000061035156,89.0
21.csv_Day8_13h30m,55.83000183105469,30.739999771118164,67.54000091552734,88.58000183105469,94.26000213623047,77.70999908447266,88.80000305175781,86.36000061035156,85.33000183105469
21.csv_Day8_14h00m,59.040000915527344,35.369998931884766,66.9800033569336,83.56999969482422,85.3499984741211,76.41999816894531,86.44999694824219,81.0,79.83999633789062
21.csv_Day8_14h30m,58.849998474121094,43.689998626708984,62.36000061035156,69.97000122070312,64.18000030517578,73.05000305175781,75.43000030517578,73.77999877929688,72.54000091552734
21.csv_Day8_15h00m,48.900001525878906,32.91999816894531,58.099998474121094,61.099998474121094,55.02000045776367,65.63999938964844,65.98999786376953,65.58000183105469,64.66999816894531
21.csv_Day8_15h30m,40.63999938964844,33.790000915527344,50.130001068115234,54.529998779296875,55.349998474121094,54.540000915527344,55.18000030517578,58.380001068115234,56.20000076293945
21.csv_Day8_16h00m,37.33000183105469,24.59000015258789,27.889999389648438,46.63999938964844,40.86000061035156,42.790000915527344,42.72999954223633,43.119998931884766,43.439998626708984
21.csv_Day8_16h30m,26.75,24.889999389648438,30.75,36.380001068115234,36.619998931884766,30.25,34.189998626708984,36.880001068115234,34.709999084472656
21.csv_Day8_17h00m,23.579999923706055,11.529999732971191,14.579999923706055,23.770000457763672,23.81999969482422,24.0,22.940000534057617,25.59000015258789,24.610000610351562
21.csv_Day8_17h30m,11.399999618530273,4.179999828338623,13.430000305175781,17.579999923706055,17.969999313354492,15.079999923706055,13.3100004196167,17.079999923706055,15.979999542236328
21.csv_Day8_18h00m,0.44999998807907104,3.2200000286102295,6.059999942779541,6.449999809265137,5.650000095367432,3.700000047683716,7.329999923706055,7.820000171661377,7.460000038146973
21.csv_Day8_18h30m,0.0,0.0,0.5899999737739563,0.44999998807907104,0.699999988079071,0.3199999928474426,0.6100000143051147,0.019999999552965164,1.3300000429153442
21.csv_Day8_19h00m,0.0,0.0,0.0,0.0,0.0,0.0,0.0,0.0,0.0
21.csv_Day8_19h30m,0.0,0.0,0.0,0.0,0.0,0.0,0.0,0.0,0.0
21.csv_Day8_20h00m,0.0,0.0,0.0,0.0,0.0,0.0,0.0,0.0,0.0
21.csv_Day8_20h30m,0.0,0.0,0.0,0.0,0.0,0.0,0.0,0.0,0.0
21.csv_Day8_21h00m,0.0,0.0,0.0,0.0,0.0,0.0,0.0,0.0,0.0
21.csv_Day8_21h30m,0.0,0.0,0.0,0.0,0.0,0.0,0.0,0.0,0.0
21.csv_Day8_22h00m,0.0,0.0,0.0,0.0,0.0,0.0,0.0,0.0,0.0
21.csv_Day8_22h30m,0.0,0.0,0.0,0.0,0.0,0.0,0.0,0.0,0.0
21.csv_Day8_23h00m,0.0,0.0,0.0,0.0,0.0,0.0,0.0,0.0,0.0
21.csv_Day8_23h30m,0.0,0.0,0.0,0.0,0.0,0.0,0.0,0.0,0.0
22.csv_Day7_0h00m,0.0,0.0,0.0,0.0,0.0,0.0,0.0,0.0,0.0
22.csv_Day7_0h30m,0.0,0.0,0.0,0.0,0.0,0.0,0.0,0.0,0.0
22.csv_Day7_1h00m,0.0,0.0,0.0,0.0,0.0,0.0,0.0,0.0,0.0
22.csv_Day7_1h30m,0.0,0.0,0.0,0.0,0.0,0.0,0.0,0.0,0.0
22.csv_Day7_2h00m,0.0,0.0,0.0,0.0,0.0,0.0,0.0,0.0,0.0
22.csv_Day7_2h30m,0.0,0.0,0.0,0.0,0.0,0.0,0.0,0.0,0.0
22.csv_Day7_3h00m,0.0,0.0,0.0,0.0,0.0,0.0,0.0,0.0,0.0
22.csv_Day7_3h30m,0.0,0.0,0.0,0.0,0.0,0.0,0.0,0.0,0.0
22.csv_Day7_4h00m,0.0,0.0,0.0,0.0,0.0,0.0,0.0,0.0,0.0
22.csv_Day7_4h30m,0.0,0.0,0.0,0.0,0.0,0.0,0.0,0.0,0.0
22.csv_Day7_5h00m,0.0,0.0,0.0,0.0,0.0,0.0,0.0,0.0,0.0
22.csv_Day7_5h30m,0.0,0.8600000143051147,1.1100000143051147,2.680000066757202,2.930000066757202,4.190000057220459,4.380000114440918,5.309999942779541,4.96999979019165
22.csv_Day7_6h00m,1.2200000286102295,4.78000020980835,10.369999885559082,8.880000114440918,9.899999618530273,12.0,12.329999923706055,12.720000267028809,12.59000015258789
22.csv_Day7_6h30m,4.400000095367432,9.770000457763672,16.920000076293945,9.59000015258789,11.6899995803833,19.959999084472656,18.989999771118164,22.0,20.43000030517578
22.csv_Day7_7h00m,13.109999656677246,19.700000762939453,22.979999542236328,24.540000915527344,20.81999969482422,29.399999618530273,30.549999237060547,29.549999237060547,30.739999771118164
22.csv_Day7_7h30m,20.940000534057617,23.219999313354492,29.149999618530273,29.90999984741211,33.869998931884766,37.72999954223633,40.22999954223633,38.439998626708984,40.88999938964844
22.csv_Day7_8h00m,22.6200008392334,23.649999618530273,19.81999969482422,40.7400016784668,45.04999923706055,46.20000076293945,49.880001068115234,47.0,49.75
22.csv_Day7_8h30m,25.31999969482422,25.920000076293945,42.52000045776367,52.400001525878906,54.58000183105469,57.25,59.65999984741211,55.90999984741211,59.66999816894531
22.csv_Day7_9h00m,28.030000686645508,34.34000015258789,58.310001373291016,61.93000030517578,61.43000030517578,67.30000305175781,67.97000122070312,66.26000213623047,69.26000213623047
22.csv_Day7_9h30m,36.41999816894531,40.02000045776367,65.54000091552734,61.25,67.31999969482422,75.62000274658203,73.11000061035156,74.38999938964844,76.54000091552734
22.csv_Day7_10h00m,24.440000534057617,37.93000030517578,58.970001220703125,74.69999694824219,68.33999633789062,81.55000305175781,81.44999694824219,76.87999725341797,82.33999633789062
22.csv_Day7_10h30m,25.100000381469727,44.540000915527344,48.310001373291016,65.26000213623047,63.52000045776367,81.31999969482422,84.04000091552734,81.97000122070312,87.4800033569336
22.csv_Day7_11h00m,25.25,45.2599983215332,42.08000183105469,71.38999938964844,63.0099983215332,88.02999877929688,86.5999984741211,84.55999755859375,88.73999786376953
22.csv_Day7_11h30m,21.309999465942383,55.2400016784668,77.94999694824219,80.2300033569336,79.16000366210938,94.19999694824219,91.70999908447266,91.41999816894531,92.80000305175781
22.csv_Day7_12h00m,7.309999942779541,58.2599983215332,36.380001068115234,81.69999694824219,66.43000030517578,92.44000244140625,91.33000183105469,91.20999908447266,93.9800033569336
22.csv_Day7_12h30m,40.15999984741211,37.58000183105469,65.26000213623047,77.05000305175781,71.62999725341797,87.5,85.56999969482422,85.56999969482422,85.76000213623047
22.csv_Day7_13h00m,14.550000190734863,37.20000076293945,60.290000915527344,80.87000274658203,75.52999877929688,86.48999786376953,88.02999877929688,87.20999908447266,87.19000244140625
22.csv_Day7_13h30m,6.960000038146973,49.43000030517578,42.33000183105469,79.37999725341797,75.2699966430664,83.48999786376953,87.88999938964844,86.68000030517578,87.54000091552734
22.csv_Day7_14h00m,7.139999866485596,38.63999938964844,35.16999816894531,73.68000030517578,70.29000091552734,77.87000274658203,80.36000061035156,80.77999877929688,81.4000015258789
22.csv_Day7_14h30m,38.65999984741211,25.40999984741211,55.790000915527344,62.209999084472656,61.0099983215332,70.9000015258789,70.06999969482422,70.77999877929688,71.86000061035156
22.csv_Day7_15h00m,20.09000015258789,32.040000915527344,39.2599983215332,60.83000183105469,61.869998931884766,63.91999816894531,67.44999694824219,68.12000274658203,68.5
22.csv_Day7_15h30m,7.019999980926514,31.760000228881836,37.9900016784668,54.189998626708984,54.86000061035156,56.060001373291016,59.630001068115234,59.86000061035156,60.189998626708984
22.csv_Day7_16h00m,26.149999618530273,31.360000610351562,40.959999084472656,44.369998931884766,46.959999084472656,46.40999984741211,50.70000076293945,49.869998931884766,50.5099983215332
22.csv_Day7_16h30m,21.610000610351562,22.280000686645508,31.110000610351562,22.229999542236328,31.850000381469727,35.43000030517578,35.779998779296875,38.20000076293945,39.09000015258789
22.csv_Day7_17h00m,21.229999542236328,15.989999771118164,25.030000686645508,20.31999969482422,22.889999389648438,29.350000381469727,29.389999389648438,29.290000915527344,30.270000457763672
22.csv_Day7_17h30m,8.029999732971191,4.53000020980835,15.020000457763672,10.039999961853027,13.770000457763672,19.100000381469727,18.5,19.969999313354492,20.020000457763672
22.csv_Day7_18h00m,0.5199999809265137,2.309999942779541,5.840000152587891,5.090000152587891,5.769999980926514,6.889999866485596,8.579999923706055,10.720000267028809,10.25
22.csv_Day7_18h30m,0.0,0.0,0.0,1.149999976158142,1.6799999475479126,1.1100000143051147,1.850000023841858,3.25,2.640000104904175
22.csv_Day7_19h00m,0.0,0.0,0.0,0.0,0.0,0.0,0.0,0.0,0.0
22.csv_Day7_19h30m,0.0,0.0,0.0,0.0,0.0,0.0,0.0,0.0,0.0
22.csv_Day7_20h00m,0.0,0.0,0.0,0.0,0.0,0.0,0.0,0.0,0.0
22.csv_Day7_20h30m,0.0,0.0,0.0,0.0,0.0,0.0,0.0,0.0,0.0
22.csv_Day7_21h00m,0.0,0.0,0.0,0.0,0.0,0.0,0.0,0.0,0.0
22.csv_Day7_21h30m,0.0,0.0,0.0,0.0,0.0,0.0,0.0,0.0,0.0
22.csv_Day7_22h00m,0.0,0.0,0.0,0.0,0.0,0.0,0.0,0.0,0.0
22.csv_Day7_22h30m,0.0,0.0,0.0,0.0,0.0,0.0,0.0,0.0,0.0
22.csv_Day7_23h00m,0.0,0.0,0.0,0.0,0.0,0.0,0.0,0.0,0.0
22.csv_Day7_23h30m,0.0,0.0,0.0,0.0,0.0,0.0,0.0,0.0,0.0
22.csv_Day8_0h00m,0.0,0.0,0.0,0.0,0.0,0.0,0.0,0.0,0.0
22.csv_Day8_0h30m,0.0,0.0,0.0,0.0,0.0,0.0,0.0,0.0,0.0
22.csv_Day8_1h00m,0.0,0.0,0.0,0.0,0.0,0.0,0.0,0.0,0.0
22.csv_Day8_1h30m,0.0,0.0,0.0,0.0,0.0,0.0,0.0,0.0,0.0
22.csv_Day8_2h00m,0.0,0.0,0.0,0.0,0.0,0.0,0.0,0.0,0.0
22.csv_Day8_2h30m,0.0,0.0,0.0,0.0,0.0,0.0,0.0,0.0,0.0
22.csv_Day8_3h00m,0.0,0.0,0.0,0.0,0.0,0.0,0.0,0.0,0.0
22.csv_Day8_3h30m,0.0,0.0,0.0,0.0,0.0,0.0,0.0,0.0,0.0
22.csv_Day8_4h00m,0.0,0.0,0.0,0.0,0.0,0.0,0.0,0.0,0.0
22.csv_Day8_4h30m,0.0,0.0,0.0,0.0,0.0,0.0,0.0,0.0,0.0
22.csv_Day8_5h00m,0.0,0.0,0.0,0.0,0.0,0.0,0.0,0.0,0.0
22.csv_Day8_5h30m,0.0,0.8600000143051147,1.2999999523162842,2.6600000858306885,2.930000066757202,5.070000171661377,4.320000171661377,4.940000057220459,4.960000038146973
22.csv_Day8_6h00m,4.75,4.800000190734863,10.34000015258789,8.829999923706055,9.90999984741211,10.529999732971191,12.1899995803833,13.140000343322754,12.59000015258789
22.csv_Day8_6h30m,7.289999961853027,9.819999694824219,17.25,9.539999961853027,11.699999809265137,14.430000305175781,18.790000915527344,22.020000457763672,20.420000076293945
22.csv_Day8_7h00m,13.199999809265137,19.809999465942383,23.1200008392334,24.389999389648438,20.829999923706055,27.309999465942383,30.260000228881836,30.6299991607666,30.729999542236328
22.csv_Day8_7h30m,21.559999465942383,23.350000381469727,31.510000228881836,29.729999542236328,33.900001525878906,36.779998779296875,39.849998474121094,39.470001220703125,40.869998931884766
22.csv_Day8_8h00m,25.200000762939453,23.790000915527344,29.979999542236328,40.5,45.08000183105469,45.029998779296875,49.43000030517578,47.880001068115234,49.72999954223633
22.csv_Day8_8h30m,31.579999923706055,26.06999969482422,44.81999969482422,52.08000183105469,54.630001068115234,55.56999969482422,59.119998931884766,55.630001068115234,59.650001525878906
22.csv_Day8_9h00m,35.2599983215332,34.540000915527344,45.20000076293945,61.560001373291016,61.47999954223633,59.369998931884766,67.36000061035156,64.3499984741211,69.2300033569336
22.csv_Day8_9h30m,42.9900016784668,40.2400016784668,42.33000183105469,60.880001068115234,67.37000274658203,62.91999816894531,72.44999694824219,70.4800033569336,76.5
22.csv_Day8_10h00m,39.40999984741211,38.150001525878906,42.279998779296875,74.25,68.38999938964844,79.31999969482422,80.72000122070312,76.30000305175781,82.30000305175781
22.csv_Day8_10h30m,39.06999969482422,44.790000915527344,57.70000076293945,64.87000274658203,63.56999969482422,88.48999786376953,83.30000305175781,84.41000366210938,87.44000244140625
22.csv_Day8_11h00m,36.86000061035156,45.5099983215332,56.02000045776367,70.95999908447266,63.060001373291016,91.7699966430664,85.83000183105469,84.9800033569336,88.69999694824219
22.csv_Day8_11h30m,46.099998474121094,55.54999923706055,57.38999938964844,79.75,79.22000122070312,85.5199966430664,90.9000015258789,88.36000061035156,92.76000213623047
22.csv_Day8_12h00m,25.18000030517578,58.59000015258789,72.4000015258789,81.20999908447266,66.4800033569336,94.08000183105469,90.5199966430664,92.16999816894531,93.94000244140625
22.csv_Day8_12h30m,39.81999969482422,37.790000915527344,57.68000030517578,76.58000183105469,71.68000030517578,83.58000183105469,84.80999755859375,81.68000030517578,85.7300033569336
22.csv_Day8_13h00m,42.119998931884766,37.40999984741211,72.87000274658203,80.37999725341797,75.58999633789062,82.16999816894531,87.25,85.02999877929688,87.16000366210938
22.csv_Day8_13h30m,44.9900016784668,49.709999084472656,75.97000122070312,78.9000015258789,75.33000183105469,88.58000183105469,87.12000274658203,86.18000030517578,87.5
22.csv_Day8_14h00m,37.29999923706055,38.849998474121094,67.27999877929688,73.23999786376953,70.33999633789062,81.16999816894531,79.63999938964844,80.0199966430664,81.36000061035156
22.csv_Day8_14h30m,42.63999938964844,25.559999465942383,33.209999084472656,61.84000015258789,61.060001373291016,59.38999938964844,69.43000030517578,64.44999694824219,71.83000183105469
22.csv_Day8_15h00m,40.650001525878906,32.220001220703125,54.27000045776367,60.470001220703125,61.91999816894531,66.16999816894531,66.8499984741211,68.08999633789062,68.47000122070312
22.csv_Day8_15h30m,32.4900016784668,31.940000534057617,46.9900016784668,53.86000061035156,54.900001525878906,57.63999938964844,59.09000015258789,59.40999984741211,60.16999816894531
22.csv_Day8_16h00m,31.530000686645508,31.540000915527344,38.5099983215332,44.099998474121094,46.9900016784668,46.09000015258789,50.2400016784668,48.91999816894531,50.4900016784668
22.csv_Day8_16h30m,20.649999618530273,22.399999618530273,17.989999771118164,22.100000381469727,31.8799991607666,23.68000030517578,35.43000030517578,30.040000915527344,39.08000183105469
22.csv_Day8_17h00m,19.969999313354492,16.079999923706055,17.889999389648438,20.200000762939453,22.90999984741211,19.18000030517578,29.110000610351562,24.780000686645508,30.260000228881836
22.csv_Day8_17h30m,4.559999942779541,4.550000190734863,10.0600004196167,9.979999542236328,13.779999732971191,7.21999979019165,18.309999465942383,9.8100004196167,20.010000228881836
22.csv_Day8_18h00m,0.4399999976158142,2.319999933242798,3.1500000953674316,5.059999942779541,5.769999980926514,2.740000009536743,8.460000038146973,5.03000020980835,10.25
22.csv_Day8_18h30m,0.0,0.0,0.0,1.1399999856948853,1.6799999475479126,0.949999988079071,1.9299999475479126,0.9200000166893005,2.640000104904175
22.csv_Day8_19h00m,0.0,0.0,0.0,0.0,0.0,0.0,0.0,0.0,0.0
22.csv_Day8_19h30m,0.0,0.0,0.0,0.0,0.0,0.0,0.0,0.0,0.0
22.csv_Day8_20h00m,0.0,0.0,0.0,0.0,0.0,0.0,0.0,0.0,0.0
22.csv_Day8_20h30m,0.0,0.0,0.0,0.0,0.0,0.0,0.0,0.0,0.0
22.csv_Day8_21h00m,0.0,0.0,0.0,0.0,0.0,0.0,0.0,0.0,0.0
22.csv_Day8_21h30m,0.0,0.0,0.0,0.0,0.0,0.0,0.0,0.0,0.0
22.csv_Day8_22h00m,0.0,0.0,0.0,0.0,0.0,0.0,0.0,0.0,0.0
22.csv_Day8_22h30m,0.0,0.0,0.0,0.0,0.0,0.0,0.0,0.0,0.0
22.csv_Day8_23h00m,0.0,0.0,0.0,0.0,0.0,0.0,0.0,0.0,0.0
22.csv_Day8_23h30m,0.0,0.0,0.0,0.0,0.0,0.0,0.0,0.0,0.0
23.csv_Day7_0h00m,0.0,0.0,0.0,0.0,0.0,0.0,0.0,0.0,0.0
23.csv_Day7_0h30m,0.0,0.0,0.0,0.0,0.0,0.0,0.0,0.0,0.0
23.csv_Day7_1h00m,0.0,0.0,0.0,0.0,0.0,0.0,0.0,0.0,0.0
23.csv_Day7_1h30m,0.0,0.0,0.0,0.0,0.0,0.0,0.0,0.0,0.0
23.csv_Day7_2h00m,0.0,0.0,0.0,0.0,0.0,0.0,0.0,0.0,0.0
23.csv_Day7_2h30m,0.0,0.0,0.0,0.0,0.0,0.0,0.0,0.0,0.0
23.csv_Day7_3h00m,0.0,0.0,0.0,0.0,0.0,0.0,0.0,0.0,0.0
23.csv_Day7_3h30m,0.0,0.0,0.0,0.0,0.0,0.0,0.0,0.0,0.0
23.csv_Day7_4h00m,0.0,0.0,0.0,0.0,0.0,0.0,0.0,0.0,0.0
23.csv_Day7_4h30m,0.0,0.0,0.0,0.0,0.0,0.0,0.0,0.0,0.0
23.csv_Day7_5h00m,0.0,0.0,0.8299999833106995,1.149999976158142,1.8200000524520874,1.8799999952316284,2.200000047683716,2.0399999618530273,2.700000047683716
23.csv_Day7_5h30m,3.9800000190734863,2.2100000381469727,3.2899999618530273,3.740000009536743,5.269999980926514,7.489999771118164,8.569999694824219,8.0600004196167,10.119999885559082
23.csv_Day7_6h00m,5.03000020980835,3.799999952316284,9.449999809265137,5.670000076293945,12.9399995803833,14.489999771118164,15.819999694824219,15.149999618530273,18.31999969482422
23.csv_Day7_6h30m,7.610000133514404,8.109999656677246,20.479999542236328,6.239999771118164,21.549999237060547,27.1200008392334,25.329999923706055,28.15999984741211,26.34000015258789
23.csv_Day7_7h00m,12.600000381469727,17.31999969482422,27.079999923706055,12.1899995803833,36.18000030517578,38.2400016784668,35.970001220703125,34.349998474121094,36.70000076293945
23.csv_Day7_7h30m,15.329999923706055,17.81999969482422,42.20000076293945,26.450000762939453,44.189998626708984,47.95000076293945,41.7599983215332,43.83000183105469,46.310001373291016
23.csv_Day7_8h00m,33.63999938964844,34.189998626708984,56.529998779296875,52.79999923706055,47.15999984741211,60.349998474121094,49.130001068115234,53.959999084472656,56.63999938964844
23.csv_Day7_8h30m,36.130001068115234,33.689998626708984,57.779998779296875,54.91999816894531,39.16999816894531,58.099998474121094,51.04999923706055,60.130001068115234,63.75
23.csv_Day7_9h00m,45.18000030517578,45.5,70.91000366210938,59.08000183105469,56.47999954223633,74.61000061035156,70.80999755859375,71.77999877929688,72.75
23.csv_Day7_9h30m,53.83000183105469,55.40999984741211,81.44000244140625,68.8499984741211,70.3499984741211,83.11000061035156,78.61000061035156,78.66999816894531,79.19999694824219
23.csv_Day7_10h00m,51.779998779296875,54.689998626708984,84.27999877929688,76.87000274658203,84.05999755859375,92.4000015258789,86.94999694824219,85.16999816894531,87.0
23.csv_Day7_10h30m,30.969999313354492,53.36000061035156,79.47000122070312,66.5,89.56999969482422,88.44999694824219,84.9800033569336,85.19000244140625,87.9000015258789
23.csv_Day7_11h00m,15.989999771118164,56.31999969482422,63.84000015258789,36.900001525878906,92.63999938964844,84.93000030517578,88.2300033569336,90.91999816894531,93.61000061035156
23.csv_Day7_11h30m,29.850000381469727,47.31999969482422,68.3499984741211,68.86000061035156,80.88999938964844,72.83000183105469,77.43000030517578,82.4800033569336,89.37999725341797
23.csv_Day7_12h00m,38.77000045776367,53.900001525878906,84.30999755859375,95.77999877929688,77.5199966430664,92.16000366210938,83.4800033569336,80.72000122070312,95.33999633789062
23.csv_Day7_12h30m,23.200000762939453,54.58000183105469,74.18000030517578,29.979999542236328,67.94999694824219,88.44999694824219,65.58000183105469,60.939998626708984,90.23999786376953
23.csv_Day7_13h00m,28.229999542236328,45.880001068115234,70.7300033569336,51.40999984741211,65.76000213623047,78.18000030517578,68.47000122070312,63.72999954223633,85.87000274658203
23.csv_Day7_13h30m,33.56999969482422,40.790000915527344,74.45999908447266,76.95999908447266,63.25,71.23999786376953,72.44999694824219,69.38999938964844,83.5199966430664
23.csv_Day7_14h00m,35.06999969482422,26.440000534057617,66.0199966430664,62.65999984741211,61.869998931884766,69.1500015258789,60.810001373291016,61.869998931884766,76.3499984741211
23.csv_Day7_14h30m,29.489999771118164,17.3799991607666,57.5,29.280000686645508,62.290000915527344,63.90999984741211,69.37000274658203,69.06999969482422,79.4000015258789
23.csv_Day7_15h00m,5.53000020980835,3.6500000953674316,22.739999771118164,20.270000457763672,43.779998779296875,54.63999938964844,70.79000091552734,66.08999633789062,72.76000213623047
23.csv_Day7_15h30m,1.9600000381469727,2.690000057220459,38.38999938964844,13.260000228881836,36.599998474121094,49.130001068115234,63.630001068115234,59.02000045776367,63.88999938964844
23.csv_Day7_16h00m,8.460000038146973,27.739999771118164,33.029998779296875,14.960000038146973,27.25,38.0,37.72999954223633,39.97999954223633,52.2400016784668
23.csv_Day7_16h30m,4.460000038146973,5.099999904632568,38.599998474121094,10.0600004196167,29.959999084472656,37.86000061035156,42.43000030517578,40.709999084472656,45.02000045776367
23.csv_Day7_17h00m,6.389999866485596,11.59000015258789,3.759999990463257,27.020000457763672,16.18000030517578,14.420000076293945,32.31999969482422,32.5,34.4900016784668
23.csv_Day7_17h30m,3.140000104904175,9.25,2.190000057220459,21.360000610351562,5.570000171661377,5.050000190734863,17.149999618530273,22.389999389648438,24.100000381469727
23.csv_Day7_18h00m,0.5299999713897705,7.260000228881836,1.6100000143051147,5.380000114440918,11.550000190734863,2.3499999046325684,11.529999732971191,13.119999885559082,14.970000267028809
23.csv_Day7_18h30m,0.47999998927116394,1.6200000047683716,2.130000114440918,1.149999976158142,4.849999904632568,1.399999976158142,6.860000133514404,6.380000114440918,7.440000057220459
23.csv_Day7_19h00m,0.0,0.0,0.0,1.0399999618530273,1.1799999475479126,0.7400000095367432,1.4900000095367432,1.340000033378601,1.340000033378601
23.csv_Day7_19h30m,0.0,0.0,0.0,0.0,0.0,0.0,0.0,0.0,0.0
23.csv_Day7_20h00m,0.0,0.0,0.0,0.0,0.0,0.0,0.0,0.0,0.0
23.csv_Day7_20h30m,0.0,0.0,0.0,0.0,0.0,0.0,0.0,0.0,0.0
23.csv_Day7_21h00m,0.0,0.0,0.0,0.0,0.0,0.0,0.0,0.0,0.0
23.csv_Day7_21h30m,0.0,0.0,0.0,0.0,0.0,0.0,0.0,0.0,0.0
23.csv_Day7_22h00m,0.0,0.0,0.0,0.0,0.0,0.0,0.0,0.0,0.0
23.csv_Day7_22h30m,0.0,0.0,0.0,0.0,0.0,0.0,0.0,0.0,0.0
23.csv_Day7_23h00m,0.0,0.0,0.0,0.0,0.0,0.0,0.0,0.0,0.0
23.csv_Day7_23h30m,0.0,0.0,0.0,0.0,0.0,0.0,0.0,0.0,0.0
23.csv_Day8_0h00m,0.0,0.0,0.0,0.0,0.0,0.0,0.0,0.0,0.0
23.csv_Day8_0h30m,0.0,0.0,0.0,0.0,0.0,0.0,0.0,0.0,0.0
23.csv_Day8_1h00m,0.0,0.0,0.0,0.0,0.0,0.0,0.0,0.0,0.0
23.csv_Day8_1h30m,0.0,0.0,0.0,0.0,0.0,0.0,0.0,0.0,0.0
23.csv_Day8_2h00m,0.0,0.0,0.0,0.0,0.0,0.0,0.0,0.0,0.0
23.csv_Day8_2h30m,0.0,0.0,0.0,0.0,0.0,0.0,0.0,0.0,0.0
23.csv_Day8_3h00m,0.0,0.0,0.0,0.0,0.0,0.0,0.0,0.0,0.0
23.csv_Day8_3h30m,0.0,0.0,0.0,0.0,0.0,0.0,0.0,0.0,0.0
23.csv_Day8_4h00m,0.0,0.0,0.0,0.0,0.0,0.0,0.0,0.0,0.0
23.csv_Day8_4h30m,0.0,0.0,0.0,0.0,0.0,0.0,0.0,0.0,0.0
23.csv_Day8_5h00m,0.0,0.0,0.5899999737739563,1.1399999856948853,1.8200000524520874,2.190000057220459,2.200000047683716,2.2200000286102295,2.700000047683716
23.csv_Day8_5h30m,1.909999966621399,2.2300000190734863,3.490000009536743,3.7100000381469727,5.269999980926514,8.069999694824219,8.460000038146973,8.430000305175781,10.119999885559082
23.csv_Day8_6h00m,4.559999942779541,3.819999933242798,5.340000152587891,5.630000114440918,12.949999809265137,16.280000686645508,15.649999618530273,14.8100004196167,18.31999969482422
23.csv_Day8_6h30m,2.359999895095825,8.149999618530273,10.020000457763672,6.210000038146973,21.559999465942383,23.110000610351562,25.079999923706055,24.90999984741211,26.329999923706055
23.csv_Day8_7h00m,11.65999984741211,17.420000076293945,19.059999465942383,12.109999656677246,36.209999084472656,37.38999938964844,35.630001068115234,36.029998779296875,36.68000030517578
23.csv_Day8_7h30m,21.56999969482422,17.920000076293945,38.31999969482422,26.290000915527344,44.220001220703125,48.63999938964844,41.369998931884766,45.65999984741211,46.290000915527344
23.csv_Day8_8h00m,30.649999618530273,34.380001068115234,57.61000061035156,52.47999954223633,47.189998626708984,59.75,48.65999984741211,55.02000045776367,56.61000061035156
23.csv_Day8_8h30m,35.150001525878906,33.880001068115234,63.20000076293945,54.59000015258789,39.20000076293945,65.54000091552734,50.540000915527344,63.380001068115234,63.720001220703125
23.csv_Day8_9h00m,51.22999954223633,45.7599983215332,75.94999694824219,58.72999954223633,56.52000045776367,76.20999908447266,70.1500015258789,73.5,72.72000122070312
23.csv_Day8_9h30m,57.880001068115234,55.720001220703125,84.33000183105469,68.43000030517578,70.4000015258789,83.91000366210938,77.91000366210938,79.66999816894531,79.16999816894531
23.csv_Day8_10h00m,62.31999969482422,55.0,87.48999786376953,76.41000366210938,84.12000274658203,93.61000061035156,86.18000030517578,84.51000213623047,86.95999908447266
23.csv_Day8_10h30m,67.58000183105469,53.65999984741211,93.16999816894531,66.0999984741211,89.63999938964844,88.44000244140625,84.22000122070312,85.93000030517578,87.86000061035156
23.csv_Day8_11h00m,71.18000030517578,56.63999938964844,97.55999755859375,36.68000030517578,92.70999908447266,87.2699966430664,87.43000030517578,92.56999969482422,93.56999969482422
23.csv_Day8_11h30m,57.220001220703125,47.58000183105469,90.95999908447266,68.44999694824219,80.95999908447266,59.4900016784668,76.70999908447266,85.80999755859375,89.33999633789062
23.csv_Day8_12h00m,48.459999084472656,54.20000076293945,93.30000305175781,95.19999694824219,77.58000183105469,85.91000366210938,82.7300033569336,82.31999969482422,95.30000305175781
23.csv_Day8_12h30m,25.510000228881836,54.880001068115234,87.56999969482422,29.799999237060547,68.0,86.63999938964844,64.91999816894531,84.05999755859375,90.19999694824219
23.csv_Day8_13h00m,27.030000686645508,46.13999938964844,80.19999694824219,51.11000061035156,65.80999755859375,79.69000244140625,67.80999755859375,82.41999816894531,85.83000183105469
23.csv_Day8_13h30m,27.3700008392334,41.02000045776367,74.69999694824219,76.48999786376953,63.290000915527344,78.30999755859375,71.76000213623047,82.4000015258789,83.48999786376953
23.csv_Day8_14h00m,24.850000381469727,26.579999923706055,57.900001525878906,62.279998779296875,61.91999816894531,69.08999633789062,60.220001220703125,69.33999633789062,76.30999755859375
23.csv_Day8_14h30m,38.439998626708984,17.479999542236328,66.08000183105469,29.100000381469727,62.34000015258789,66.29000091552734,68.7300033569336,73.66999816894531,79.37000274658203
23.csv_Day8_15h00m,23.079999923706055,3.6700000762939453,58.849998474121094,20.149999618530273,43.810001373291016,46.0099983215332,70.16000366210938,66.0999984741211,72.72000122070312
23.csv_Day8_15h30m,22.139999389648438,2.7100000381469727,52.970001220703125,13.180000305175781,36.619998931884766,31.520000457763672,63.060001373291016,60.720001220703125,63.86000061035156
23.csv_Day8_16h00m,28.40999984741211,27.889999389648438,48.77000045776367,14.869999885559082,27.270000457763672,20.93000030517578,37.34000015258789,53.709999084472656,52.220001220703125
23.csv_Day8_16h30m,22.389999389648438,5.130000114440918,39.40999984741211,10.0,29.989999771118164,24.049999237060547,42.040000915527344,43.9900016784668,45.0
23.csv_Day8_17h00m,15.029999732971191,11.65999984741211,28.989999771118164,26.860000610351562,16.200000762939453,5.840000152587891,32.0099983215332,33.45000076293945,34.470001220703125
23.csv_Day8_17h30m,12.170000076293945,9.300000190734863,9.449999809265137,21.229999542236328,5.579999923706055,8.359999656677246,16.950000762939453,22.18000030517578,24.09000015258789
23.csv_Day8_18h00m,1.100000023841858,7.300000190734863,3.869999885559082,5.349999904632568,11.5600004196167,8.140000343322754,11.390000343322754,13.260000228881836,14.970000267028809
23.csv_Day8_18h30m,0.6200000047683716,1.6299999952316284,1.8200000524520874,1.1399999856948853,4.860000133514404,4.380000114440918,6.760000228881836,6.760000228881836,7.429999828338623
23.csv_Day8_19h00m,0.0,0.0,0.0,1.0299999713897705,1.1799999475479126,1.0499999523162842,1.5800000429153442,1.2899999618530273,1.340000033378601
23.csv_Day8_19h30m,0.0,0.0,0.0,0.0,0.0,0.0,0.0,0.0,0.0
23.csv_Day8_20h00m,0.0,0.0,0.0,0.0,0.0,0.0,0.0,0.0,0.0
23.csv_Day8_20h30m,0.0,0.0,0.0,0.0,0.0,0.0,0.0,0.0,0.0
23.csv_Day8_21h00m,0.0,0.0,0.0,0.0,0.0,0.0,0.0,0.0,0.0
23.csv_Day8_21h30m,0.0,0.0,0.0,0.0,0.0,0.0,0.0,0.0,0.0
23.csv_Day8_22h00m,0.0,0.0,0.0,0.0,0.0,0.0,0.0,0.0,0.0
23.csv_Day8_22h30m,0.0,0.0,0.0,0.0,0.0,0.0,0.0,0.0,0.0
23.csv_Day8_23h00m,0.0,0.0,0.0,0.0,0.0,0.0,0.0,0.0,0.0
23.csv_Day8_23h30m,0.0,0.0,0.0,0.0,0.0,0.0,0.0,0.0,0.0
24.csv_Day7_0h00m,0.0,0.0,0.0,0.0,0.0,0.0,0.0,0.0,0.0
24.csv_Day7_0h30m,0.0,0.0,0.0,0.0,0.0,0.0,0.0,0.0,0.0
24.csv_Day7_1h00m,0.0,0.0,0.0,0.0,0.0,0.0,0.0,0.0,0.0
24.csv_Day7_1h30m,0.0,0.0,0.0,0.0,0.0,0.0,0.0,0.0,0.0
24.csv_Day7_2h00m,0.0,0.0,0.0,0.0,0.0,0.0,0.0,0.0,0.0
24.csv_Day7_2h30m,0.0,0.0,0.0,0.0,0.0,0.0,0.0,0.0,0.0
24.csv_Day7_3h00m,0.0,0.0,0.0,0.0,0.0,0.0,0.0,0.0,0.0
24.csv_Day7_3h30m,0.0,0.0,0.0,0.0,0.0,0.0,0.0,0.0,0.0
24.csv_Day7_4h00m,0.0,0.0,0.0,0.0,0.0,0.0,0.0,0.0,0.0
24.csv_Day7_4h30m,0.0,0.0,0.0,0.0,0.0,0.0,0.0,0.0,0.0
24.csv_Day7_5h00m,0.0,0.0,0.0,0.0,0.0,0.0,0.0,0.0,0.0
24.csv_Day7_5h30m,0.0,0.0,0.0,0.0,0.0,0.0,0.0,0.0,0.0
24.csv_Day7_6h00m,0.0,0.0,0.0,0.0,0.0,0.0,0.0,0.0,0.0
24.csv_Day7_6h30m,0.0,0.0,0.0,0.3499999940395355,1.4800000190734863,0.15000000596046448,0.9800000190734863,0.8100000023841858,1.4199999570846558
24.csv_Day7_7h00m,1.899999976158142,4.090000152587891,2.7699999809265137,4.53000020980835,5.5,5.070000171661377,6.070000171661377,6.869999885559082,7.420000076293945
24.csv_Day7_7h30m,8.569999694824219,8.670000076293945,9.020000457763672,13.710000038146973,15.1899995803833,9.050000190734863,12.220000267028809,14.920000076293945,15.869999885559082
24.csv_Day7_8h00m,15.260000228881836,11.9399995803833,14.930000305175781,20.549999237060547,22.469999313354492,14.890000343322754,18.360000610351562,23.90999984741211,25.059999465942383
24.csv_Day7_8h30m,23.010000228881836,9.039999961853027,14.630000114440918,22.079999923706055,32.630001068115234,28.18000030517578,30.510000228881836,33.56999969482422,34.15999984741211
24.csv_Day7_9h00m,31.43000030517578,15.449999809265137,31.579999923706055,16.81999969482422,41.15999984741211,42.45000076293945,41.06999969482422,41.83000183105469,43.93000030517578
24.csv_Day7_9h30m,38.959999084472656,18.799999237060547,42.83000183105469,18.780000686645508,51.0099983215332,48.709999084472656,50.529998779296875,51.880001068115234,52.61000061035156
24.csv_Day7_10h00m,40.720001220703125,30.049999237060547,51.849998474121094,46.209999084472656,57.33000183105469,57.52000045776367,57.279998779296875,59.04999923706055,60.20000076293945
24.csv_Day7_10h30m,46.099998474121094,31.93000030517578,58.63999938964844,45.56999969482422,61.77000045776367,63.08000183105469,63.2400016784668,65.93000030517578,66.30999755859375
24.csv_Day7_11h00m,49.349998474121094,26.809999465942383,61.790000915527344,44.95000076293945,63.31999969482422,68.86000061035156,67.52999877929688,69.80000305175781,71.37000274658203
24.csv_Day7_11h30m,43.47999954223633,37.75,62.779998779296875,46.470001220703125,67.80999755859375,67.04000091552734,70.01000213623047,72.33999633789062,72.91999816894531
24.csv_Day7_12h00m,35.810001373291016,42.47999954223633,68.20999908447266,58.130001068115234,66.41999816894531,72.41999816894531,70.95999908447266,72.26000213623047,75.5
24.csv_Day7_12h30m,31.530000686645508,41.84000015258789,65.08000183105469,56.970001220703125,65.20999908447266,71.51000213623047,70.48999786376953,70.48999786376953,75.25
24.csv_Day7_13h00m,36.349998474121094,41.290000915527344,56.619998931884766,52.2599983215332,65.88999938964844,69.30999755859375,68.5199966430664,68.77999877929688,71.45999908447266
24.csv_Day7_13h30m,40.310001373291016,36.560001373291016,45.06999969482422,37.36000061035156,60.7400016784668,63.97999954223633,65.94000244140625,66.88999938964844,71.0
24.csv_Day7_14h00m,42.310001373291016,35.59000015258789,45.720001220703125,37.630001068115234,61.970001220703125,61.59000015258789,63.2599983215332,64.41999816894531,66.31999969482422
24.csv_Day7_14h30m,34.79999923706055,32.470001220703125,48.88999938964844,42.16999816894531,53.779998779296875,55.810001373291016,55.869998931884766,56.33000183105469,58.61000061035156
24.csv_Day7_15h00m,27.170000076293945,27.040000915527344,43.130001068115234,28.700000762939453,40.41999816894531,45.869998931884766,46.33000183105469,48.34000015258789,52.529998779296875
24.csv_Day7_15h30m,24.170000076293945,22.0,37.68000030517578,20.479999542236328,33.54999923706055,38.72999954223633,39.15999984741211,38.970001220703125,42.040000915527344
24.csv_Day7_16h00m,20.8799991607666,14.800000190734863,22.010000228881836,14.819999694824219,30.290000915527344,29.729999542236328,31.56999969482422,31.899999618530273,33.04999923706055
24.csv_Day7_16h30m,11.1899995803833,7.929999828338623,9.739999771118164,10.729999542236328,21.059999465942383,19.06999969482422,21.649999618530273,21.450000762939453,22.520000457763672
24.csv_Day7_17h00m,5.099999904632568,4.239999771118164,6.590000152587891,8.819999694824219,11.539999961853027,9.0600004196167,12.6899995803833,12.819999694824219,14.25
24.csv_Day7_17h30m,1.5499999523162842,2.200000047683716,1.1100000143051147,3.4700000286102295,2.7100000381469727,2.890000104904175,5.199999809265137,5.349999904632568,5.889999866485596
24.csv_Day7_18h00m,0.0,0.0,0.0,0.0,0.0,0.0,0.0,0.0,0.0
24.csv_Day7_18h30m,0.0,0.0,0.0,0.0,0.0,0.0,0.0,0.0,0.0
24.csv_Day7_19h00m,0.0,0.0,0.0,0.0,0.0,0.0,0.0,0.0,0.0
24.csv_Day7_19h30m,0.0,0.0,0.0,0.0,0.0,0.0,0.0,0.0,0.0
24.csv_Day7_20h00m,0.0,0.0,0.0,0.0,0.0,0.0,0.0,0.0,0.0
24.csv_Day7_20h30m,0.0,0.0,0.0,0.0,0.0,0.0,0.0,0.0,0.0
24.csv_Day7_21h00m,0.0,0.0,0.0,0.0,0.0,0.0,0.0,0.0,0.0
24.csv_Day7_21h30m,0.0,0.0,0.0,0.0,0.0,0.0,0.0,0.0,0.0
24.csv_Day7_22h00m,0.0,0.0,0.0,0.0,0.0,0.0,0.0,0.0,0.0
24.csv_Day7_22h30m,0.0,0.0,0.0,0.0,0.0,0.0,0.0,0.0,0.0
24.csv_Day7_23h00m,0.0,0.0,0.0,0.0,0.0,0.0,0.0,0.0,0.0
24.csv_Day7_23h30m,0.0,0.0,0.0,0.0,0.0,0.0,0.0,0.0,0.0
24.csv_Day8_0h00m,0.0,0.0,0.0,0.0,0.0,0.0,0.0,0.0,0.0
24.csv_Day8_0h30m,0.0,0.0,0.0,0.0,0.0,0.0,0.0,0.0,0.0
24.csv_Day8_1h00m,0.0,0.0,0.0,0.0,0.0,0.0,0.0,0.0,0.0
24.csv_Day8_1h30m,0.0,0.0,0.0,0.0,0.0,0.0,0.0,0.0,0.0
24.csv_Day8_2h00m,0.0,0.0,0.0,0.0,0.0,0.0,0.0,0.0,0.0
24.csv_Day8_2h30m,0.0,0.0,0.0,0.0,0.0,0.0,0.0,0.0,0.0
24.csv_Day8_3h00m,0.0,0.0,0.0,0.0,0.0,0.0,0.0,0.0,0.0
24.csv_Day8_3h30m,0.0,0.0,0.0,0.0,0.0,0.0,0.0,0.0,0.0
24.csv_Day8_4h00m,0.0,0.0,0.0,0.0,0.0,0.0,0.0,0.0,0.0
24.csv_Day8_4h30m,0.0,0.0,0.0,0.0,0.0,0.0,0.0,0.0,0.0
24.csv_Day8_5h00m,0.0,0.0,0.0,0.0,0.0,0.0,0.0,0.0,0.0
24.csv_Day8_5h30m,0.0,0.0,0.0,0.0,0.0,0.0,0.0,0.0,0.0
24.csv_Day8_6h00m,0.0,0.0,0.0,0.0,0.0,0.0,0.0,0.0,0.0
24.csv_Day8_6h30m,0.0,0.0,0.0,0.3499999940395355,1.4800000190734863,0.2199999988079071,1.0299999713897705,0.12999999523162842,1.409999966621399
24.csv_Day8_7h00m,2.4000000953674316,4.110000133514404,2.9100000858306885,4.5,5.510000228881836,6.119999885559082,5.980000019073486,6.519999980926514,7.409999847412109
24.csv_Day8_7h30m,9.140000343322754,8.720000267028809,4.369999885559082,13.619999885559082,15.199999809265137,13.4399995803833,12.079999923706055,15.65999984741211,15.859999656677246
24.csv_Day8_8h00m,14.270000457763672,12.010000228881836,11.260000228881836,20.43000030517578,22.479999542236328,21.3700008392334,18.15999984741211,24.860000610351562,25.049999237060547
24.csv_Day8_8h30m,20.579999923706055,9.09000015258789,24.969999313354492,21.950000762939453,32.650001525878906,32.7599983215332,30.209999084472656,34.2599983215332,34.13999938964844
24.csv_Day8_9h00m,15.65999984741211,15.539999961853027,38.439998626708984,16.719999313354492,41.20000076293945,43.349998474121094,40.689998626708984,41.77000045776367,43.90999984741211
24.csv_Day8_9h30m,23.510000228881836,18.90999984741211,49.290000915527344,18.670000076293945,51.04999923706055,52.31999969482422,50.060001373291016,51.52000045776367,52.58000183105469
24.csv_Day8_10h00m,16.5,30.219999313354492,54.189998626708984,45.939998626708984,57.369998931884766,59.209999084472656,56.75,57.959999084472656,60.16999816894531
24.csv_Day8_10h30m,24.5,32.11000061035156,61.56999969482422,45.29999923706055,61.81999969482422,64.97000122070312,62.65999984741211,64.73999786376953,66.27999877929688
24.csv_Day8_11h00m,6.25,26.959999084472656,62.689998626708984,44.68000030517578,63.36000061035156,59.90999984741211,66.91999816894531,68.54000091552734,71.33999633789062
24.csv_Day8_11h30m,5.639999866485596,37.959999084472656,64.18000030517578,46.189998626708984,67.86000061035156,58.97999954223633,69.37999725341797,69.93000030517578,72.88999938964844
24.csv_Day8_12h00m,4.340000152587891,42.720001220703125,63.68000030517578,57.779998779296875,66.47000122070312,68.7699966430664,70.31999969482422,64.41999816894531,75.47000122070312
24.csv_Day8_12h30m,5.139999866485596,42.08000183105469,63.349998474121094,56.630001068115234,65.26000213623047,68.83999633789062,69.86000061035156,63.34000015258789,75.22000122070312
24.csv_Day8_13h00m,7.579999923706055,41.52000045776367,60.25,51.95000076293945,65.94000244140625,60.86000061035156,67.9000015258789,66.88999938964844,71.43000030517578
24.csv_Day8_13h30m,8.34000015258789,36.7599983215332,56.27000045776367,37.13999938964844,60.779998779296875,54.5099983215332,65.33999633789062,67.2699966430664,70.97000122070312
24.csv_Day8_14h00m,5.110000133514404,35.790000915527344,52.560001373291016,37.400001525878906,62.02000045776367,58.439998626708984,62.68000030517578,63.709999084472656,66.30000305175781
24.csv_Day8_14h30m,4.570000171661377,32.65999984741211,49.0,41.91999816894531,53.83000183105469,57.58000183105469,55.36000061035156,53.27000045776367,58.59000015258789
24.csv_Day8_15h00m,2.430000066757202,27.190000534057617,36.13999938964844,28.530000686645508,40.45000076293945,47.150001525878906,46.400001525878906,44.209999084472656,52.5
24.csv_Day8_15h30m,2.930000066757202,22.1299991607666,29.770000457763672,20.350000381469727,33.56999969482422,40.349998474121094,38.790000915527344,35.58000183105469,42.029998779296875
24.csv_Day8_16h00m,3.369999885559082,14.880000114440918,27.600000381469727,14.729999542236328,30.309999465942383,31.809999465942383,31.270000457763672,30.729999542236328,33.040000915527344
24.csv_Day8_16h30m,5.710000038146973,7.980000019073486,9.109999656677246,10.65999984741211,21.079999923706055,19.1299991607666,21.43000030517578,20.559999465942383,22.510000228881836
24.csv_Day8_17h00m,5.25,4.269999980926514,2.7899999618530273,8.760000228881836,11.550000190734863,8.010000228881836,12.539999961853027,12.949999809265137,14.239999771118164
24.csv_Day8_17h30m,2.140000104904175,2.2200000286102295,0.9100000262260437,3.440000057220459,2.7100000381469727,4.150000095367432,5.139999866485596,5.579999923706055,5.889999866485596
24.csv_Day8_18h00m,0.0,0.0,0.0,0.0,0.0,0.0,0.0,0.0,0.0
24.csv_Day8_18h30m,0.0,0.0,0.0,0.0,0.0,0.0,0.0,0.0,0.0
24.csv_Day8_19h00m,0.0,0.0,0.0,0.0,0.0,0.0,0.0,0.0,0.0
24.csv_Day8_19h30m,0.0,0.0,0.0,0.0,0.0,0.0,0.0,0.0,0.0
24.csv_Day8_20h00m,0.0,0.0,0.0,0.0,0.0,0.0,0.0,0.0,0.0
24.csv_Day8_20h30m,0.0,0.0,0.0,0.0,0.0,0.0,0.0,0.0,0.0
24.csv_Day8_21h00m,0.0,0.0,0.0,0.0,0.0,0.0,0.0,0.0,0.0
24.csv_Day8_21h30m,0.0,0.0,0.0,0.0,0.0,0.0,0.0,0.0,0.0
24.csv_Day8_22h00m,0.0,0.0,0.0,0.0,0.0,0.0,0.0,0.0,0.0
24.csv_Day8_22h30m,0.0,0.0,0.0,0.0,0.0,0.0,0.0,0.0,0.0
24.csv_Day8_23h00m,0.0,0.0,0.0,0.0,0.0,0.0,0.0,0.0,0.0
24.csv_Day8_23h30m,0.0,0.0,0.0,0.0,0.0,0.0,0.0,0.0,0.0
25.csv_Day7_0h00m,0.0,0.0,0.0,0.0,0.0,0.0,0.0,0.0,0.0
25.csv_Day7_0h30m,0.0,0.0,0.0,0.0,0.0,0.0,0.0,0.0,0.0
25.csv_Day7_1h00m,0.0,0.0,0.0,0.0,0.0,0.0,0.0,0.0,0.0
25.csv_Day7_1h30m,0.0,0.0,0.0,0.0,0.0,0.0,0.0,0.0,0.0
25.csv_Day7_2h00m,0.0,0.0,0.0,0.0,0.0,0.0,0.0,0.0,0.0
25.csv_Day7_2h30m,0.0,0.0,0.0,0.0,0.0,0.0,0.0,0.0,0.0
25.csv_Day7_3h00m,0.0,0.0,0.0,0.0,0.0,0.0,0.0,0.0,0.0
25.csv_Day7_3h30m,0.0,0.0,0.0,0.0,0.0,0.0,0.0,0.0,0.0
25.csv_Day7_4h00m,0.0,0.0,0.0,0.0,0.0,0.0,0.0,0.0,0.0
25.csv_Day7_4h30m,0.0,0.0,0.0,0.0,0.0,0.0,0.0,0.0,0.0
25.csv_Day7_5h00m,0.0,0.0,0.0,0.0,0.0,0.0,0.0,0.0,0.0
25.csv_Day7_5h30m,0.0,0.0,0.0,0.0,0.0,0.0,0.0,0.0,0.0
25.csv_Day7_6h00m,0.0,0.0,0.0,0.0,0.0,0.0,0.0,0.0,0.0
25.csv_Day7_6h30m,0.0,0.0,0.0,0.0,0.0,0.0,0.0,0.0,0.0
25.csv_Day7_7h00m,0.0,0.0,0.0,0.0,0.0,0.0,0.0,0.0,0.0
25.csv_Day7_7h30m,0.0,0.0,0.8299999833106995,1.4199999570846558,2.240000009536743,2.1600000858306885,2.559999942779541,2.75,3.190000057220459
25.csv_Day7_8h00m,4.849999904632568,6.329999923706055,6.96999979019165,8.420000076293945,9.970000267028809,9.729999542236328,10.329999923706055,11.100000381469727,11.1899995803833
25.csv_Day7_8h30m,11.380000114440918,11.460000038146973,14.9399995803833,16.540000915527344,16.559999465942383,17.020000457763672,18.56999969482422,18.90999984741211,18.959999084472656
25.csv_Day7_9h00m,17.6200008392334,17.579999923706055,21.540000915527344,20.65999984741211,21.520000457763672,25.030000686645508,25.959999084472656,25.43000030517578,27.100000381469727
25.csv_Day7_9h30m,16.780000686645508,19.889999389648438,26.90999984741211,22.8799991607666,21.040000915527344,30.969999313354492,32.9900016784668,32.09000015258789,34.150001525878906
25.csv_Day7_10h00m,21.389999389648438,22.030000686645508,35.720001220703125,19.149999618530273,23.790000915527344,36.540000915527344,38.560001373291016,38.72999954223633,38.72999954223633
25.csv_Day7_10h30m,27.65999984741211,19.829999923706055,47.27000045776367,32.84000015258789,32.290000915527344,40.43000030517578,46.25,47.7400016784668,47.029998779296875
25.csv_Day7_11h00m,32.40999984741211,35.709999084472656,49.43000030517578,40.43000030517578,28.450000762939453,44.11000061035156,51.869998931884766,52.630001068115234,53.59000015258789
25.csv_Day7_11h30m,30.579999923706055,35.29999923706055,44.83000183105469,41.2599983215332,31.739999771118164,49.02000045776367,53.11000061035156,54.83000183105469,55.529998779296875
25.csv_Day7_12h00m,36.86000061035156,39.58000183105469,52.90999984741211,44.83000183105469,39.2599983215332,52.5,54.599998474121094,55.77000045776367,56.939998626708984
25.csv_Day7_12h30m,39.970001220703125,42.06999969482422,57.88999938964844,45.77000045776367,43.119998931884766,50.75,55.79999923706055,57.52000045776367,58.310001373291016
25.csv_Day7_13h00m,39.56999969482422,40.33000183105469,54.33000183105469,44.43000030517578,41.599998474121094,45.119998931884766,53.619998931884766,55.86000061035156,56.650001525878906
25.csv_Day7_13h30m,36.5,33.2400016784668,49.150001525878906,43.25,39.04999923706055,36.900001525878906,50.5,52.38999938964844,53.369998931884766
25.csv_Day7_14h00m,33.41999816894531,23.510000228881836,41.4900016784668,39.959999084472656,33.119998931884766,31.6200008392334,45.86000061035156,48.29999923706055,48.849998474121094
25.csv_Day7_14h30m,27.670000076293945,16.360000610351562,35.650001525878906,30.799999237060547,26.709999084472656,20.239999771118164,40.060001373291016,43.09000015258789,42.84000015258789
25.csv_Day7_15h00m,19.399999618530273,18.399999618530273,18.079999923706055,20.5,20.1200008392334,33.130001068115234,32.41999816894531,33.59000015258789,34.0099983215332
25.csv_Day7_15h30m,15.59000015258789,16.270000457763672,21.690000534057617,16.760000228881836,16.770000457763672,25.959999084472656,25.110000610351562,25.610000610351562,26.469999313354492
25.csv_Day7_16h00m,10.329999923706055,10.539999961853027,15.5600004196167,13.869999885559082,15.949999809265137,18.8700008392334,17.989999771118164,18.540000915527344,19.020000457763672
25.csv_Day7_16h30m,5.710000038146973,3.2300000190734863,7.690000057220459,8.170000076293945,9.579999923706055,9.260000228881836,9.8100004196167,10.979999542236328,10.59000015258789
25.csv_Day7_17h00m,0.0,0.0,0.0,2.069999933242798,1.6399999856948853,1.9900000095367432,2.390000104904175,2.359999895095825,1.850000023841858
25.csv_Day7_17h30m,0.0,0.0,0.0,0.0,0.0,0.0,0.0,0.0,0.0
25.csv_Day7_18h00m,0.0,0.0,0.0,0.0,0.0,0.0,0.0,0.0,0.0
25.csv_Day7_18h30m,0.0,0.0,0.0,0.0,0.0,0.0,0.0,0.0,0.0
25.csv_Day7_19h00m,0.0,0.0,0.0,0.0,0.0,0.0,0.0,0.0,0.0
25.csv_Day7_19h30m,0.0,0.0,0.0,0.0,0.0,0.0,0.0,0.0,0.0
25.csv_Day7_20h00m,0.0,0.0,0.0,0.0,0.0,0.0,0.0,0.0,0.0
25.csv_Day7_20h30m,0.0,0.0,0.0,0.0,0.0,0.0,0.0,0.0,0.0
25.csv_Day7_21h00m,0.0,0.0,0.0,0.0,0.0,0.0,0.0,0.0,0.0
25.csv_Day7_21h30m,0.0,0.0,0.0,0.0,0.0,0.0,0.0,0.0,0.0
25.csv_Day7_22h00m,0.0,0.0,0.0,0.0,0.0,0.0,0.0,0.0,0.0
25.csv_Day7_22h30m,0.0,0.0,0.0,0.0,0.0,0.0,0.0,0.0,0.0
25.csv_Day7_23h00m,0.0,0.0,0.0,0.0,0.0,0.0,0.0,0.0,0.0
25.csv_Day7_23h30m,0.0,0.0,0.0,0.0,0.0,0.0,0.0,0.0,0.0
25.csv_Day8_0h00m,0.0,0.0,0.0,0.0,0.0,0.0,0.0,0.0,0.0
25.csv_Day8_0h30m,0.0,0.0,0.0,0.0,0.0,0.0,0.0,0.0,0.0
25.csv_Day8_1h00m,0.0,0.0,0.0,0.0,0.0,0.0,0.0,0.0,0.0
25.csv_Day8_1h30m,0.0,0.0,0.0,0.0,0.0,0.0,0.0,0.0,0.0
25.csv_Day8_2h00m,0.0,0.0,0.0,0.0,0.0,0.0,0.0,0.0,0.0
25.csv_Day8_2h30m,0.0,0.0,0.0,0.0,0.0,0.0,0.0,0.0,0.0
25.csv_Day8_3h00m,0.0,0.0,0.0,0.0,0.0,0.0,0.0,0.0,0.0
25.csv_Day8_3h30m,0.0,0.0,0.0,0.0,0.0,0.0,0.0,0.0,0.0
25.csv_Day8_4h00m,0.0,0.0,0.0,0.0,0.0,0.0,0.0,0.0,0.0
25.csv_Day8_4h30m,0.0,0.0,0.0,0.0,0.0,0.0,0.0,0.0,0.0
25.csv_Day8_5h00m,0.0,0.0,0.0,0.0,0.0,0.0,0.0,0.0,0.0
25.csv_Day8_5h30m,0.0,0.0,0.0,0.0,0.0,0.0,0.0,0.0,0.0
25.csv_Day8_6h00m,0.0,0.0,0.0,0.0,0.0,0.0,0.0,0.0,0.0
25.csv_Day8_6h30m,0.0,0.0,0.0,0.0,0.0,0.0,0.0,0.0,0.0
25.csv_Day8_7h00m,0.0,0.0,0.0,0.0,0.0,0.0,0.0,0.0,0.0
25.csv_Day8_7h30m,0.0,0.0,0.5899999737739563,1.409999966621399,2.240000009536743,2.369999885559082,2.490000009536743,3.130000114440918,3.190000057220459
25.csv_Day8_8h00m,5.929999828338623,6.360000133514404,6.53000020980835,8.369999885559082,9.979999542236328,9.920000076293945,10.199999809265137,10.510000228881836,11.180000305175781
25.csv_Day8_8h30m,12.109999656677246,11.520000457763672,13.649999618530273,16.440000534057617,16.56999969482422,18.360000610351562,18.3799991607666,18.8799991607666,18.950000762939453
25.csv_Day8_9h00m,17.969999313354492,17.68000030517578,20.100000381469727,20.540000915527344,21.540000915527344,25.200000762939453,25.700000762939453,25.889999389648438,27.09000015258789
25.csv_Day8_9h30m,16.899999618530273,20.0,26.6299991607666,22.739999771118164,21.059999465942383,32.189998626708984,32.68000030517578,34.619998931884766,34.130001068115234
25.csv_Day8_10h00m,11.010000228881836,22.149999618530273,11.0,19.030000686645508,23.809999465942383,35.90999984741211,38.20000076293945,35.61000061035156,38.709999084472656
25.csv_Day8_10h30m,8.329999923706055,19.940000534057617,37.38999938964844,32.63999938964844,32.31999969482422,44.93000030517578,45.83000183105469,43.56999969482422,47.0099983215332
25.csv_Day8_11h00m,22.65999984741211,35.90999984741211,41.09000015258789,40.189998626708984,28.469999313354492,51.72999954223633,51.400001525878906,48.59000015258789,53.56999969482422
25.csv_Day8_11h30m,22.3700008392334,35.5,43.91999816894531,41.0099983215332,31.760000228881836,55.25,52.619998931884766,52.40999984741211,55.5099983215332
25.csv_Day8_12h00m,23.8700008392334,39.79999923706055,45.4900016784668,44.560001373291016,39.290000915527344,57.65999984741211,54.11000061035156,51.900001525878906,56.90999984741211
25.csv_Day8_12h30m,30.399999618530273,42.29999923706055,48.86000061035156,45.5,43.150001525878906,57.7599983215332,55.290000915527344,52.06999969482422,58.279998779296875
25.csv_Day8_13h00m,32.75,40.560001373291016,47.18000030517578,44.15999984741211,41.630001068115234,55.939998626708984,53.130001068115234,50.099998474121094,56.619998931884766
25.csv_Day8_13h30m,26.469999313354492,33.43000030517578,43.72999954223633,42.9900016784668,39.08000183105469,53.52000045776367,50.040000915527344,47.689998626708984,53.349998474121094
25.csv_Day8_14h00m,23.059999465942383,23.639999389648438,39.040000915527344,39.720001220703125,33.150001525878906,49.20000076293945,45.439998626708984,44.13999938964844,48.83000183105469
25.csv_Day8_14h30m,18.020000457763672,16.450000762939453,33.33000183105469,30.610000610351562,26.729999542236328,41.15999984741211,39.68000030517578,39.81999969482422,42.81999969482422
25.csv_Day8_15h00m,14.460000038146973,18.5,17.31999969482422,20.3700008392334,20.139999389648438,33.65999984741211,32.11000061035156,31.90999984741211,34.0
25.csv_Day8_15h30m,14.899999618530273,16.3700008392334,15.15999984741211,16.65999984741211,16.780000686645508,23.260000228881836,24.860000610351562,23.989999771118164,26.459999084472656
25.csv_Day8_16h00m,12.859999656677246,10.600000381469727,14.229999542236328,13.789999961853027,15.960000038146973,16.100000381469727,17.799999237060547,16.670000076293945,19.010000228881836
25.csv_Day8_16h30m,5.679999828338623,3.25,6.159999847412109,8.130000114440918,9.579999923706055,9.819999694824219,9.680000305175781,9.770000457763672,10.579999923706055
25.csv_Day8_17h00m,0.0,0.0,0.0,2.059999942779541,1.6399999856948853,1.7999999523162842,2.3399999141693115,2.5,1.850000023841858
25.csv_Day8_17h30m,0.0,0.0,0.0,0.0,0.0,0.0,0.0,0.0,0.0
25.csv_Day8_18h00m,0.0,0.0,0.0,0.0,0.0,0.0,0.0,0.0,0.0
25.csv_Day8_18h30m,0.0,0.0,0.0,0.0,0.0,0.0,0.0,0.0,0.0
25.csv_Day8_19h00m,0.0,0.0,0.0,0.0,0.0,0.0,0.0,0.0,0.0
25.csv_Day8_19h30m,0.0,0.0,0.0,0.0,0.0,0.0,0.0,0.0,0.0
25.csv_Day8_20h00m,0.0,0.0,0.0,0.0,0.0,0.0,0.0,0.0,0.0
25.csv_Day8_20h30m,0.0,0.0,0.0,0.0,0.0,0.0,0.0,0.0,0.0
25.csv_Day8_21h00m,0.0,0.0,0.0,0.0,0.0,0.0,0.0,0.0,0.0
25.csv_Day8_21h30m,0.0,0.0,0.0,0.0,0.0,0.0,0.0,0.0,0.0
25.csv_Day8_22h00m,0.0,0.0,0.0,0.0,0.0,0.0,0.0,0.0,0.0
25.csv_Day8_22h30m,0.0,0.0,0.0,0.0,0.0,0.0,0.0,0.0,0.0
25.csv_Day8_23h00m,0.0,0.0,0.0,0.0,0.0,0.0,0.0,0.0,0.0
25.csv_Day8_23h30m,0.0,0.0,0.0,0.0,0.0,0.0,0.0,0.0,0.0
26.csv_Day7_0h00m,0.0,0.0,0.0,0.0,0.0,0.0,0.0,0.0,0.0
26.csv_Day7_0h30m,0.0,0.0,0.0,0.0,0.0,0.0,0.0,0.0,0.0
26.csv_Day7_1h00m,0.0,0.0,0.0,0.0,0.0,0.0,0.0,0.0,0.0
26.csv_Day7_1h30m,0.0,0.0,0.0,0.0,0.0,0.0,0.0,0.0,0.0
26.csv_Day7_2h00m,0.0,0.0,0.0,0.0,0.0,0.0,0.0,0.0,0.0
26.csv_Day7_2h30m,0.0,0.0,0.0,0.0,0.0,0.0,0.0,0.0,0.0
26.csv_Day7_3h00m,0.0,0.0,0.0,0.0,0.0,0.0,0.0,0.0,0.0
26.csv_Day7_3h30m,0.0,0.0,0.0,0.0,0.0,0.0,0.0,0.0,0.0
26.csv_Day7_4h00m,0.0,0.0,0.0,0.0,0.0,0.0,0.0,0.0,0.0
26.csv_Day7_4h30m,0.0,0.0,0.0,2.2300000190734863,0.0,0.0,0.0,0.0,0.0
26.csv_Day7_5h00m,3.009999990463257,3.609999895095825,2.440000057220459,4.309999942779541,3.5799999237060547,3.490000009536743,3.180000066757202,3.359999895095825,4.929999828338623
26.csv_Day7_5h30m,8.829999923706055,9.609999656677246,8.6899995803833,11.0600004196167,8.550000190734863,10.15999984741211,9.359999656677246,10.899999618530273,11.960000038146973
26.csv_Day7_6h00m,9.430000305175781,13.960000038146973,11.550000190734863,17.850000381469727,14.699999809265137,6.460000038146973,17.75,17.110000610351562,20.149999618530273
26.csv_Day7_6h30m,11.8100004196167,22.719999313354492,22.920000076293945,25.350000381469727,17.43000030517578,10.0600004196167,26.40999984741211,26.6299991607666,29.3700008392334
26.csv_Day7_7h00m,3.7300000190734863,22.770000457763672,29.780000686645508,14.65999984741211,14.59000015258789,15.34000015258789,36.93000030517578,37.33000183105469,39.099998474121094
26.csv_Day7_7h30m,23.469999313354492,26.40999984741211,39.540000915527344,11.34000015258789,17.299999237060547,42.31999969482422,48.09000015258789,47.22999954223633,48.70000076293945
26.csv_Day7_8h00m,28.209999084472656,40.43000030517578,46.720001220703125,23.149999618530273,33.709999084472656,57.29999923706055,57.869998931884766,57.27000045776367,58.189998626708984
26.csv_Day7_8h30m,31.149999618530273,39.130001068115234,54.0099983215332,23.3799991607666,38.70000076293945,64.94000244140625,67.20999908447266,66.62999725341797,67.43000030517578
26.csv_Day7_9h00m,40.18000030517578,42.5099983215332,60.04999923706055,28.469999313354492,58.47999954223633,69.73999786376953,75.4800033569336,76.83000183105469,75.31999969482422
26.csv_Day7_9h30m,39.380001068115234,45.66999816894531,64.22000122070312,30.68000030517578,52.59000015258789,78.37999725341797,82.47000122070312,84.88999938964844,82.05999755859375
26.csv_Day7_10h00m,46.4900016784668,57.2400016784668,65.45999908447266,31.649999618530273,60.90999984741211,81.87000274658203,87.23999786376953,90.79000091552734,87.80000305175781
26.csv_Day7_10h30m,65.77999877929688,65.5999984741211,68.58000183105469,39.90999984741211,57.33000183105469,78.88999938964844,91.7699966430664,95.19000244140625,92.91999816894531
26.csv_Day7_11h00m,81.83999633789062,77.66999816894531,81.81999969482422,74.05000305175781,90.45999908447266,58.40999984741211,91.75,91.80000305175781,93.05000305175781
26.csv_Day7_11h30m,85.87999725341797,81.33000183105469,85.3499984741211,75.91000366210938,87.91000366210938,80.81999969482422,95.9000015258789,92.48999786376953,95.69000244140625
26.csv_Day7_12h00m,61.81999969482422,90.5,82.05999755859375,80.33999633789062,71.30999755859375,91.69999694824219,95.7300033569336,95.22000122070312,97.5
26.csv_Day7_12h30m,77.22000122070312,86.20999908447266,72.69999694824219,84.80000305175781,80.37000274658203,97.69999694824219,97.61000061035156,95.11000061035156,98.13999938964844
26.csv_Day7_13h00m,78.68000030517578,91.27999877929688,72.58000183105469,77.16999816894531,75.83000183105469,63.439998626708984,95.76000213623047,89.23999786376953,94.98999786376953
26.csv_Day7_13h30m,65.56999969482422,91.93000030517578,65.97000122070312,69.08999633789062,69.68000030517578,76.98999786376953,87.94999694824219,85.19999694824219,91.0
26.csv_Day7_14h00m,60.220001220703125,85.0199966430664,58.77000045776367,76.4000015258789,61.599998474121094,35.83000183105469,84.93000030517578,82.56999969482422,85.94999694824219
26.csv_Day7_14h30m,66.68000030517578,77.22000122070312,59.95000076293945,77.29000091552734,64.43000030517578,74.91000366210938,77.38999938964844,76.81999969482422,79.27999877929688
26.csv_Day7_15h00m,65.88999938964844,67.63999938964844,63.0099983215332,67.0199966430664,64.80000305175781,34.869998931884766,70.27999877929688,73.9800033569336,71.06999969482422
26.csv_Day7_15h30m,64.58999633789062,62.2400016784668,61.84000015258789,59.150001525878906,66.80999755859375,60.400001525878906,62.31999969482422,61.93000030517578,62.59000015258789
26.csv_Day7_16h00m,60.63999938964844,55.40999984741211,57.84000015258789,56.529998779296875,59.939998626708984,54.709999084472656,54.58000183105469,55.560001373291016,56.0099983215332
26.csv_Day7_16h30m,47.619998931884766,43.41999816894531,43.7599983215332,37.880001068115234,44.970001220703125,44.400001525878906,46.369998931884766,49.560001373291016,48.91999816894531
26.csv_Day7_17h00m,36.2400016784668,40.97999954223633,38.7400016784668,40.84000015258789,42.38999938964844,36.560001373291016,38.86000061035156,38.58000183105469,38.56999969482422
26.csv_Day7_17h30m,31.65999984741211,40.869998931884766,28.360000610351562,37.65999984741211,34.099998474121094,24.299999237060547,30.809999465942383,20.1200008392334,27.170000076293945
26.csv_Day7_18h00m,6.670000076293945,7.400000095367432,10.6899995803833,14.1899995803833,16.809999465942383,12.079999923706055,11.229999542236328,7.25,19.610000610351562
26.csv_Day7_18h30m,5.460000038146973,2.450000047683716,5.210000038146973,8.279999732971191,8.0,3.7100000381469727,7.849999904632568,6.25,11.449999809265137
26.csv_Day7_19h00m,0.6000000238418579,0.0,0.3499999940395355,0.0,0.0,0.0,1.0700000524520874,2.7300000190734863,3.759999990463257
26.csv_Day7_19h30m,0.0,0.0,0.0,0.0,0.0,0.0,0.0,0.0,0.0
26.csv_Day7_20h00m,0.0,0.0,0.0,0.0,0.0,0.0,0.0,0.0,0.0
26.csv_Day7_20h30m,0.0,0.0,0.0,0.0,0.0,0.0,0.0,0.0,0.0
26.csv_Day7_21h00m,0.0,0.0,0.0,0.0,0.0,0.0,0.0,0.0,0.0
26.csv_Day7_21h30m,0.0,0.0,0.0,0.0,0.0,0.0,0.0,0.0,0.0
26.csv_Day7_22h00m,0.0,0.0,0.0,0.0,0.0,0.0,0.0,0.0,0.0
26.csv_Day7_22h30m,0.0,0.0,0.0,0.0,0.0,0.0,0.0,0.0,0.0
26.csv_Day7_23h00m,0.0,0.0,0.0,0.0,0.0,0.0,0.0,0.0,0.0
26.csv_Day7_23h30m,0.0,0.0,0.0,0.0,0.0,0.0,0.0,0.0,0.0
26.csv_Day8_0h00m,0.0,0.0,0.0,0.0,0.0,0.0,0.0,0.0,0.0
26.csv_Day8_0h30m,0.0,0.0,0.0,0.0,0.0,0.0,0.0,0.0,0.0
26.csv_Day8_1h00m,0.0,0.0,0.0,0.0,0.0,0.0,0.0,0.0,0.0
26.csv_Day8_1h30m,0.0,0.0,0.0,0.0,0.0,0.0,0.0,0.0,0.0
26.csv_Day8_2h00m,0.0,0.0,0.0,0.0,0.0,0.0,0.0,0.0,0.0
26.csv_Day8_2h30m,0.0,0.0,0.0,0.0,0.0,0.0,0.0,0.0,0.0
26.csv_Day8_3h00m,0.0,0.0,0.0,0.0,0.0,0.0,0.0,0.0,0.0
26.csv_Day8_3h30m,0.0,0.0,0.0,0.0,0.0,0.0,0.0,0.0,0.0
26.csv_Day8_4h00m,0.0,0.0,0.0,0.0,0.0,0.0,0.0,0.0,0.0
26.csv_Day8_4h30m,0.0,0.0,0.0,2.2200000286102295,0.0,0.0,0.0,0.0,0.0
26.csv_Day8_5h00m,1.4800000190734863,3.630000114440918,0.7599999904632568,4.289999961853027,3.5799999237060547,2.2300000190734863,3.119999885559082,3.3499999046325684,4.920000076293945
26.csv_Day8_5h30m,0.9700000286102295,9.65999984741211,4.190000057220459,10.989999771118164,8.5600004196167,5.590000152587891,9.239999771118164,10.850000381469727,11.960000038146973
26.csv_Day8_6h00m,5.03000020980835,14.039999961853027,5.03000020980835,17.739999771118164,14.710000038146973,13.479999542236328,18.15999984741211,16.780000686645508,20.139999389648438
26.csv_Day8_6h30m,17.010000228881836,22.850000381469727,21.770000457763672,25.200000762939453,17.440000534057617,21.780000686645508,26.149999618530273,26.700000762939453,29.360000610351562
26.csv_Day8_7h00m,21.020000457763672,22.899999618530273,30.149999618530273,14.569999694824219,14.600000381469727,36.09000015258789,36.58000183105469,37.810001373291016,39.09000015258789
26.csv_Day8_7h30m,28.389999389648438,26.559999465942383,37.0,11.270000457763672,17.31999969482422,45.11000061035156,47.650001525878906,48.59000015258789,48.68000030517578
26.csv_Day8_8h00m,37.900001525878906,40.65999984741211,42.689998626708984,23.010000228881836,33.7400016784668,56.150001525878906,57.349998474121094,58.45000076293945,58.15999984741211
26.csv_Day8_8h30m,43.689998626708984,39.349998474121094,50.66999816894531,23.239999771118164,38.720001220703125,63.869998931884766,66.61000061035156,67.52999877929688,67.4000015258789
26.csv_Day8_9h00m,51.119998931884766,42.75,59.72999954223633,28.299999237060547,58.52000045776367,71.73999786376953,74.81999969482422,76.54000091552734,75.29000091552734
26.csv_Day8_9h30m,53.25,45.93000030517578,65.58000183105469,30.5,52.630001068115234,78.63999938964844,81.75,84.27999877929688,82.02999877929688
26.csv_Day8_10h00m,54.150001525878906,57.560001373291016,66.94999694824219,31.450000762939453,60.95000076293945,84.88999938964844,86.47000122070312,89.75,87.76000213623047
26.csv_Day8_10h30m,62.09000015258789,65.97000122070312,71.61000061035156,39.66999816894531,57.369998931884766,90.0,90.95999908447266,94.4000015258789,92.87999725341797
26.csv_Day8_11h00m,74.5199966430664,78.11000061035156,84.51000213623047,73.5999984741211,90.52999877929688,87.54000091552734,90.94000244140625,93.6500015258789,93.01000213623047
26.csv_Day8_11h30m,83.55999755859375,81.79000091552734,91.51000213623047,75.44999694824219,87.97000122070312,92.47000122070312,95.05999755859375,94.45999908447266,95.6500015258789
26.csv_Day8_12h00m,82.30000305175781,91.01000213623047,103.48999786376953,79.86000061035156,71.37000274658203,93.95999908447266,94.88999938964844,93.6500015258789,97.45999908447266
26.csv_Day8_12h30m,80.2300033569336,86.69999694824219,99.41999816894531,84.29000091552734,80.43000030517578,94.2300033569336,96.76000213623047,92.12999725341797,98.0999984741211
26.csv_Day8_13h00m,85.9000015258789,91.79000091552734,94.80000305175781,76.69999694824219,75.88999938964844,91.22000122070312,94.91999816894531,88.19000244140625,94.94999694824219
26.csv_Day8_13h30m,87.37000274658203,92.44999694824219,97.58000183105469,68.66999816894531,69.73999786376953,90.5,87.16999816894531,86.72000122070312,90.95999908447266
26.csv_Day8_14h00m,81.48999786376953,85.5,88.33999633789062,75.94000244140625,61.63999938964844,82.05000305175781,84.18000030517578,77.75,85.91000366210938
26.csv_Day8_14h30m,75.04000091552734,77.6500015258789,84.93000030517578,76.81999969482422,64.4800033569336,75.41999816894531,76.69999694824219,72.13999938964844,79.25
26.csv_Day8_15h00m,69.33999633789062,68.0199966430664,69.8499984741211,66.62000274658203,64.8499984741211,67.87999725341797,69.6500015258789,70.52999877929688,71.04000091552734
26.csv_Day8_15h30m,62.31999969482422,62.59000015258789,58.279998779296875,58.79999923706055,66.86000061035156,60.93000030517578,61.7599983215332,62.43000030517578,62.560001373291016
26.csv_Day8_16h00m,59.08000183105469,55.720001220703125,50.90999984741211,56.189998626708984,59.97999954223633,53.81999969482422,54.09000015258789,55.91999816894531,55.97999954223633
26.csv_Day8_16h30m,44.380001068115234,43.65999984741211,35.83000183105469,37.650001525878906,45.0,45.33000183105469,46.2599983215332,49.119998931884766,48.900001525878906
26.csv_Day8_17h00m,32.689998626708984,41.209999084472656,39.15999984741211,40.59000015258789,42.41999816894531,35.65999984741211,38.939998626708984,37.9900016784668,38.560001373291016
26.csv_Day8_17h30m,28.459999084472656,41.099998474121094,28.479999542236328,37.43000030517578,34.119998931884766,20.420000076293945,31.700000762939453,25.020000457763672,27.15999984741211
26.csv_Day8_18h00m,6.769999980926514,7.449999809265137,12.760000228881836,14.100000381469727,16.81999969482422,9.9399995803833,11.550000190734863,14.020000457763672,19.600000381469727
26.csv_Day8_18h30m,4.929999828338623,2.4600000381469727,6.300000190734863,8.229999542236328,8.010000228881836,2.490000009536743,7.980000019073486,7.980000019073486,11.449999809265137
26.csv_Day8_19h00m,0.36000001430511475,0.0,0.2800000011920929,0.0,0.0,0.0,1.1299999952316284,2.7300000190734863,3.759999990463257
26.csv_Day8_19h30m,0.0,0.0,0.0,0.0,0.0,0.0,0.0,0.0,0.0
26.csv_Day8_20h00m,0.0,0.0,0.0,0.0,0.0,0.0,0.0,0.0,0.0
26.csv_Day8_20h30m,0.0,0.0,0.0,0.0,0.0,0.0,0.0,0.0,0.0
26.csv_Day8_21h00m,0.0,0.0,0.0,0.0,0.0,0.0,0.0,0.0,0.0
26.csv_Day8_21h30m,0.0,0.0,0.0,0.0,0.0,0.0,0.0,0.0,0.0
26.csv_Day8_22h00m,0.0,0.0,0.0,0.0,0.0,0.0,0.0,0.0,0.0
26.csv_Day8_22h30m,0.0,0.0,0.0,0.0,0.0,0.0,0.0,0.0,0.0
26.csv_Day8_23h00m,0.0,0.0,0.0,0.0,0.0,0.0,0.0,0.0,0.0
26.csv_Day8_23h30m,0.0,0.0,0.0,0.0,0.0,0.0,0.0,0.0,0.0
27.csv_Day7_0h00m,0.0,0.0,0.0,0.0,0.0,0.0,0.0,0.0,0.0
27.csv_Day7_0h30m,0.0,0.0,0.0,0.0,0.0,0.0,0.0,0.0,0.0
27.csv_Day7_1h00m,0.0,0.0,0.0,0.0,0.0,0.0,0.0,0.0,0.0
27.csv_Day7_1h30m,0.0,0.0,0.0,0.0,0.0,0.0,0.0,0.0,0.0
27.csv_Day7_2h00m,0.0,0.0,0.0,0.0,0.0,0.0,0.0,0.0,0.0
27.csv_Day7_2h30m,0.0,0.0,0.0,0.0,0.0,0.0,0.0,0.0,0.0
27.csv_Day7_3h00m,0.0,0.0,0.0,0.0,0.0,0.0,0.0,0.0,0.0
27.csv_Day7_3h30m,0.0,0.0,0.0,0.0,0.0,0.0,0.0,0.0,0.0
27.csv_Day7_4h00m,0.0,0.0,0.0,0.0,0.0,0.0,0.0,0.0,0.0
27.csv_Day7_4h30m,0.0,0.0,0.0,0.0,0.0,0.0,0.0,0.0,0.0
27.csv_Day7_5h00m,0.05999999865889549,1.559999942779541,0.4699999988079071,1.7799999713897705,1.6200000047683716,1.5099999904632568,3.009999990463257,2.240000009536743,3.1500000953674316
27.csv_Day7_5h30m,2.430000066757202,5.269999980926514,5.860000133514404,4.110000133514404,8.210000038146973,3.7100000381469727,9.050000190734863,9.479999542236328,9.220000267028809
27.csv_Day7_6h00m,6.820000171661377,13.100000381469727,15.6899995803833,3.0199999809265137,15.020000457763672,15.640000343322754,15.670000076293945,15.9399995803833,17.34000015258789
27.csv_Day7_6h30m,14.279999732971191,19.709999084472656,25.799999237060547,9.949999809265137,23.579999923706055,24.1200008392334,25.0,25.079999923706055,26.329999923706055
27.csv_Day7_7h00m,2.7100000381469727,18.190000534057617,18.100000381469727,26.799999237060547,32.95000076293945,32.95000076293945,34.40999984741211,34.81999969482422,35.75
27.csv_Day7_7h30m,8.720000267028809,19.520000457763672,25.549999237060547,35.0,42.68000030517578,42.31999969482422,44.4900016784668,44.86000061035156,45.689998626708984
27.csv_Day7_8h00m,25.920000076293945,14.319999694824219,46.43000030517578,36.34000015258789,49.61000061035156,51.400001525878906,53.81999969482422,53.38999938964844,54.88999938964844
27.csv_Day7_8h30m,43.68000030517578,34.310001373291016,57.7400016784668,45.970001220703125,59.54999923706055,60.560001373291016,62.279998779296875,62.470001220703125,63.400001525878906
27.csv_Day7_9h00m,55.63999938964844,54.150001525878906,62.060001373291016,58.65999984741211,63.9900016784668,67.05999755859375,68.95999908447266,70.20999908447266,71.30999755859375
27.csv_Day7_9h30m,42.619998931884766,58.84000015258789,72.86000061035156,65.83999633789062,70.6500015258789,72.9000015258789,73.11000061035156,72.5999984741211,75.80000305175781
27.csv_Day7_10h00m,48.709999084472656,46.91999816894531,74.23999786376953,69.76000213623047,76.77999877929688,80.02999877929688,76.08999633789062,80.77999877929688,84.58999633789062
27.csv_Day7_10h30m,58.880001068115234,60.970001220703125,75.0199966430664,77.69000244140625,77.69999694824219,83.9800033569336,82.62999725341797,84.0999984741211,87.47000122070312
27.csv_Day7_11h00m,30.75,45.209999084472656,78.55000305175781,78.04000091552734,72.12999725341797,87.19999694824219,85.69999694824219,88.0999984741211,90.52999877929688
27.csv_Day7_11h30m,65.13999938964844,30.479999542236328,86.5,77.73999786376953,60.119998931884766,86.83999633789062,90.22000122070312,86.55999755859375,93.0
27.csv_Day7_12h00m,57.61000061035156,33.279998779296875,96.83000183105469,77.3499984741211,74.91999816894531,83.6500015258789,91.33000183105469,91.20999908447266,94.33000183105469
27.csv_Day7_12h30m,60.29999923706055,37.459999084472656,99.94999694824219,83.81999969482422,74.69999694824219,78.5999984741211,91.18000030517578,91.87999725341797,93.55000305175781
27.csv_Day7_13h00m,62.060001373291016,42.75,92.20999908447266,81.76000213623047,74.55000305175781,85.0199966430664,87.47000122070312,88.7699966430664,90.2300033569336
27.csv_Day7_13h30m,52.86000061035156,20.31999969482422,79.58000183105469,55.61000061035156,68.16999816894531,68.0199966430664,83.0,85.30999755859375,88.16999816894531
27.csv_Day7_14h00m,31.030000686645508,28.15999984741211,55.63999938964844,40.20000076293945,47.7599983215332,70.7699966430664,69.94000244140625,76.43000030517578,79.27999877929688
27.csv_Day7_14h30m,24.0,35.72999954223633,25.399999618530273,17.43000030517578,46.060001373291016,62.47999954223633,64.5199966430664,72.58000183105469,68.0
27.csv_Day7_15h00m,18.700000762939453,9.59000015258789,10.199999809265137,20.34000015258789,33.380001068115234,59.79999923706055,52.95000076293945,61.41999816894531,66.26000213623047
27.csv_Day7_15h30m,30.68000030517578,5.070000171661377,33.22999954223633,24.760000228881836,36.2400016784668,56.9900016784668,54.25,59.84000015258789,62.22999954223633
27.csv_Day7_16h00m,23.469999313354492,8.59000015258789,7.400000095367432,18.6299991607666,38.290000915527344,48.81999969482422,38.81999969482422,48.09000015258789,49.4900016784668
27.csv_Day7_16h30m,21.8799991607666,7.900000095367432,20.8799991607666,16.010000228881836,22.389999389648438,32.90999984741211,25.360000610351562,45.310001373291016,40.81999969482422
27.csv_Day7_17h00m,29.5,13.859999656677246,25.170000076293945,11.65999984741211,19.239999771118164,33.529998779296875,26.600000381469727,34.279998779296875,34.81999969482422
27.csv_Day7_17h30m,24.709999084472656,4.440000057220459,22.229999542236328,29.780000686645508,22.219999313354492,26.09000015258789,29.559999465942383,28.770000457763672,28.139999389648438
27.csv_Day7_18h00m,10.119999885559082,2.7200000286102295,3.4600000381469727,13.710000038146973,17.190000534057617,15.300000190734863,18.469999313354492,19.149999618530273,19.209999084472656
27.csv_Day7_18h30m,6.730000019073486,1.8899999856948853,2.8299999237060547,6.980000019073486,13.329999923706055,10.119999885559082,10.380000114440918,14.229999542236328,11.729999542236328
27.csv_Day7_19h00m,0.6100000143051147,2.0899999141693115,1.8200000524520874,4.119999885559082,3.7300000190734863,4.409999847412109,4.039999961853027,8.0,7.820000171661377
27.csv_Day7_19h30m,0.0,0.0,0.0,0.0,0.0,0.0,0.0,0.0,0.0
27.csv_Day7_20h00m,0.0,0.0,0.0,0.0,0.0,0.0,0.0,0.0,0.0
27.csv_Day7_20h30m,0.0,0.0,0.0,0.0,0.0,0.0,0.0,0.0,0.0
27.csv_Day7_21h00m,0.0,0.0,0.0,0.0,0.0,0.0,0.0,0.0,0.0
27.csv_Day7_21h30m,0.0,0.0,0.0,0.0,0.0,0.0,0.0,0.0,0.0
27.csv_Day7_22h00m,0.0,0.0,0.0,0.0,0.0,0.0,0.0,0.0,0.0
27.csv_Day7_22h30m,0.0,0.0,0.0,0.0,0.0,0.0,0.0,0.0,0.0
27.csv_Day7_23h00m,0.0,0.0,0.0,0.0,0.0,0.0,0.0,0.0,0.0
27.csv_Day7_23h30m,0.0,0.0,0.0,0.0,0.0,0.0,0.0,0.0,0.0
27.csv_Day8_0h00m,0.0,0.0,0.0,0.0,0.0,0.0,0.0,0.0,0.0
27.csv_Day8_0h30m,0.0,0.0,0.0,0.0,0.0,0.0,0.0,0.0,0.0
27.csv_Day8_1h00m,0.0,0.0,0.0,0.0,0.0,0.0,0.0,0.0,0.0
27.csv_Day8_1h30m,0.0,0.0,0.0,0.0,0.0,0.0,0.0,0.0,0.0
27.csv_Day8_2h00m,0.0,0.0,0.0,0.0,0.0,0.0,0.0,0.0,0.0
27.csv_Day8_2h30m,0.0,0.0,0.0,0.0,0.0,0.0,0.0,0.0,0.0
27.csv_Day8_3h00m,0.0,0.0,0.0,0.0,0.0,0.0,0.0,0.0,0.0
27.csv_Day8_3h30m,0.0,0.0,0.0,0.0,0.0,0.0,0.0,0.0,0.0
27.csv_Day8_4h00m,0.0,0.0,0.0,0.0,0.0,0.0,0.0,0.0,0.0
27.csv_Day8_4h30m,0.0,0.0,0.0,0.0,0.0,0.0,0.0,0.0,0.0
27.csv_Day8_5h00m,0.18000000715255737,1.5700000524520874,2.359999895095825,1.7699999809265137,1.6200000047683716,2.2300000190734863,2.940000057220459,1.659999966621399,3.1500000953674316
27.csv_Day8_5h30m,1.4800000190734863,5.300000190734863,5.260000228881836,4.090000152587891,8.220000267028809,6.570000171661377,8.930000305175781,9.239999771118164,9.210000038146973
27.csv_Day8_6h00m,7.699999809265137,13.170000076293945,12.539999961853027,3.0,15.029999732971191,15.109999656677246,15.5,15.850000381469727,17.329999923706055
27.csv_Day8_6h30m,6.010000228881836,19.81999969482422,15.279999732971191,9.890000343322754,23.600000381469727,23.239999771118164,24.75,25.389999389648438,26.31999969482422
27.csv_Day8_7h00m,7.880000114440918,18.299999237060547,24.6200008392334,26.639999389648438,32.970001220703125,28.739999771118164,34.08000183105469,34.5099983215332,35.72999954223633
27.csv_Day8_7h30m,16.100000381469727,19.6299991607666,41.93000030517578,34.790000915527344,42.709999084472656,32.470001220703125,44.08000183105469,43.91999816894531,45.66999816894531
27.csv_Day8_8h00m,32.08000183105469,14.399999618530273,44.06999969482422,36.119998931884766,49.650001525878906,36.150001525878906,53.33000183105469,51.900001525878906,54.869998931884766
27.csv_Day8_8h30m,40.22999954223633,34.5099983215332,56.119998931884766,45.70000076293945,59.59000015258789,56.529998779296875,61.720001220703125,60.529998779296875,63.369998931884766
27.csv_Day8_9h00m,45.33000183105469,54.45000076293945,60.9900016784668,58.310001373291016,64.04000091552734,63.810001373291016,68.33999633789062,67.94000244140625,71.27999877929688
27.csv_Day8_9h30m,37.290000915527344,59.16999816894531,49.45000076293945,65.44999694824219,70.70999908447266,66.54000091552734,72.44999694824219,70.55000305175781,75.7699966430664
27.csv_Day8_10h00m,24.829999923706055,47.18000030517578,64.62999725341797,69.33999633789062,76.83999633789062,72.7699966430664,75.41000366210938,77.19000244140625,84.55999755859375
27.csv_Day8_10h30m,15.109999656677246,61.310001373291016,72.04000091552734,77.22000122070312,77.76000213623047,79.23999786376953,81.9000015258789,81.19999694824219,87.43000030517578
27.csv_Day8_11h00m,19.65999984741211,45.470001220703125,77.1500015258789,77.56999969482422,72.19000244140625,69.87000274658203,84.94000244140625,87.62000274658203,90.48999786376953
27.csv_Day8_11h30m,47.97999954223633,30.649999618530273,81.22000122070312,77.2699966430664,60.16999816894531,65.5999984741211,89.43000030517578,90.33999633789062,92.95999908447266
27.csv_Day8_12h00m,56.38999938964844,33.459999084472656,89.05999755859375,76.87999725341797,74.97000122070312,86.2699966430664,90.5199966430664,93.48999786376953,94.29000091552734
27.csv_Day8_12h30m,52.119998931884766,37.66999816894531,89.73999786376953,83.30999755859375,74.75,86.55000305175781,90.37999725341797,92.83000183105469,93.51000213623047
27.csv_Day8_13h00m,48.70000076293945,42.9900016784668,85.52999877929688,81.2699966430664,74.61000061035156,77.25,86.69000244140625,86.86000061035156,90.19000244140625
27.csv_Day8_13h30m,32.529998779296875,20.43000030517578,69.5999984741211,55.279998779296875,68.22000122070312,49.47999954223633,82.26000213623047,83.19000244140625,88.12999725341797
27.csv_Day8_14h00m,0.550000011920929,28.31999969482422,22.940000534057617,39.959999084472656,47.79999923706055,14.369999885559082,69.30999755859375,72.25,79.25
27.csv_Day8_14h30m,0.4300000071525574,35.93000030517578,6.190000057220459,17.329999923706055,46.09000015258789,12.6899995803833,66.7699966430664,67.83999633789062,67.97000122070312
27.csv_Day8_15h00m,0.0,9.640000343322754,7.46999979019165,20.219999313354492,33.400001525878906,13.5600004196167,52.45000076293945,58.459999084472656,66.2300033569336
27.csv_Day8_15h30m,0.27000001072883606,5.099999904632568,5.039999961853027,24.610000610351562,36.27000045776367,16.8799991607666,53.75,57.2400016784668,62.20000076293945
27.csv_Day8_16h00m,6.460000038146973,8.640000343322754,3.5299999713897705,18.520000457763672,38.31999969482422,29.030000686645508,38.439998626708984,45.290000915527344,49.470001220703125
27.csv_Day8_16h30m,23.270000457763672,7.940000057220459,2.109999895095825,15.90999984741211,22.40999984741211,31.1200008392334,25.06999969482422,47.709999084472656,40.79999923706055
27.csv_Day8_17h00m,10.539999961853027,13.930000305175781,21.3700008392334,11.59000015258789,19.260000228881836,22.030000686645508,26.31999969482422,32.08000183105469,34.810001373291016
27.csv_Day8_17h30m,3.7300000190734863,4.46999979019165,25.309999465942383,29.600000381469727,22.239999771118164,20.239999771118164,30.030000686645508,26.579999923706055,28.1200008392334
27.csv_Day8_18h00m,10.119999885559082,2.740000009536743,17.1200008392334,13.630000114440918,17.200000762939453,11.3100004196167,18.280000686645508,18.979999542236328,19.200000762939453
27.csv_Day8_18h30m,11.260000228881836,1.899999976158142,11.59000015258789,6.929999828338623,13.34000015258789,9.470000267028809,10.25,17.510000228881836,11.729999542236328
27.csv_Day8_19h00m,0.41999998688697815,2.0999999046325684,8.670000076293945,4.090000152587891,3.740000009536743,2.6500000953674316,4.010000228881836,12.6899995803833,7.820000171661377
27.csv_Day8_19h30m,0.0,0.0,0.0,0.0,0.0,0.0,0.0,0.0,0.0
27.csv_Day8_20h00m,0.0,0.0,0.0,0.0,0.0,0.0,0.0,0.0,0.0
27.csv_Day8_20h30m,0.0,0.0,0.0,0.0,0.0,0.0,0.0,0.0,0.0
27.csv_Day8_21h00m,0.0,0.0,0.0,0.0,0.0,0.0,0.0,0.0,0.0
27.csv_Day8_21h30m,0.0,0.0,0.0,0.0,0.0,0.0,0.0,0.0,0.0
27.csv_Day8_22h00m,0.0,0.0,0.0,0.0,0.0,0.0,0.0,0.0,0.0
27.csv_Day8_22h30m,0.0,0.0,0.0,0.0,0.0,0.0,0.0,0.0,0.0
27.csv_Day8_23h00m,0.0,0.0,0.0,0.0,0.0,0.0,0.0,0.0,0.0
27.csv_Day8_23h30m,0.0,0.0,0.0,0.0,0.0,0.0,0.0,0.0,0.0
28.csv_Day7_0h00m,0.0,0.0,0.0,0.0,0.0,0.0,0.0,0.0,0.0
28.csv_Day7_0h30m,0.0,0.0,0.0,0.0,0.0,0.0,0.0,0.0,0.0
28.csv_Day7_1h00m,0.0,0.0,0.0,0.0,0.0,0.0,0.0,0.0,0.0
28.csv_Day7_1h30m,0.0,0.0,0.0,0.0,0.0,0.0,0.0,0.0,0.0
28.csv_Day7_2h00m,0.0,0.0,0.0,0.0,0.0,0.0,0.0,0.0,0.0
28.csv_Day7_2h30m,0.0,0.0,0.0,0.0,0.0,0.0,0.0,0.0,0.0
28.csv_Day7_3h00m,0.0,0.0,0.0,0.0,0.0,0.0,0.0,0.0,0.0
28.csv_Day7_3h30m,0.0,0.0,0.0,0.0,0.0,0.0,0.0,0.0,0.0
28.csv_Day7_4h00m,0.0,0.0,0.0,0.0,0.0,0.0,0.0,0.0,0.0
28.csv_Day7_4h30m,0.0,0.0,0.0,0.0,0.0,0.0,0.0,0.0,0.0
28.csv_Day7_5h00m,0.0,0.0,0.0,0.0,0.0,0.0,0.0,0.0,0.0
28.csv_Day7_5h30m,0.0,0.0,0.0,0.0,0.0,0.0,0.0,0.0,0.0
28.csv_Day7_6h00m,0.36000001430511475,1.8899999856948853,1.590000033378601,2.2300000190734863,2.7100000381469727,2.490000009536743,2.440000057220459,2.7799999713897705,2.759999990463257
28.csv_Day7_6h30m,3.190000057220459,1.8899999856948853,9.40999984741211,8.890000343322754,9.430000305175781,9.109999656677246,8.65999984741211,9.420000076293945,9.880000114440918
28.csv_Day7_7h00m,3.4100000858306885,10.3100004196167,17.200000762939453,16.600000381469727,18.270000457763672,18.65999984741211,18.530000686645508,19.59000015258789,19.700000762939453
28.csv_Day7_7h30m,14.329999923706055,19.170000076293945,22.469999313354492,14.710000038146973,20.290000915527344,28.3700008392334,28.059999465942383,29.850000381469727,29.469999313354492
28.csv_Day7_8h00m,20.790000915527344,23.43000030517578,20.8700008392334,6.46999979019165,25.979999542236328,34.84000015258789,38.0099983215332,38.439998626708984,39.0099983215332
28.csv_Day7_8h30m,26.420000076293945,38.630001068115234,41.43000030517578,28.110000610351562,41.540000915527344,46.779998779296875,46.90999984741211,48.04999923706055,48.150001525878906
28.csv_Day7_9h00m,34.5,45.13999938964844,47.849998474121094,42.34000015258789,50.66999816894531,54.810001373291016,54.54999923706055,55.59000015258789,56.11000061035156
28.csv_Day7_9h30m,42.06999969482422,51.86000061035156,56.540000915527344,56.720001220703125,59.939998626708984,62.41999816894531,62.029998779296875,62.849998474121094,63.630001068115234
28.csv_Day7_10h00m,25.1299991607666,55.459999084472656,61.2599983215332,58.38999938964844,64.08999633789062,69.38999938964844,69.33999633789062,69.63999938964844,69.30000305175781
28.csv_Day7_10h30m,34.38999938964844,58.130001068115234,62.779998779296875,63.88999938964844,69.12000274658203,73.30000305175781,72.73999786376953,72.41000366210938,73.55000305175781
28.csv_Day7_11h00m,48.83000183105469,45.7599983215332,64.38999938964844,67.83000183105469,68.27999877929688,76.01000213623047,75.22000122070312,75.30000305175781,76.12000274658203
28.csv_Day7_11h30m,57.97999954223633,52.2599983215332,68.56999969482422,67.44999694824219,71.91999816894531,78.18000030517578,77.27999877929688,77.66000366210938,78.0199966430664
28.csv_Day7_12h00m,52.47999954223633,45.630001068115234,50.529998779296875,54.119998931884766,72.11000061035156,75.45999908447266,77.6500015258789,78.05000305175781,78.31999969482422
28.csv_Day7_12h30m,49.900001525878906,42.36000061035156,56.65999984741211,64.1500015258789,64.04000091552734,74.18000030517578,71.1500015258789,71.91999816894531,75.04000091552734
28.csv_Day7_13h00m,39.720001220703125,51.2400016784668,60.060001373291016,63.810001373291016,64.91999816894531,72.16000366210938,70.94000244140625,71.95999908447266,73.68000030517578
28.csv_Day7_13h30m,42.220001220703125,46.380001068115234,59.45000076293945,56.79999923706055,39.13999938964844,69.58999633789062,64.87999725341797,67.72000122070312,69.0199966430664
28.csv_Day7_14h00m,21.610000610351562,7.53000020980835,39.34000015258789,44.43000030517578,38.130001068115234,57.060001373291016,57.130001068115234,57.36000061035156,61.0
28.csv_Day7_14h30m,0.9300000071525574,10.449999809265137,19.170000076293945,32.81999969482422,36.189998626708984,30.020000457763672,50.20000076293945,53.84000015258789,55.91999816894531
28.csv_Day7_15h00m,8.119999885559082,18.8700008392334,8.100000381469727,40.5099983215332,45.38999938964844,49.91999816894531,46.5,50.959999084472656,51.18000030517578
28.csv_Day7_15h30m,1.2699999809265137,9.890000343322754,23.459999084472656,21.770000457763672,38.439998626708984,20.969999313354492,32.689998626708984,40.61000061035156,42.18000030517578
28.csv_Day7_16h00m,0.6700000166893005,11.180000305175781,23.540000915527344,17.06999969482422,27.3799991607666,19.280000686645508,27.75,30.0,32.209999084472656
28.csv_Day7_16h30m,0.8100000023841858,1.8899999856948853,1.3899999856948853,11.880000114440918,14.199999809265137,1.9900000095367432,19.8799991607666,22.8700008392334,23.81999969482422
28.csv_Day7_17h00m,1.1299999952316284,5.909999847412109,10.279999732971191,9.9399995803833,12.069999694824219,13.100000381469727,10.529999732971191,14.1899995803833,14.869999885559082
28.csv_Day7_17h30m,0.8100000023841858,1.8899999856948853,2.390000104904175,2.9200000762939453,4.639999866485596,5.789999961853027,5.360000133514404,4.010000228881836,6.380000114440918
28.csv_Day7_18h00m,0.0,0.0,0.8999999761581421,0.0,0.0,0.0,0.0,1.4800000190734863,0.0
28.csv_Day7_18h30m,0.0,0.0,0.0,0.0,0.0,0.0,0.0,2.069999933242798,0.0
28.csv_Day7_19h00m,0.0,0.0,0.0,0.0,0.0,0.0,0.0,2.009999990463257,0.0
28.csv_Day7_19h30m,0.0,0.0,0.0,0.0,0.0,0.0,0.0,1.8700000047683716,0.0
28.csv_Day7_20h00m,0.0,0.0,0.0,0.0,0.0,0.0,0.0,1.409999966621399,0.0
28.csv_Day7_20h30m,0.0,0.0,0.0,0.0,0.0,0.0,0.0,0.0,0.0
28.csv_Day7_21h00m,0.0,0.0,0.0,0.0,0.0,0.0,0.0,0.0,0.0
28.csv_Day7_21h30m,0.0,0.0,0.0,0.0,0.0,0.0,0.0,0.0,0.0
28.csv_Day7_22h00m,0.0,0.0,0.0,0.0,0.0,0.0,0.0,0.0,0.0
28.csv_Day7_22h30m,0.0,0.0,0.0,0.0,0.0,0.0,0.0,0.0,0.0
28.csv_Day7_23h00m,0.0,0.0,0.0,0.0,0.0,0.0,0.0,0.0,0.0
28.csv_Day7_23h30m,0.0,0.0,0.0,0.0,0.0,0.0,0.0,0.0,0.0
28.csv_Day8_0h00m,0.0,0.0,0.0,0.0,0.0,0.0,0.0,0.0,0.0
28.csv_Day8_0h30m,0.0,0.0,0.0,0.0,0.0,0.0,0.0,0.0,0.0
28.csv_Day8_1h00m,0.0,0.0,0.0,0.0,0.0,0.0,0.0,0.0,0.0
28.csv_Day8_1h30m,0.0,0.0,0.0,0.0,0.0,0.0,0.0,0.0,0.0
28.csv_Day8_2h00m,0.0,0.0,0.0,0.0,0.0,0.0,0.0,0.0,0.0
28.csv_Day8_2h30m,0.0,0.0,0.0,0.0,0.0,0.0,0.0,0.0,0.0
28.csv_Day8_3h00m,0.0,0.0,0.0,0.0,0.0,0.0,0.0,0.0,0.0
28.csv_Day8_3h30m,0.0,0.0,0.0,0.0,0.0,0.0,0.0,0.0,0.0
28.csv_Day8_4h00m,0.0,0.0,0.0,0.0,0.0,0.0,0.0,0.0,0.0
28.csv_Day8_4h30m,0.0,0.0,0.0,0.0,0.0,0.0,0.0,0.0,0.0
28.csv_Day8_5h00m,0.0,0.0,0.0,0.0,0.0,0.0,0.0,0.0,0.0
28.csv_Day8_5h30m,0.0,0.0,0.0,0.0,0.0,0.0,0.0,0.0,0.0
28.csv_Day8_6h00m,0.8100000023841858,1.899999976158142,1.059999942779541,2.2200000286102295,2.7100000381469727,2.619999885559082,2.4100000858306885,2.390000104904175,2.759999990463257
28.csv_Day8_6h30m,1.4299999475479126,1.899999976158142,8.34000015258789,8.84000015258789,9.4399995803833,8.9399995803833,8.550000190734863,9.770000457763672,9.880000114440918
28.csv_Day8_7h00m,7.940000057220459,10.369999885559082,9.880000114440918,16.5,18.290000915527344,18.809999465942383,18.329999923706055,19.579999923706055,19.690000534057617
28.csv_Day8_7h30m,15.5,19.280000686645508,25.239999771118164,14.619999885559082,20.309999465942383,28.110000610351562,27.790000915527344,29.489999771118164,29.450000762939453
28.csv_Day8_8h00m,22.84000015258789,23.559999465942383,30.489999771118164,6.429999828338623,26.0,37.52000045776367,37.650001525878906,38.150001525878906,38.9900016784668
28.csv_Day8_8h30m,36.189998626708984,38.84000015258789,38.29999923706055,27.940000534057617,41.56999969482422,47.0,46.47999954223633,47.439998626708984,48.130001068115234
28.csv_Day8_9h00m,38.630001068115234,45.38999938964844,43.66999816894531,42.09000015258789,50.709999084472656,55.45000076293945,54.04999923706055,55.40999984741211,56.09000015258789
28.csv_Day8_9h30m,44.13999938964844,52.150001525878906,50.5,56.369998931884766,59.97999954223633,63.189998626708984,61.470001220703125,62.70000076293945,63.599998474121094
28.csv_Day8_10h00m,37.22999954223633,55.77000045776367,51.869998931884766,58.040000915527344,64.13999938964844,64.94000244140625,68.72000122070312,68.80999755859375,69.2699966430664
28.csv_Day8_10h30m,38.209999084472656,58.459999084472656,44.77000045776367,63.5099983215332,69.16999816894531,65.37000274658203,72.08999633789062,72.69000244140625,73.5199966430664
28.csv_Day8_11h00m,20.329999923706055,46.02000045776367,27.920000076293945,67.41999816894531,68.33000183105469,69.2300033569336,74.55000305175781,75.36000061035156,76.08000183105469
28.csv_Day8_11h30m,15.539999961853027,52.560001373291016,27.040000915527344,67.04000091552734,71.9800033569336,75.77999877929688,76.58999633789062,77.33000183105469,77.98999786376953
28.csv_Day8_12h00m,10.789999961853027,45.88999938964844,32.11000061035156,53.79999923706055,72.16999816894531,74.80000305175781,76.95999908447266,77.56999969482422,78.29000091552734
28.csv_Day8_12h30m,25.700000762939453,42.599998474121094,47.97999954223633,63.7599983215332,64.08999633789062,74.83000183105469,70.51000213623047,72.56999969482422,75.0
28.csv_Day8_13h00m,48.79999923706055,51.529998779296875,45.939998626708984,63.43000030517578,64.97000122070312,75.26000213623047,70.30999755859375,72.75,73.6500015258789
28.csv_Day8_13h30m,35.439998626708984,46.63999938964844,51.31999969482422,56.459999084472656,39.16999816894531,70.36000061035156,64.29000091552734,68.5199966430664,69.0
28.csv_Day8_14h00m,2.8399999141693115,7.570000171661377,47.95000076293945,44.15999984741211,38.15999984741211,57.56999969482422,56.61000061035156,58.29999923706055,60.97999954223633
28.csv_Day8_14h30m,1.2300000190734863,10.510000228881836,42.130001068115234,32.619998931884766,36.220001220703125,50.38999938964844,49.7400016784668,52.880001068115234,55.88999938964844
28.csv_Day8_15h00m,2.069999933242798,18.979999542236328,7.599999904632568,40.2599983215332,45.43000030517578,34.810001373291016,46.06999969482422,51.099998474121094,51.15999984741211
28.csv_Day8_15h30m,0.0,9.9399995803833,34.90999984741211,21.639999389648438,38.470001220703125,25.600000381469727,32.369998931884766,39.08000183105469,42.15999984741211
28.csv_Day8_16h00m,1.2200000286102295,11.239999771118164,22.8799991607666,16.969999313354492,27.399999618530273,9.529999732971191,28.040000915527344,30.0,32.20000076293945
28.csv_Day8_16h30m,1.0800000429153442,1.899999976158142,10.699999809265137,11.8100004196167,14.220000267028809,8.720000267028809,20.43000030517578,21.780000686645508,23.809999465942383
28.csv_Day8_17h00m,0.5799999833106995,5.940000057220459,8.039999961853027,9.880000114440918,12.079999923706055,12.5,10.729999542236328,14.539999961853027,14.859999656677246
28.csv_Day8_17h30m,1.2699999809265137,1.899999976158142,1.75,2.9000000953674316,4.639999866485596,4.360000133514404,5.269999980926514,5.489999771118164,6.369999885559082
28.csv_Day8_18h00m,0.0,0.0,0.9300000071525574,0.0,0.0,0.0,0.0,0.38999998569488525,0.0
28.csv_Day8_18h30m,0.0,0.0,0.009999999776482582,0.0,0.0,0.0,0.0,0.8500000238418579,0.0
28.csv_Day8_19h00m,0.0,0.0,0.0,0.0,0.0,0.0,0.0,0.6499999761581421,0.0
28.csv_Day8_19h30m,0.0,0.0,0.0,0.0,0.0,0.0,0.0,0.6299999952316284,0.0
28.csv_Day8_20h00m,0.0,0.0,0.0,0.0,0.0,0.0,0.0,0.1899999976158142,0.0
28.csv_Day8_20h30m,0.0,0.0,0.0,0.0,0.0,0.0,0.0,0.0,0.0
28.csv_Day8_21h00m,0.0,0.0,0.0,0.0,0.0,0.0,0.0,0.0,0.0
28.csv_Day8_21h30m,0.0,0.0,0.0,0.0,0.0,0.0,0.0,0.0,0.0
28.csv_Day8_22h00m,0.0,0.0,0.0,0.0,0.0,0.0,0.0,0.0,0.0
28.csv_Day8_22h30m,0.0,0.0,0.0,0.0,0.0,0.0,0.0,0.0,0.0
28.csv_Day8_23h00m,0.0,0.0,0.0,0.0,0.0,0.0,0.0,0.0,0.0
28.csv_Day8_23h30m,0.0,0.0,0.0,0.0,0.0,0.0,0.0,0.0,0.0
29.csv_Day7_0h00m,0.0,0.0,0.0,0.0,0.0,0.0,0.0,0.0,0.0
29.csv_Day7_0h30m,0.0,0.0,0.0,0.0,0.0,0.0,0.0,0.0,0.0
29.csv_Day7_1h00m,0.0,0.0,0.0,0.0,0.0,0.0,0.0,0.0,0.0
29.csv_Day7_1h30m,0.0,0.0,0.0,0.0,0.0,0.0,0.0,0.0,0.0
29.csv_Day7_2h00m,0.0,0.0,0.0,0.0,0.0,0.0,0.0,0.0,0.0
29.csv_Day7_2h30m,0.0,0.0,0.0,0.0,0.0,0.0,0.0,0.0,0.0
29.csv_Day7_3h00m,0.0,0.0,0.0,0.0,0.0,0.0,0.0,0.0,0.0
29.csv_Day7_3h30m,0.0,0.0,0.0,0.0,0.0,0.0,0.0,0.0,0.0
29.csv_Day7_4h00m,0.0,0.0,0.0,0.0,0.0,0.0,0.0,0.0,0.0
29.csv_Day7_4h30m,0.0,0.0,0.0,0.0,0.0,0.0,0.0,0.0,0.0
29.csv_Day7_5h00m,0.0,0.0,0.0,0.0,0.0,0.0,0.0,0.0,0.0
29.csv_Day7_5h30m,0.0,0.0,0.0,0.0,0.0,0.0,0.0,0.0,0.0
29.csv_Day7_6h00m,0.0,0.0,0.0,0.0,0.0,0.0,0.0,0.0,0.0
29.csv_Day7_6h30m,0.0,0.0,0.0,0.0,0.0,0.0,0.0,0.0,0.0
29.csv_Day7_7h00m,0.0,0.0,0.0,0.0,0.0,0.0,0.0,0.0,0.0
29.csv_Day7_7h30m,1.2699999809265137,2.069999933242798,1.5700000524520874,4.170000076293945,2.740000009536743,6.070000171661377,4.559999942779541,3.950000047683716,4.03000020980835
29.csv_Day7_8h00m,3.119999885559082,4.46999979019165,7.78000020980835,7.429999828338623,10.5,11.149999618530273,9.130000114440918,11.109999656677246,10.8100004196167
29.csv_Day7_8h30m,6.0,8.529999732971191,14.59000015258789,11.010000228881836,18.1299991607666,17.649999618530273,17.93000030517578,17.610000610351562,19.31999969482422
29.csv_Day7_9h00m,9.75,8.979999542236328,23.190000534057617,14.9399995803833,24.489999771118164,23.459999084472656,23.649999618530273,25.8700008392334,26.18000030517578
29.csv_Day7_9h30m,19.200000762939453,15.069999694824219,30.329999923706055,24.420000076293945,32.83000183105469,30.170000076293945,30.049999237060547,33.2400016784668,33.040000915527344
29.csv_Day7_10h00m,25.790000915527344,26.59000015258789,36.650001525878906,31.110000610351562,40.27000045776367,39.119998931884766,37.20000076293945,39.16999816894531,39.40999984741211
29.csv_Day7_10h30m,30.700000762939453,31.65999984741211,40.75,32.77000045776367,42.619998931884766,43.0,40.540000915527344,42.06999969482422,43.77000045776367
29.csv_Day7_11h00m,30.510000228881836,35.029998779296875,44.68000030517578,35.20000076293945,41.95000076293945,44.970001220703125,40.880001068115234,43.380001068115234,46.189998626708984
29.csv_Day7_11h30m,28.799999237060547,34.0,45.4900016784668,33.22999954223633,39.59000015258789,44.65999984741211,40.7599983215332,45.63999938964844,48.06999969482422
29.csv_Day7_12h00m,28.56999969482422,36.0,45.86000061035156,31.559999465942383,37.439998626708984,43.40999984741211,40.79999923706055,44.15999984741211,47.880001068115234
29.csv_Day7_12h30m,27.700000762939453,35.34000015258789,45.939998626708984,33.959999084472656,37.130001068115234,43.880001068115234,40.4900016784668,45.20000076293945,47.33000183105469
29.csv_Day7_13h00m,26.469999313354492,36.36000061035156,43.7400016784668,37.61000061035156,40.68000030517578,41.7599983215332,41.279998779296875,44.790000915527344,43.939998626708984
29.csv_Day7_13h30m,24.290000915527344,32.4900016784668,39.06999969482422,34.189998626708984,38.59000015258789,38.349998474121094,39.11000061035156,41.45000076293945,40.91999816894531
29.csv_Day7_14h00m,19.020000457763672,30.020000457763672,33.060001373291016,30.149999618530273,34.43000030517578,32.18000030517578,34.16999816894531,35.900001525878906,34.130001068115234
29.csv_Day7_14h30m,15.100000381469727,25.350000381469727,26.90999984741211,26.969999313354492,28.610000610351562,27.020000457763672,28.049999237060547,30.760000228881836,29.020000457763672
29.csv_Day7_15h00m,9.5600004196167,14.680000305175781,18.1299991607666,20.299999237060547,20.850000381469727,19.520000457763672,20.559999465942383,22.8700008392334,21.469999313354492
29.csv_Day7_15h30m,3.8499999046325684,9.149999618530273,10.229999542236328,11.579999923706055,11.380000114440918,11.170000076293945,13.239999771118164,14.489999771118164,14.149999618530273
29.csv_Day7_16h00m,2.0,3.069999933242798,3.509999990463257,6.590000152587891,5.659999847412109,4.980000019073486,6.320000171661377,7.420000076293945,7.820000171661377
29.csv_Day7_16h30m,0.0,0.0,0.0,0.0,1.1799999475479126,0.0,0.6800000071525574,0.0,0.0
29.csv_Day7_17h00m,0.0,0.0,0.0,0.0,0.0,0.0,0.0,0.0,0.0
29.csv_Day7_17h30m,0.0,0.0,0.0,0.0,0.0,0.0,0.0,0.0,0.0
29.csv_Day7_18h00m,0.0,0.0,0.0,0.0,0.0,0.0,0.0,0.0,0.0
29.csv_Day7_18h30m,0.0,0.0,0.0,0.0,0.0,0.0,0.0,0.0,0.0
29.csv_Day7_19h00m,0.0,0.0,0.0,0.0,0.0,0.0,0.0,0.0,0.0
29.csv_Day7_19h30m,0.0,0.0,0.0,0.0,0.0,0.0,0.0,0.0,0.0
29.csv_Day7_20h00m,0.0,0.0,0.0,0.0,0.0,0.0,0.0,0.0,0.0
29.csv_Day7_20h30m,0.0,0.0,0.0,0.0,0.0,0.0,0.0,0.0,0.0
29.csv_Day7_21h00m,0.0,0.0,0.0,0.0,0.0,0.0,0.0,0.0,0.0
29.csv_Day7_21h30m,0.0,0.0,0.0,0.0,0.0,0.0,0.0,0.0,0.0
29.csv_Day7_22h00m,0.0,0.0,0.0,0.0,0.0,0.0,0.0,0.0,0.0
29.csv_Day7_22h30m,0.0,0.0,0.0,0.0,0.0,0.0,0.0,0.0,0.0
29.csv_Day7_23h00m,0.0,0.0,0.0,0.0,0.0,0.0,0.0,0.0,0.0
29.csv_Day7_23h30m,0.0,0.0,0.0,0.0,0.0,0.0,0.0,0.0,0.0
29.csv_Day8_0h00m,0.0,0.0,0.0,0.0,0.0,0.0,0.0,0.0,0.0
29.csv_Day8_0h30m,0.0,0.0,0.0,0.0,0.0,0.0,0.0,0.0,0.0
29.csv_Day8_1h00m,0.0,0.0,0.0,0.0,0.0,0.0,0.0,0.0,0.0
29.csv_Day8_1h30m,0.0,0.0,0.0,0.0,0.0,0.0,0.0,0.0,0.0
29.csv_Day8_2h00m,0.0,0.0,0.0,0.0,0.0,0.0,0.0,0.0,0.0
29.csv_Day8_2h30m,0.0,0.0,0.0,0.0,0.0,0.0,0.0,0.0,0.0
29.csv_Day8_3h00m,0.0,0.0,0.0,0.0,0.0,0.0,0.0,0.0,0.0
29.csv_Day8_3h30m,0.0,0.0,0.0,0.0,0.0,0.0,0.0,0.0,0.0
29.csv_Day8_4h00m,0.0,0.0,0.0,0.0,0.0,0.0,0.0,0.0,0.0
29.csv_Day8_4h30m,0.0,0.0,0.0,0.0,0.0,0.0,0.0,0.0,0.0
29.csv_Day8_5h00m,0.0,0.0,0.0,0.0,0.0,0.0,0.0,0.0,0.0
29.csv_Day8_5h30m,0.0,0.0,0.0,0.0,0.0,0.0,0.0,0.0,0.0
29.csv_Day8_6h00m,0.0,0.0,0.0,0.0,0.0,0.0,0.0,0.0,0.0
29.csv_Day8_6h30m,0.0,0.0,0.0,0.0,0.0,0.0,0.0,0.0,0.0
29.csv_Day8_7h00m,0.0,0.0,0.0,0.0,0.0,0.0,0.0,0.0,0.0
29.csv_Day8_7h30m,2.049999952316284,2.0799999237060547,2.130000114440918,4.139999866485596,2.740000009536743,5.739999771118164,4.590000152587891,5.909999847412109,4.03000020980835
29.csv_Day8_8h00m,3.7899999618530273,4.5,8.470000267028809,7.380000114440918,10.510000228881836,10.609999656677246,9.319999694824219,11.670000076293945,10.8100004196167
29.csv_Day8_8h30m,9.770000457763672,8.579999923706055,14.859999656677246,10.949999809265137,18.139999389648438,18.3700008392334,18.579999923706055,20.360000610351562,19.309999465942383
29.csv_Day8_9h00m,15.710000038146973,9.029999732971191,21.600000381469727,14.850000381469727,24.510000228881836,23.510000228881836,24.520000457763672,27.040000915527344,26.170000076293945
29.csv_Day8_9h30m,20.420000076293945,15.149999618530273,29.149999618530273,24.280000686645508,32.849998474121094,30.440000534057617,31.049999237060547,33.290000915527344,33.029998779296875
29.csv_Day8_10h00m,26.18000030517578,26.739999771118164,33.27000045776367,30.920000076293945,40.29999923706055,38.29999923706055,37.04999923706055,36.90999984741211,39.400001525878906
29.csv_Day8_10h30m,30.780000686645508,31.84000015258789,37.31999969482422,32.56999969482422,42.650001525878906,38.619998931884766,40.189998626708984,37.95000076293945,43.75
29.csv_Day8_11h00m,31.709999084472656,35.220001220703125,41.150001525878906,34.9900016784668,41.97999954223633,36.97999954223633,40.4900016784668,35.63999938964844,46.16999816894531
29.csv_Day8_11h30m,31.489999771118164,34.189998626708984,43.459999084472656,33.029998779296875,39.619998931884766,35.33000183105469,41.27000045776367,36.79999923706055,48.04999923706055
29.csv_Day8_12h00m,31.450000762939453,36.20000076293945,44.27000045776367,31.3700008392334,37.470001220703125,38.20000076293945,41.25,35.209999084472656,47.86000061035156
29.csv_Day8_12h30m,30.709999084472656,35.540000915527344,43.939998626708984,33.75,37.150001525878906,38.61000061035156,40.11000061035156,36.720001220703125,47.310001373291016
29.csv_Day8_13h00m,28.65999984741211,36.560001373291016,41.630001068115234,37.380001068115234,40.709999084472656,41.93000030517578,40.88999938964844,37.849998474121094,43.91999816894531
29.csv_Day8_13h30m,27.209999084472656,32.68000030517578,37.72999954223633,33.97999954223633,38.619998931884766,39.040000915527344,38.7400016784668,35.2599983215332,40.900001525878906
29.csv_Day8_14h00m,25.649999618530273,30.190000534057617,33.18000030517578,29.969999313354492,34.459999084472656,33.33000183105469,33.84000015258789,31.920000076293945,34.11000061035156
29.csv_Day8_14h30m,22.639999389648438,25.489999771118164,26.959999084472656,26.809999465942383,28.6299991607666,27.420000076293945,27.780000686645508,29.469999313354492,29.010000228881836
29.csv_Day8_15h00m,16.3799991607666,14.770000457763672,19.139999389648438,20.18000030517578,20.8700008392334,19.850000381469727,20.350000381469727,22.459999084472656,21.459999084472656
29.csv_Day8_15h30m,8.550000190734863,9.210000038146973,10.270000457763672,11.510000228881836,11.390000343322754,11.539999961853027,13.079999923706055,14.319999694824219,14.140000343322754
29.csv_Day8_16h00m,3.0999999046325684,3.0899999141693115,4.329999923706055,6.550000190734863,5.659999847412109,5.960000038146973,6.21999979019165,7.239999771118164,7.809999942779541
29.csv_Day8_16h30m,0.0,0.0,0.0,0.0,1.1799999475479126,0.0,0.7200000286102295,0.0,0.0
29.csv_Day8_17h00m,0.0,0.0,0.0,0.0,0.0,0.0,0.0,0.0,0.0
29.csv_Day8_17h30m,0.0,0.0,0.0,0.0,0.0,0.0,0.0,0.0,0.0
29.csv_Day8_18h00m,0.0,0.0,0.0,0.0,0.0,0.0,0.0,0.0,0.0
29.csv_Day8_18h30m,0.0,0.0,0.0,0.0,0.0,0.0,0.0,0.0,0.0
29.csv_Day8_19h00m,0.0,0.0,0.0,0.0,0.0,0.0,0.0,0.0,0.0
29.csv_Day8_19h30m,0.0,0.0,0.0,0.0,0.0,0.0,0.0,0.0,0.0
29.csv_Day8_20h00m,0.0,0.0,0.0,0.0,0.0,0.0,0.0,0.0,0.0
29.csv_Day8_20h30m,0.0,0.0,0.0,0.0,0.0,0.0,0.0,0.0,0.0
29.csv_Day8_21h00m,0.0,0.0,0.0,0.0,0.0,0.0,0.0,0.0,0.0
29.csv_Day8_21h30m,0.0,0.0,0.0,0.0,0.0,0.0,0.0,0.0,0.0
29.csv_Day8_22h00m,0.0,0.0,0.0,0.0,0.0,0.0,0.0,0.0,0.0
29.csv_Day8_22h30m,0.0,0.0,0.0,0.0,0.0,0.0,0.0,0.0,0.0
29.csv_Day8_23h00m,0.0,0.0,0.0,0.0,0.0,0.0,0.0,0.0,0.0
29.csv_Day8_23h30m,0.0,0.0,0.0,0.0,0.0,0.0,0.0,0.0,0.0
30.csv_Day7_0h00m,0.0,0.0,0.0,0.0,0.0,0.0,0.0,0.0,0.0
30.csv_Day7_0h30m,0.0,0.0,0.0,0.0,0.0,0.0,0.0,0.0,0.0
30.csv_Day7_1h00m,0.0,0.0,0.0,0.0,0.0,0.0,0.0,0.0,0.0
30.csv_Day7_1h30m,0.0,0.0,0.0,0.0,0.0,0.0,0.0,0.0,0.0
30.csv_Day7_2h00m,0.0,0.0,0.0,0.0,0.0,0.0,0.0,0.0,0.0
30.csv_Day7_2h30m,0.0,0.0,0.0,0.0,0.0,0.0,0.0,0.0,0.0
30.csv_Day7_3h00m,0.0,0.0,0.0,0.0,0.0,0.0,0.0,0.0,0.0
30.csv_Day7_3h30m,0.0,0.0,0.0,0.0,0.0,0.0,0.0,0.0,0.0
30.csv_Day7_4h00m,0.0,0.0,0.0,0.0,0.0,0.0,0.0,0.0,0.0
30.csv_Day7_4h30m,0.0,0.0,0.0,0.0,0.0,0.0,0.0,0.0,0.0
30.csv_Day7_5h00m,0.0,0.0,0.0,0.0,0.0,0.0,0.0,0.0,0.0
30.csv_Day7_5h30m,0.0,0.0,0.0,0.0,0.0,0.0,0.0,0.0,0.0
30.csv_Day7_6h00m,0.0,0.03999999910593033,0.0,1.25,1.559999942779541,0.17000000178813934,0.8600000143051147,1.809999942779541,1.1200000047683716
30.csv_Day7_6h30m,4.159999847412109,3.1700000762939453,5.329999923706055,7.559999942779541,6.369999885559082,7.25,7.739999771118164,7.909999847412109,8.1899995803833
30.csv_Day7_7h00m,13.6899995803833,8.220000267028809,11.460000038146973,12.779999732971191,16.959999084472656,14.720000267028809,16.399999618530273,16.56999969482422,16.1299991607666
30.csv_Day7_7h30m,19.920000076293945,17.190000534057617,17.780000686645508,25.739999771118164,25.43000030517578,24.950000762939453,26.90999984741211,26.920000076293945,26.860000610351562
30.csv_Day7_8h00m,24.100000381469727,23.299999237060547,21.690000534057617,33.58000183105469,34.099998474121094,30.579999923706055,36.84000015258789,35.75,36.66999816894531
30.csv_Day7_8h30m,38.4900016784668,31.18000030517578,30.110000610351562,42.349998474121094,40.04999923706055,42.47999954223633,46.810001373291016,45.0099983215332,46.029998779296875
30.csv_Day7_9h00m,50.83000183105469,38.900001525878906,46.4900016784668,51.529998779296875,50.16999816894531,52.83000183105469,54.279998779296875,53.119998931884766,54.08000183105469
30.csv_Day7_9h30m,59.72999954223633,49.189998626708984,58.65999984741211,59.849998474121094,58.18000030517578,61.790000915527344,62.16999816894531,60.97999954223633,61.959999084472656
30.csv_Day7_10h00m,62.90999984741211,47.029998779296875,67.66999816894531,65.69000244140625,62.72999954223633,68.33000183105469,68.6500015258789,66.31999969482422,68.12999725341797
30.csv_Day7_10h30m,67.19000244140625,54.400001525878906,73.3499984741211,69.86000061035156,63.40999984741211,71.45999908447266,72.26000213623047,69.62999725341797,72.87999725341797
30.csv_Day7_11h00m,72.48999786376953,48.720001220703125,79.3499984741211,71.2300033569336,66.7699966430664,77.08000183105469,78.37000274658203,74.68000030517578,77.47000122070312
30.csv_Day7_11h30m,66.80000305175781,32.65999984741211,69.97000122070312,69.44000244140625,63.099998474121094,77.81999969482422,78.05000305175781,76.02999877929688,78.2699966430664
30.csv_Day7_12h00m,71.41999816894531,30.729999542236328,73.94000244140625,68.1500015258789,64.91000366210938,78.58999633789062,78.08999633789062,76.19999694824219,78.6500015258789
30.csv_Day7_12h30m,70.87999725341797,35.09000015258789,76.76000213623047,68.56999969482422,64.13999938964844,74.9000015258789,74.31999969482422,72.45999908447266,75.66000366210938
30.csv_Day7_13h00m,63.2400016784668,51.849998474121094,72.83999633789062,67.41999816894531,55.34000015258789,70.94000244140625,73.0999984741211,71.20999908447266,74.62000274658203
30.csv_Day7_13h30m,56.95000076293945,48.5,68.25,65.73999786376953,53.29999923706055,66.73999786376953,69.1500015258789,67.2300033569336,70.5199966430664
30.csv_Day7_14h00m,50.869998931884766,44.060001373291016,59.349998474121094,62.380001068115234,51.63999938964844,61.849998474121094,63.29999923706055,61.20000076293945,64.4000015258789
30.csv_Day7_14h30m,51.290000915527344,39.619998931884766,54.970001220703125,56.86000061035156,51.880001068115234,55.970001220703125,56.91999816894531,55.7400016784668,57.779998779296875
30.csv_Day7_15h00m,45.04999923706055,37.56999969482422,48.40999984741211,46.02000045776367,47.7599983215332,51.13999938964844,49.959999084472656,49.40999984741211,50.209999084472656
30.csv_Day7_15h30m,36.33000183105469,36.0,37.779998779296875,38.77000045776367,37.40999984741211,39.93000030517578,41.560001373291016,41.20000076293945,41.45000076293945
30.csv_Day7_16h00m,14.770000457763672,29.84000015258789,24.229999542236328,31.100000381469727,27.110000610351562,30.6299991607666,31.469999313354492,30.3700008392334,31.940000534057617
30.csv_Day7_16h30m,15.550000190734863,21.649999618530273,15.210000038146973,15.479999542236328,19.190000534057617,17.079999923706055,21.90999984741211,21.010000228881836,22.040000915527344
30.csv_Day7_17h00m,10.979999542236328,10.819999694824219,7.199999809265137,10.579999923706055,12.430000305175781,11.130000114440918,12.960000038146973,12.729999542236328,12.260000228881836
30.csv_Day7_17h30m,0.6800000071525574,2.1600000858306885,1.190000057220459,3.640000104904175,3.309999942779541,5.269999980926514,3.8499999046325684,3.75,4.03000020980835
30.csv_Day7_18h00m,0.0,0.0,0.0,0.0,0.0,0.0,0.0,0.0,0.0
30.csv_Day7_18h30m,0.0,0.0,0.0,0.0,0.0,0.0,0.0,0.0,0.0
30.csv_Day7_19h00m,0.0,0.0,0.0,0.0,0.0,0.0,0.0,0.0,0.0
30.csv_Day7_19h30m,0.0,0.0,0.0,0.0,0.0,0.0,0.0,0.0,0.0
30.csv_Day7_20h00m,0.0,0.0,0.0,0.0,0.0,0.0,0.0,0.0,0.0
30.csv_Day7_20h30m,0.0,0.0,0.0,0.0,0.0,0.0,0.0,0.0,0.0
30.csv_Day7_21h00m,0.0,0.0,0.0,0.0,0.0,0.0,0.0,0.0,0.0
30.csv_Day7_21h30m,0.0,0.0,0.0,0.0,0.0,0.0,0.0,0.0,0.0
30.csv_Day7_22h00m,0.0,0.0,0.0,0.0,0.0,0.0,0.0,0.0,0.0
30.csv_Day7_22h30m,0.0,0.0,0.0,0.0,0.0,0.0,0.0,0.0,0.0
30.csv_Day7_23h00m,0.0,0.0,0.0,0.0,0.0,0.0,0.0,0.0,0.0
30.csv_Day7_23h30m,0.0,0.0,0.0,0.0,0.0,0.0,0.0,0.0,0.0
30.csv_Day8_0h00m,0.0,0.0,0.0,0.0,0.0,0.0,0.0,0.0,0.0
30.csv_Day8_0h30m,0.0,0.0,0.0,0.0,0.0,0.0,0.0,0.0,0.0
30.csv_Day8_1h00m,0.0,0.0,0.0,0.0,0.0,0.0,0.0,0.0,0.0
30.csv_Day8_1h30m,0.0,0.0,0.0,0.0,0.0,0.0,0.0,0.0,0.0
30.csv_Day8_2h00m,0.0,0.0,0.0,0.0,0.0,0.0,0.0,0.0,0.0
30.csv_Day8_2h30m,0.0,0.0,0.0,0.0,0.0,0.0,0.0,0.0,0.0
30.csv_Day8_3h00m,0.0,0.0,0.0,0.0,0.0,0.0,0.0,0.0,0.0
30.csv_Day8_3h30m,0.0,0.0,0.0,0.0,0.0,0.0,0.0,0.0,0.0
30.csv_Day8_4h00m,0.0,0.0,0.0,0.0,0.0,0.0,0.0,0.0,0.0
30.csv_Day8_4h30m,0.0,0.0,0.0,0.0,0.0,0.0,0.0,0.0,0.0
30.csv_Day8_5h00m,0.0,0.0,0.0,0.0,0.0,0.0,0.0,0.0,0.0
30.csv_Day8_5h30m,0.0,0.0,0.0,0.0,0.0,0.0,0.0,0.0,0.0
30.csv_Day8_6h00m,0.0,0.03999999910593033,0.0,1.2400000095367432,1.5700000524520874,0.2800000011920929,0.9100000262260437,1.7000000476837158,1.1200000047683716
30.csv_Day8_6h30m,3.4100000858306885,3.190000057220459,6.050000190734863,7.519999980926514,6.380000114440918,7.239999771118164,7.630000114440918,8.329999923706055,8.1899995803833
30.csv_Day8_7h00m,10.729999542236328,8.260000228881836,11.109999656677246,12.699999809265137,16.969999313354492,15.40999984741211,16.219999313354492,16.3799991607666,16.1200008392334
30.csv_Day8_7h30m,19.989999771118164,17.290000915527344,22.739999771118164,25.59000015258789,25.450000762939453,26.729999542236328,26.649999618530273,27.5,26.850000381469727
30.csv_Day8_8h00m,29.1299991607666,23.43000030517578,30.239999771118164,33.380001068115234,34.130001068115234,33.310001373291016,36.5,37.040000915527344,36.65999984741211
30.csv_Day8_8h30m,37.15999984741211,31.360000610351562,39.04999923706055,42.09000015258789,40.08000183105469,43.15999984741211,46.380001068115234,45.4900016784668,46.0099983215332
30.csv_Day8_9h00m,45.119998931884766,39.119998931884766,48.86000061035156,51.220001220703125,50.209999084472656,54.06999969482422,53.779998779296875,52.540000915527344,54.060001373291016
30.csv_Day8_9h30m,52.150001525878906,49.470001220703125,56.849998474121094,59.4900016784668,58.220001220703125,62.63999938964844,61.61000061035156,60.040000915527344,61.93000030517578
30.csv_Day8_10h00m,46.619998931884766,47.29999923706055,64.87999725341797,65.29000091552734,62.779998779296875,68.87000274658203,68.04000091552734,66.25,68.0999984741211
30.csv_Day8_10h30m,56.650001525878906,54.709999084472656,66.68000030517578,69.44000244140625,63.459999084472656,71.9000015258789,71.61000061035156,67.7699966430664,72.8499984741211
30.csv_Day8_11h00m,20.139999389648438,49.0,69.33999633789062,70.80000305175781,66.83000183105469,77.19000244140625,77.68000030517578,76.02999877929688,77.44000244140625
30.csv_Day8_11h30m,4.949999809265137,32.84000015258789,50.540000915527344,69.0199966430664,63.150001525878906,72.16999816894531,77.36000061035156,79.80999755859375,78.23999786376953
30.csv_Day8_12h00m,5.260000228881836,30.90999984741211,33.849998474121094,67.73999786376953,64.95999908447266,70.44999694824219,77.4000015258789,79.05999755859375,78.61000061035156
30.csv_Day8_12h30m,18.850000381469727,35.290000915527344,67.9000015258789,68.1500015258789,64.19000244140625,72.19000244140625,73.66000366210938,70.63999938964844,75.62999725341797
30.csv_Day8_13h00m,57.5,52.13999938964844,66.2699966430664,67.01000213623047,55.38999938964844,68.18000030517578,72.44999694824219,69.51000213623047,74.58999633789062
30.csv_Day8_13h30m,50.27000045776367,48.779998779296875,62.58000183105469,65.33999633789062,53.34000015258789,64.69000244140625,68.54000091552734,65.54000091552734,70.48999786376953
30.csv_Day8_14h00m,41.43000030517578,44.310001373291016,54.54999923706055,62.0099983215332,51.68000030517578,59.540000915527344,62.72999954223633,59.47999954223633,64.37000274658203
30.csv_Day8_14h30m,24.510000228881836,39.84000015258789,51.13999938964844,56.52000045776367,51.91999816894531,56.20000076293945,56.400001525878906,54.83000183105469,57.75
30.csv_Day8_15h00m,2.430000066757202,37.779998779296875,4.190000057220459,45.75,47.790000915527344,46.599998474121094,49.5,51.59000015258789,50.189998626708984
30.csv_Day8_15h30m,4.110000133514404,36.209999084472656,3.4800000190734863,38.540000915527344,37.439998626708984,38.349998474121094,41.16999816894531,42.13999938964844,41.43000030517578
30.csv_Day8_16h00m,18.229999542236328,30.0,12.539999961853027,30.90999984741211,27.1299991607666,29.139999389648438,31.15999984741211,31.1200008392334,31.920000076293945
30.csv_Day8_16h30m,17.110000610351562,21.770000457763672,10.739999771118164,15.390000343322754,19.200000762939453,16.450000762939453,21.690000534057617,21.540000915527344,22.030000686645508
30.csv_Day8_17h00m,13.420000076293945,10.880000114440918,7.820000171661377,10.520000457763672,12.4399995803833,10.90999984741211,12.8100004196167,13.229999542236328,12.260000228881836
30.csv_Day8_17h30m,1.190000057220459,2.1700000762939453,0.8799999952316284,3.619999885559082,3.309999942779541,3.490000009536743,3.809999942779541,4.820000171661377,4.03000020980835
30.csv_Day8_18h00m,0.0,0.0,0.0,0.0,0.0,0.0,0.0,0.0,0.0
30.csv_Day8_18h30m,0.0,0.0,0.0,0.0,0.0,0.0,0.0,0.0,0.0
30.csv_Day8_19h00m,0.0,0.0,0.0,0.0,0.0,0.0,0.0,0.0,0.0
30.csv_Day8_19h30m,0.0,0.0,0.0,0.0,0.0,0.0,0.0,0.0,0.0
30.csv_Day8_20h00m,0.0,0.0,0.0,0.0,0.0,0.0,0.0,0.0,0.0
30.csv_Day8_20h30m,0.0,0.0,0.0,0.0,0.0,0.0,0.0,0.0,0.0
30.csv_Day8_21h00m,0.0,0.0,0.0,0.0,0.0,0.0,0.0,0.0,0.0
30.csv_Day8_21h30m,0.0,0.0,0.0,0.0,0.0,0.0,0.0,0.0,0.0
30.csv_Day8_22h00m,0.0,0.0,0.0,0.0,0.0,0.0,0.0,0.0,0.0
30.csv_Day8_22h30m,0.0,0.0,0.0,0.0,0.0,0.0,0.0,0.0,0.0
30.csv_Day8_23h00m,0.0,0.0,0.0,0.0,0.0,0.0,0.0,0.0,0.0
30.csv_Day8_23h30m,0.0,0.0,0.0,0.0,0.0,0.0,0.0,0.0,0.0
31.csv_Day7_0h00m,0.0,0.0,0.0,0.0,0.0,0.0,0.0,0.0,0.0
31.csv_Day7_0h30m,0.0,0.0,0.0,0.0,0.0,0.0,0.0,0.0,0.0
31.csv_Day7_1h00m,0.0,0.0,0.0,0.0,0.0,0.0,0.0,0.0,0.0
31.csv_Day7_1h30m,0.0,0.0,0.0,0.0,0.0,0.0,0.0,0.0,0.0
31.csv_Day7_2h00m,0.0,0.0,0.0,0.0,0.0,0.0,0.0,0.0,0.0
31.csv_Day7_2h30m,0.0,0.0,0.0,0.0,0.0,0.0,0.0,0.0,0.0
31.csv_Day7_3h00m,0.0,0.0,0.0,0.0,0.0,0.0,0.0,0.0,0.0
31.csv_Day7_3h30m,0.0,0.0,0.0,0.0,0.0,0.0,0.0,0.0,0.0
31.csv_Day7_4h00m,0.0,0.0,0.0,0.0,0.0,0.0,0.0,0.0,0.0
31.csv_Day7_4h30m,0.0,0.0,0.0,0.0,0.0,0.0,0.0,0.0,0.0
31.csv_Day7_5h00m,0.0,0.0,0.0,0.0,0.0,0.0,0.0,0.0,0.0
31.csv_Day7_5h30m,0.0,0.0,0.0,0.0,0.0,0.0,0.0,0.0,0.0
31.csv_Day7_6h00m,0.9800000190734863,1.659999966621399,3.2300000190734863,3.109999895095825,4.28000020980835,4.190000057220459,4.809999942779541,4.670000076293945,4.619999885559082
31.csv_Day7_6h30m,4.940000057220459,4.46999979019165,5.809999942779541,9.4399995803833,10.550000190734863,11.380000114440918,12.1899995803833,12.729999542236328,12.600000381469727
31.csv_Day7_7h00m,3.3499999046325684,6.670000076293945,11.90999984741211,20.6200008392334,20.229999542236328,18.270000457763672,20.559999465942383,21.540000915527344,22.670000076293945
31.csv_Day7_7h30m,14.970000267028809,22.770000457763672,30.100000381469727,29.940000534057617,30.239999771118164,31.809999465942383,31.6299991607666,33.36000061035156,32.880001068115234
31.csv_Day7_8h00m,23.940000534057617,31.34000015258789,27.469999313354492,40.56999969482422,37.709999084472656,34.13999938964844,39.810001373291016,41.56999969482422,42.31999969482422
31.csv_Day7_8h30m,28.18000030517578,45.08000183105469,54.29999923706055,49.689998626708984,46.22999954223633,48.7400016784668,50.09000015258789,50.5,51.29999923706055
31.csv_Day7_9h00m,31.8700008392334,59.83000183105469,67.16999816894531,59.630001068115234,53.709999084472656,58.439998626708984,59.04999923706055,60.959999084472656,60.400001525878906
31.csv_Day7_9h30m,46.9900016784668,69.97000122070312,77.36000061035156,67.61000061035156,62.90999984741211,66.37999725341797,66.16000366210938,68.33999633789062,67.62999725341797
31.csv_Day7_10h00m,61.650001525878906,71.48999786376953,82.11000061035156,74.61000061035156,71.48999786376953,73.94000244140625,71.94000244140625,75.13999938964844,73.86000061035156
31.csv_Day7_10h30m,62.779998779296875,73.41999816894531,87.33999633789062,79.01000213623047,77.83999633789062,80.13999938964844,76.20999908447266,79.37999725341797,78.7300033569336
31.csv_Day7_11h00m,65.88999938964844,77.83999633789062,87.0999984741211,81.69000244140625,80.91000366210938,83.12999725341797,81.0999984741211,82.68000030517578,82.25
31.csv_Day7_11h30m,66.8499984741211,78.56999969482422,89.11000061035156,83.44999694824219,82.43000030517578,84.81999969482422,83.02999877929688,84.58000183105469,84.11000061035156
31.csv_Day7_12h00m,67.5,75.27999877929688,93.58000183105469,84.12000274658203,83.63999938964844,85.44000244140625,83.88999938964844,85.08999633789062,84.94999694824219
31.csv_Day7_12h30m,58.220001220703125,70.05000305175781,93.13999938964844,83.30000305175781,84.62999725341797,83.73999786376953,82.58999633789062,84.3499984741211,83.4000015258789
31.csv_Day7_13h00m,57.33000183105469,70.45999908447266,85.2699966430664,75.43000030517578,78.11000061035156,81.61000061035156,81.77999877929688,79.86000061035156,80.4800033569336
31.csv_Day7_13h30m,54.099998474121094,42.189998626708984,70.86000061035156,65.01000213623047,67.55000305175781,41.68000030517578,72.4800033569336,74.83999633789062,76.9000015258789
31.csv_Day7_14h00m,55.15999984741211,31.770000457763672,67.43000030517578,55.04999923706055,67.76000213623047,60.790000915527344,65.7699966430664,68.19999694824219,71.69000244140625
31.csv_Day7_14h30m,48.900001525878906,35.52000045776367,60.72999954223633,56.220001220703125,58.599998474121094,54.279998779296875,60.650001525878906,61.4900016784668,65.6500015258789
31.csv_Day7_15h00m,26.8700008392334,15.609999656677246,48.439998626708984,45.119998931884766,54.40999984741211,31.40999984741211,51.689998626708984,53.18000030517578,57.2400016784668
31.csv_Day7_15h30m,22.649999618530273,27.700000762939453,38.779998779296875,43.72999954223633,46.619998931884766,21.729999542236328,44.79999923706055,48.02000045776367,49.43000030517578
31.csv_Day7_16h00m,20.469999313354492,10.390000343322754,33.15999984741211,24.040000915527344,33.47999954223633,19.969999313354492,33.04999923706055,37.900001525878906,40.900001525878906
31.csv_Day7_16h30m,15.75,5.949999809265137,24.81999969482422,19.549999237060547,27.860000610351562,21.940000534057617,27.420000076293945,29.670000076293945,29.90999984741211
31.csv_Day7_17h00m,6.309999942779541,8.65999984741211,16.829999923706055,7.53000020980835,18.739999771118164,19.100000381469727,18.229999542236328,20.829999923706055,19.270000457763672
31.csv_Day7_17h30m,4.440000057220459,5.400000095367432,8.40999984741211,5.429999828338623,11.550000190734863,10.520000457763672,11.170000076293945,12.630000114440918,11.5
31.csv_Day7_18h00m,0.9599999785423279,2.069999933242798,2.990000009536743,3.5399999618530273,4.349999904632568,4.070000171661377,4.03000020980835,4.369999885559082,4.079999923706055
31.csv_Day7_18h30m,0.0,0.0,0.0,0.0,0.0,0.0,0.0,0.0,0.0
31.csv_Day7_19h00m,0.0,0.0,0.0,0.0,0.0,0.0,0.0,0.0,0.0
31.csv_Day7_19h30m,0.0,0.0,0.0,0.0,0.0,0.0,0.0,0.0,0.0
31.csv_Day7_20h00m,0.0,0.0,0.0,0.0,0.0,0.0,0.0,0.0,0.0
31.csv_Day7_20h30m,0.0,0.0,0.0,0.0,0.0,0.0,0.0,0.0,0.0
31.csv_Day7_21h00m,0.0,0.0,0.0,0.0,0.0,0.0,0.0,0.0,0.0
31.csv_Day7_21h30m,0.0,0.0,0.0,0.0,0.0,0.0,0.0,0.0,0.0
31.csv_Day7_22h00m,0.0,0.0,0.0,0.0,0.0,0.0,0.0,0.0,0.0
31.csv_Day7_22h30m,0.0,0.0,0.0,0.0,0.0,0.0,0.0,0.0,0.0
31.csv_Day7_23h00m,0.0,0.0,0.0,0.0,0.0,0.0,0.0,0.0,0.0
31.csv_Day7_23h30m,0.0,0.0,0.0,0.0,0.0,0.0,0.0,0.0,0.0
31.csv_Day8_0h00m,0.0,0.0,0.0,0.0,0.0,0.0,0.0,0.0,0.0
31.csv_Day8_0h30m,0.0,0.0,0.0,0.0,0.0,0.0,0.0,0.0,0.0
31.csv_Day8_1h00m,0.0,0.0,0.0,0.0,0.0,0.0,0.0,0.0,0.0
31.csv_Day8_1h30m,0.0,0.0,0.0,0.0,0.0,0.0,0.0,0.0,0.0
31.csv_Day8_2h00m,0.0,0.0,0.0,0.0,0.0,0.0,0.0,0.0,0.0
31.csv_Day8_2h30m,0.0,0.0,0.0,0.0,0.0,0.0,0.0,0.0,0.0
31.csv_Day8_3h00m,0.0,0.0,0.0,0.0,0.0,0.0,0.0,0.0,0.0
31.csv_Day8_3h30m,0.0,0.0,0.0,0.0,0.0,0.0,0.0,0.0,0.0
31.csv_Day8_4h00m,0.0,0.0,0.0,0.0,0.0,0.0,0.0,0.0,0.0
31.csv_Day8_4h30m,0.0,0.0,0.0,0.0,0.0,0.0,0.0,0.0,0.0
31.csv_Day8_5h00m,0.0,0.0,0.0,0.0,0.0,0.0,0.0,0.0,0.0
31.csv_Day8_5h30m,0.0,0.0,0.0,0.0,0.0,0.0,0.0,0.0,0.0
31.csv_Day8_6h00m,1.059999942779541,1.6699999570846558,3.25,3.0899999141693115,4.289999961853027,3.9600000381469727,4.739999771118164,4.510000228881836,4.619999885559082
31.csv_Day8_6h30m,3.2799999713897705,4.489999771118164,7.429999828338623,9.380000114440918,10.5600004196167,11.0,12.039999961853027,12.34000015258789,12.59000015258789
31.csv_Day8_7h00m,4.440000057220459,6.710000038146973,16.709999084472656,20.489999771118164,20.239999771118164,20.010000228881836,20.350000381469727,21.780000686645508,22.65999984741211
31.csv_Day8_7h30m,2.2200000286102295,22.899999618530273,26.760000228881836,29.760000228881836,30.260000228881836,31.15999984741211,31.329999923706055,33.029998779296875,32.86000061035156
31.csv_Day8_8h00m,1.9500000476837158,31.520000457763672,17.09000015258789,40.31999969482422,37.7400016784668,38.709999084472656,39.43000030517578,41.58000183105469,42.29999923706055
31.csv_Day8_8h30m,1.2999999523162842,45.34000015258789,31.219999313354492,49.38999938964844,46.27000045776367,50.18000030517578,49.630001068115234,51.130001068115234,51.279998779296875
31.csv_Day8_9h00m,2.3299999237060547,60.15999984741211,51.2599983215332,59.279998779296875,53.7599983215332,60.060001373291016,58.52000045776367,59.88999938964844,60.380001068115234
31.csv_Day8_9h30m,7.940000057220459,70.36000061035156,59.02000045776367,67.20999908447266,62.959999084472656,68.33999633789062,65.56999969482422,67.2699966430664,67.5999984741211
31.csv_Day8_10h00m,52.18000030517578,71.88999938964844,63.59000015258789,74.16000366210938,71.55000305175781,75.0999984741211,71.30000305175781,73.69000244140625,73.83000183105469
31.csv_Day8_10h30m,57.310001373291016,73.83999633789062,68.11000061035156,78.52999877929688,77.9000015258789,79.88999938964844,75.52999877929688,78.66999816894531,78.69999694824219
31.csv_Day8_11h00m,60.779998779296875,78.27999877929688,74.3499984741211,81.19000244140625,80.97000122070312,84.76000213623047,80.38999938964844,82.1500015258789,82.22000122070312
31.csv_Day8_11h30m,61.380001068115234,79.01000213623047,77.05000305175781,82.94999694824219,82.48999786376953,86.73999786376953,82.29000091552734,84.0199966430664,84.06999969482422
31.csv_Day8_12h00m,64.41000366210938,75.70999908447266,80.5999984741211,83.61000061035156,83.69999694824219,88.1500015258789,83.1500015258789,84.93000030517578,84.91999816894531
31.csv_Day8_12h30m,58.40999984741211,70.44000244140625,79.86000061035156,82.80000305175781,84.69000244140625,84.12000274658203,81.86000061035156,83.37000274658203,83.37000274658203
31.csv_Day8_13h00m,61.369998931884766,70.86000061035156,79.6500015258789,74.9800033569336,78.16999816894531,79.93000030517578,81.05999755859375,80.48999786376953,80.44999694824219
31.csv_Day8_13h30m,26.520000457763672,42.43000030517578,70.19000244140625,64.62000274658203,67.5999984741211,71.31999969482422,71.83000183105469,74.37999725341797,76.86000061035156
31.csv_Day8_14h00m,22.780000686645508,31.950000762939453,60.47999954223633,54.720001220703125,67.80999755859375,67.41999816894531,65.18000030517578,67.47000122070312,71.66000366210938
31.csv_Day8_14h30m,23.799999237060547,35.720001220703125,54.61000061035156,55.880001068115234,58.63999938964844,61.369998931884766,60.099998474121094,62.560001373291016,65.62000274658203
31.csv_Day8_15h00m,3.680000066757202,15.699999809265137,47.75,44.849998474121094,54.45000076293945,45.689998626708984,51.209999084472656,53.38999938964844,57.220001220703125
31.csv_Day8_15h30m,2.5299999713897705,27.860000610351562,44.099998474121094,43.470001220703125,46.65999984741211,15.770000457763672,44.380001068115234,46.61000061035156,49.40999984741211
31.csv_Day8_16h00m,2.819999933242798,10.449999809265137,34.84000015258789,23.899999618530273,33.5,16.75,32.720001220703125,35.61000061035156,40.880001068115234
31.csv_Day8_16h30m,0.28999999165534973,5.980000019073486,26.280000686645508,19.43000030517578,27.8799991607666,6.590000152587891,27.149999618530273,27.920000076293945,29.889999389648438
31.csv_Day8_17h00m,1.3700000047683716,8.710000038146973,18.239999771118164,7.480000019073486,18.75,13.829999923706055,18.040000915527344,20.280000686645508,19.260000228881836
31.csv_Day8_17h30m,3.1500000953674316,5.429999828338623,11.75,5.389999866485596,11.5600004196167,11.0,11.029999732971191,11.270000457763672,11.489999771118164
31.csv_Day8_18h00m,1.149999976158142,2.0799999237060547,3.3399999141693115,3.5199999809265137,4.360000133514404,3.6500000953674316,4.0,3.9600000381469727,4.079999923706055
31.csv_Day8_18h30m,0.0,0.0,0.0,0.0,0.0,0.0,0.0,0.0,0.0
31.csv_Day8_19h00m,0.0,0.0,0.0,0.0,0.0,0.0,0.0,0.0,0.0
31.csv_Day8_19h30m,0.0,0.0,0.0,0.0,0.0,0.0,0.0,0.0,0.0
31.csv_Day8_20h00m,0.0,0.0,0.0,0.0,0.0,0.0,0.0,0.0,0.0
31.csv_Day8_20h30m,0.0,0.0,0.0,0.0,0.0,0.0,0.0,0.0,0.0
31.csv_Day8_21h00m,0.0,0.0,0.0,0.0,0.0,0.0,0.0,0.0,0.0
31.csv_Day8_21h30m,0.0,0.0,0.0,0.0,0.0,0.0,0.0,0.0,0.0
31.csv_Day8_22h00m,0.0,0.0,0.0,0.0,0.0,0.0,0.0,0.0,0.0
31.csv_Day8_22h30m,0.0,0.0,0.0,0.0,0.0,0.0,0.0,0.0,0.0
31.csv_Day8_23h00m,0.0,0.0,0.0,0.0,0.0,0.0,0.0,0.0,0.0
31.csv_Day8_23h30m,0.0,0.0,0.0,0.0,0.0,0.0,0.0,0.0,0.0
32.csv_Day7_0h00m,0.0,0.0,0.0,0.0,0.0,0.0,0.0,0.0,0.0
32.csv_Day7_0h30m,0.0,0.0,0.0,0.0,0.0,0.0,0.0,0.0,0.0
32.csv_Day7_1h00m,0.0,0.0,0.0,0.0,0.0,0.0,0.0,0.0,0.0
32.csv_Day7_1h30m,0.0,0.0,0.0,0.0,0.0,0.0,0.0,0.0,0.0
32.csv_Day7_2h00m,0.0,0.0,0.0,0.0,0.0,0.0,0.0,0.0,0.0
32.csv_Day7_2h30m,0.0,0.0,0.0,0.0,0.0,0.0,0.0,0.0,0.0
32.csv_Day7_3h00m,0.0,0.0,0.0,0.0,0.0,0.0,0.0,0.0,0.0
32.csv_Day7_3h30m,0.0,0.0,0.0,0.0,0.0,0.0,0.0,0.0,0.0
32.csv_Day7_4h00m,0.0,0.0,0.0,0.0,0.0,0.0,0.0,0.0,0.0
32.csv_Day7_4h30m,0.0,0.0,0.0,0.0,0.0,0.0,0.0,0.0,0.0
32.csv_Day7_5h00m,0.0,0.0,0.0,0.0,0.0,0.0,0.0,0.0,0.0
32.csv_Day7_5h30m,0.0,0.0,0.0,0.0,0.0,0.0,0.0,0.0,0.0
32.csv_Day7_6h00m,0.0,0.0,0.0,0.0,0.0,0.0,0.0,0.0,0.0
32.csv_Day7_6h30m,0.0,0.0,0.0,0.0,0.0,0.0,0.0,0.0,0.0
32.csv_Day7_7h00m,0.9599999785423279,2.140000104904175,1.5399999618530273,5.71999979019165,5.340000152587891,4.71999979019165,4.940000057220459,6.75,6.019999980926514
32.csv_Day7_7h30m,0.7300000190734863,3.4000000953674316,7.929999828338623,10.789999961853027,13.930000305175781,9.989999771118164,12.5,13.8100004196167,14.050000190734863
32.csv_Day7_8h00m,2.6600000858306885,10.6899995803833,15.319999694824219,14.779999732971191,22.31999969482422,19.56999969482422,21.84000015258789,23.030000686645508,22.649999618530273
32.csv_Day7_8h30m,5.699999809265137,20.489999771118164,11.989999771118164,25.68000030517578,29.610000610351562,28.239999771118164,27.389999389648438,32.16999816894531,30.059999465942383
32.csv_Day7_9h00m,5.489999771118164,19.030000686645508,14.8100004196167,26.350000381469727,35.86000061035156,36.459999084472656,35.34000015258789,37.779998779296875,37.04999923706055
32.csv_Day7_9h30m,17.899999618530273,21.010000228881836,34.900001525878906,27.690000534057617,34.0,41.380001068115234,40.65999984741211,42.06999969482422,41.66999816894531
32.csv_Day7_10h00m,27.229999542236328,32.45000076293945,40.63999938964844,37.220001220703125,28.110000610351562,48.33000183105469,48.029998779296875,50.189998626708984,47.79999923706055
32.csv_Day7_10h30m,16.440000534057617,30.260000228881836,41.5099983215332,23.719999313354492,50.52000045776367,51.0099983215332,51.95000076293945,52.15999984741211,52.13999938964844
32.csv_Day7_11h00m,18.110000610351562,34.13999938964844,43.7599983215332,25.200000762939453,41.58000183105469,54.0099983215332,58.599998474121094,57.40999984741211,58.5099983215332
32.csv_Day7_11h30m,29.510000228881836,40.54999923706055,43.849998474121094,31.270000457763672,40.880001068115234,55.52000045776367,58.880001068115234,59.2400016784668,59.25
32.csv_Day7_12h00m,40.7599983215332,42.61000061035156,51.2400016784668,37.619998931884766,31.760000228881836,51.54999923706055,59.290000915527344,60.25,59.34000015258789
32.csv_Day7_12h30m,37.4900016784668,42.83000183105469,49.79999923706055,32.5099983215332,26.59000015258789,46.61000061035156,57.0099983215332,58.060001373291016,57.470001220703125
32.csv_Day7_13h00m,28.290000915527344,35.869998931884766,46.709999084472656,28.440000534057617,47.47999954223633,45.65999984741211,54.16999816894531,55.959999084472656,54.70000076293945
32.csv_Day7_13h30m,32.939998626708984,39.43000030517578,42.20000076293945,32.869998931884766,30.100000381469727,35.25,50.650001525878906,51.45000076293945,51.150001525878906
32.csv_Day7_14h00m,37.22999954223633,35.33000183105469,37.66999816894531,39.380001068115234,41.650001525878906,42.650001525878906,44.65999984741211,46.189998626708984,45.2599983215332
32.csv_Day7_14h30m,35.790000915527344,31.59000015258789,34.0,35.31999969482422,38.63999938964844,37.790000915527344,37.439998626708984,40.43000030517578,38.88999938964844
32.csv_Day7_15h00m,21.469999313354492,15.670000076293945,7.039999961853027,28.309999465942383,29.65999984741211,29.389999389648438,28.809999465942383,30.350000381469727,30.639999389648438
32.csv_Day7_15h30m,1.9299999475479126,9.4399995803833,3.6600000858306885,18.1200008392334,21.440000534057617,19.780000686645508,20.5,19.420000076293945,22.479999542236328
32.csv_Day7_16h00m,4.989999771118164,8.619999885559082,9.100000381469727,7.510000228881836,13.859999656677246,11.569999694824219,13.350000381469727,11.460000038146973,14.029999732971191
32.csv_Day7_16h30m,1.0,2.7100000381469727,3.990000009536743,3.7699999809265137,4.239999771118164,4.139999866485596,5.349999904632568,5.730000019073486,5.510000228881836
32.csv_Day7_17h00m,0.0,0.0,0.0,0.0,0.0,0.0,0.0,0.0,0.0
32.csv_Day7_17h30m,0.0,0.0,0.0,0.0,0.0,0.0,0.0,0.0,0.0
32.csv_Day7_18h00m,0.0,0.0,0.0,0.0,0.0,0.0,0.0,0.0,0.0
32.csv_Day7_18h30m,0.0,0.0,0.0,0.0,0.0,0.0,0.0,0.0,0.0
32.csv_Day7_19h00m,0.0,0.0,0.0,0.0,0.0,0.0,0.0,0.0,0.0
32.csv_Day7_19h30m,0.0,0.0,0.0,0.0,0.0,0.0,0.0,0.0,0.0
32.csv_Day7_20h00m,0.0,0.0,0.0,0.0,0.0,0.0,0.0,0.0,0.0
32.csv_Day7_20h30m,0.0,0.0,0.0,0.0,0.0,0.0,0.0,0.0,0.0
32.csv_Day7_21h00m,0.0,0.0,0.0,0.0,0.0,0.0,0.0,0.0,0.0
32.csv_Day7_21h30m,0.0,0.0,0.0,0.0,0.0,0.0,0.0,0.0,0.0
32.csv_Day7_22h00m,0.0,0.0,0.0,0.0,0.0,0.0,0.0,0.0,0.0
32.csv_Day7_22h30m,0.0,0.0,0.0,0.0,0.0,0.0,0.0,0.0,0.0
32.csv_Day7_23h00m,0.0,0.0,0.0,0.0,0.0,0.0,0.0,0.0,0.0
32.csv_Day7_23h30m,0.0,0.0,0.0,0.0,0.0,0.0,0.0,0.0,0.0
32.csv_Day8_0h00m,0.0,0.0,0.0,0.0,0.0,0.0,0.0,0.0,0.0
32.csv_Day8_0h30m,0.0,0.0,0.0,0.0,0.0,0.0,0.0,0.0,0.0
32.csv_Day8_1h00m,0.0,0.0,0.0,0.0,0.0,0.0,0.0,0.0,0.0
32.csv_Day8_1h30m,0.0,0.0,0.0,0.0,0.0,0.0,0.0,0.0,0.0
32.csv_Day8_2h00m,0.0,0.0,0.0,0.0,0.0,0.0,0.0,0.0,0.0
32.csv_Day8_2h30m,0.0,0.0,0.0,0.0,0.0,0.0,0.0,0.0,0.0
32.csv_Day8_3h00m,0.0,0.0,0.0,0.0,0.0,0.0,0.0,0.0,0.0
32.csv_Day8_3h30m,0.0,0.0,0.0,0.0,0.0,0.0,0.0,0.0,0.0
32.csv_Day8_4h00m,0.0,0.0,0.0,0.0,0.0,0.0,0.0,0.0,0.0
32.csv_Day8_4h30m,0.0,0.0,0.0,0.0,0.0,0.0,0.0,0.0,0.0
32.csv_Day8_5h00m,0.0,0.0,0.0,0.0,0.0,0.0,0.0,0.0,0.0
32.csv_Day8_5h30m,0.0,0.0,0.0,0.0,0.0,0.0,0.0,0.0,0.0
32.csv_Day8_6h00m,0.0,0.0,0.0,0.0,0.0,0.0,0.0,0.0,0.0
32.csv_Day8_6h30m,0.0,0.0,0.0,0.0,0.0,0.0,0.0,0.0,0.0
32.csv_Day8_7h00m,3.7699999809265137,2.1500000953674316,2.2799999713897705,5.679999828338623,5.340000152587891,5.420000076293945,4.980000019073486,7.550000190734863,6.019999980926514
32.csv_Day8_7h30m,8.270000457763672,3.4200000762939453,9.4399995803833,10.729999542236328,13.9399995803833,12.390000343322754,12.859999656677246,16.079999923706055,14.050000190734863
32.csv_Day8_8h00m,12.510000228881836,10.75,19.790000915527344,14.6899995803833,22.34000015258789,21.520000457763672,22.690000534057617,25.040000915527344,22.639999389648438
32.csv_Day8_8h30m,14.739999771118164,20.610000610351562,27.860000610351562,25.520000457763672,29.6299991607666,27.84000015258789,28.25,32.380001068115234,30.049999237060547
32.csv_Day8_9h00m,14.109999656677246,19.1299991607666,31.549999237060547,26.190000534057617,35.88999938964844,38.2599983215332,36.650001525878906,38.130001068115234,37.029998779296875
32.csv_Day8_9h30m,14.449999809265137,21.1299991607666,21.100000381469727,27.520000457763672,34.029998779296875,37.91999816894531,40.81999969482422,37.45000076293945,41.650001525878906
32.csv_Day8_10h00m,17.690000534057617,32.630001068115234,22.899999618530273,37.0,28.139999389648438,48.099998474121094,47.59000015258789,42.83000183105469,47.779998779296875
32.csv_Day8_10h30m,23.010000228881836,30.43000030517578,21.959999084472656,23.56999969482422,50.54999923706055,52.040000915527344,51.47999954223633,50.93000030517578,52.119998931884766
32.csv_Day8_11h00m,33.34000015258789,34.33000183105469,36.970001220703125,25.049999237060547,41.61000061035156,59.90999984741211,58.06999969482422,58.31999969482422,58.47999954223633
32.csv_Day8_11h30m,37.68000030517578,40.77000045776367,34.209999084472656,31.079999923706055,40.90999984741211,60.970001220703125,58.349998474121094,60.310001373291016,59.22999954223633
32.csv_Day8_12h00m,24.100000381469727,42.849998474121094,35.540000915527344,37.400001525878906,31.790000915527344,55.65999984741211,58.75,60.66999816894531,59.31999969482422
32.csv_Day8_12h30m,22.09000015258789,43.06999969482422,35.2599983215332,32.310001373291016,26.6200008392334,56.2599983215332,56.4900016784668,58.04999923706055,57.45000076293945
32.csv_Day8_13h00m,17.90999984741211,36.06999969482422,19.25,28.270000457763672,47.52000045776367,53.13999938964844,53.68000030517578,56.22999954223633,54.68000030517578
32.csv_Day8_13h30m,25.389999389648438,39.65999984741211,31.799999237060547,32.66999816894531,30.1200008392334,49.75,50.189998626708984,50.90999984741211,51.130001068115234
32.csv_Day8_14h00m,27.790000915527344,35.529998779296875,33.52000045776367,39.13999938964844,41.68000030517578,44.52000045776367,44.25,45.290000915527344,45.2400016784668
32.csv_Day8_14h30m,25.6299991607666,31.770000457763672,29.149999618530273,35.11000061035156,38.66999816894531,37.7400016784668,37.08000183105469,38.9900016784668,38.880001068115234
32.csv_Day8_15h00m,15.770000457763672,15.75,24.850000381469727,28.139999389648438,29.68000030517578,28.8799991607666,28.530000686645508,30.299999237060547,30.6299991607666
32.csv_Day8_15h30m,8.510000228881836,9.489999771118164,17.489999771118164,18.010000228881836,21.450000762939453,20.010000228881836,20.290000915527344,22.239999771118164,22.469999313354492
32.csv_Day8_16h00m,7.440000057220459,8.670000076293945,10.350000381469727,7.460000038146973,13.869999885559082,11.600000381469727,13.199999809265137,14.300000190734863,14.029999732971191
32.csv_Day8_16h30m,2.190000057220459,2.7300000190734863,3.5,3.75,4.239999771118164,3.9700000286102295,5.260000228881836,5.349999904632568,5.510000228881836
32.csv_Day8_17h00m,0.0,0.0,0.0,0.0,0.0,0.0,0.0,0.0,0.0
32.csv_Day8_17h30m,0.0,0.0,0.0,0.0,0.0,0.0,0.0,0.0,0.0
32.csv_Day8_18h00m,0.0,0.0,0.0,0.0,0.0,0.0,0.0,0.0,0.0
32.csv_Day8_18h30m,0.0,0.0,0.0,0.0,0.0,0.0,0.0,0.0,0.0
32.csv_Day8_19h00m,0.0,0.0,0.0,0.0,0.0,0.0,0.0,0.0,0.0
32.csv_Day8_19h30m,0.0,0.0,0.0,0.0,0.0,0.0,0.0,0.0,0.0
32.csv_Day8_20h00m,0.0,0.0,0.0,0.0,0.0,0.0,0.0,0.0,0.0
32.csv_Day8_20h30m,0.0,0.0,0.0,0.0,0.0,0.0,0.0,0.0,0.0
32.csv_Day8_21h00m,0.0,0.0,0.0,0.0,0.0,0.0,0.0,0.0,0.0
32.csv_Day8_21h30m,0.0,0.0,0.0,0.0,0.0,0.0,0.0,0.0,0.0
32.csv_Day8_22h00m,0.0,0.0,0.0,0.0,0.0,0.0,0.0,0.0,0.0
32.csv_Day8_22h30m,0.0,0.0,0.0,0.0,0.0,0.0,0.0,0.0,0.0
32.csv_Day8_23h00m,0.0,0.0,0.0,0.0,0.0,0.0,0.0,0.0,0.0
32.csv_Day8_23h30m,0.0,0.0,0.0,0.0,0.0,0.0,0.0,0.0,0.0
33.csv_Day7_0h00m,0.0,0.0,0.0,0.0,0.0,0.0,0.0,0.0,0.0
33.csv_Day7_0h30m,0.0,0.0,0.0,0.0,0.0,0.0,0.0,0.0,0.0
33.csv_Day7_1h00m,0.0,0.0,0.0,0.0,0.0,0.0,0.0,0.0,0.0
33.csv_Day7_1h30m,0.0,0.0,0.0,0.0,0.0,0.0,0.0,0.0,0.0
33.csv_Day7_2h00m,0.0,0.0,0.0,0.0,0.0,0.0,0.0,0.0,0.0
33.csv_Day7_2h30m,0.0,0.0,0.0,0.0,0.0,0.0,0.0,0.0,0.0
33.csv_Day7_3h00m,0.0,0.0,0.0,0.0,0.0,0.0,0.0,0.0,0.0
33.csv_Day7_3h30m,0.0,0.0,0.0,0.0,0.0,0.0,0.0,0.0,0.0
33.csv_Day7_4h00m,0.0,0.0,0.0,0.0,0.0,0.0,0.0,0.0,0.0
33.csv_Day7_4h30m,0.0,0.0,0.0,0.0,0.0,0.0,0.0,0.0,0.0
33.csv_Day7_5h00m,0.0,0.0,0.0,0.0,0.0,0.0,0.0,0.0,0.0
33.csv_Day7_5h30m,0.8899999856948853,1.5299999713897705,1.440000057220459,2.200000047683716,2.630000114440918,2.5199999809265137,5.210000038146973,4.449999809265137,5.210000038146973
33.csv_Day7_6h00m,0.5199999809265137,3.680000066757202,4.539999961853027,4.909999847412109,2.1500000953674316,5.050000190734863,8.479999542236328,9.770000457763672,11.59000015258789
33.csv_Day7_6h30m,10.09000015258789,5.699999809265137,10.680000305175781,8.029999732971191,4.0,14.149999618530273,13.949999809265137,16.940000534057617,20.31999969482422
33.csv_Day7_7h00m,10.579999923706055,14.430000305175781,16.110000610351562,18.989999771118164,16.540000915527344,27.75,25.030000686645508,29.350000381469727,30.8799991607666
33.csv_Day7_7h30m,11.119999885559082,15.399999618530273,23.43000030517578,21.979999542236328,21.059999465942383,35.099998474121094,33.41999816894531,38.4900016784668,40.61000061035156
33.csv_Day7_8h00m,14.140000343322754,21.59000015258789,21.670000076293945,31.260000228881836,30.059999465942383,36.630001068115234,43.7599983215332,47.75,51.119998931884766
33.csv_Day7_8h30m,9.949999809265137,32.06999969482422,16.6200008392334,52.02000045776367,36.869998931884766,33.29999923706055,54.83000183105469,53.65999984741211,61.40999984741211
33.csv_Day7_9h00m,10.369999885559082,34.52000045776367,18.1200008392334,65.93000030517578,34.939998626708984,42.58000183105469,61.650001525878906,61.540000915527344,69.62999725341797
33.csv_Day7_9h30m,10.15999984741211,40.650001525878906,49.83000183105469,72.43000030517578,61.59000015258789,66.70999908447266,71.58000183105469,70.55999755859375,76.04000091552734
33.csv_Day7_10h00m,37.13999938964844,60.56999969482422,69.80999755859375,80.87000274658203,79.30999755859375,79.8499984741211,84.02999877929688,81.62999725341797,82.9000015258789
33.csv_Day7_10h30m,54.2599983215332,70.87000274658203,75.12999725341797,87.23999786376953,86.0,85.37000274658203,88.73999786376953,87.94999694824219,87.76000213623047
33.csv_Day7_11h00m,57.18000030517578,70.86000061035156,76.12999725341797,88.37999725341797,81.83000183105469,87.77999877929688,88.5,91.0,90.83000183105469
33.csv_Day7_11h30m,59.529998779296875,72.81999969482422,78.9800033569336,92.77999877929688,86.33999633789062,90.80000305175781,90.94999694824219,93.54000091552734,93.0199966430664
33.csv_Day7_12h00m,57.959999084472656,70.80999755859375,76.83000183105469,90.45999908447266,85.4800033569336,90.26000213623047,92.93000030517578,94.27999877929688,93.11000061035156
33.csv_Day7_12h30m,51.34000015258789,65.33000183105469,81.0,93.11000061035156,90.1500015258789,83.77999877929688,92.8499984741211,89.56999969482422,91.79000091552734
33.csv_Day7_13h00m,46.709999084472656,54.849998474121094,73.0999984741211,88.4000015258789,84.55999755859375,81.54000091552734,85.29000091552734,87.11000061035156,89.55999755859375
33.csv_Day7_13h30m,41.380001068115234,44.54999923706055,25.479999542236328,84.5199966430664,79.33999633789062,70.79000091552734,85.33999633789062,84.93000030517578,85.81999969482422
33.csv_Day7_14h00m,18.799999237060547,15.800000190734863,19.209999084472656,58.4900016784668,73.62999725341797,64.20999908447266,78.0,78.55999755859375,78.66000366210938
33.csv_Day7_14h30m,6.300000190734863,10.84000015258789,13.859999656677246,20.639999389648438,52.4900016784668,61.439998626708984,69.36000061035156,69.77999877929688,71.5
33.csv_Day7_15h00m,16.5,10.119999885559082,31.34000015258789,40.310001373291016,39.529998779296875,47.31999969482422,61.84000015258789,64.30999755859375,64.0
33.csv_Day7_15h30m,28.510000228881836,8.380000114440918,48.470001220703125,42.310001373291016,43.540000915527344,50.41999816894531,55.400001525878906,55.02000045776367,54.63999938964844
33.csv_Day7_16h00m,21.059999465942383,8.170000076293945,43.47999954223633,36.310001373291016,39.0099983215332,45.650001525878906,46.54999923706055,44.59000015258789,47.709999084472656
33.csv_Day7_16h30m,18.399999618530273,10.630000114440918,35.06999969482422,30.020000457763672,32.13999938964844,36.5,38.099998474121094,37.59000015258789,40.58000183105469
33.csv_Day7_17h00m,12.460000038146973,7.039999961853027,24.889999389648438,20.110000610351562,25.84000015258789,23.809999465942383,28.399999618530273,28.540000915527344,29.709999084472656
33.csv_Day7_17h30m,12.350000381469727,3.819999933242798,11.579999923706055,14.0600004196167,20.979999542236328,19.920000076293945,19.90999984741211,20.469999313354492,20.530000686645508
33.csv_Day7_18h00m,1.1200000047683716,4.110000133514404,6.28000020980835,9.979999542236328,11.100000381469727,10.9399995803833,9.739999771118164,10.09000015258789,11.260000228881836
33.csv_Day7_18h30m,0.0,1.5,1.659999966621399,2.1700000762939453,2.319999933242798,3.069999933242798,3.5899999141693115,3.3299999237060547,4.409999847412109
33.csv_Day7_19h00m,0.0,0.0,0.0,0.0,0.0,0.0,0.0,0.0,0.0
33.csv_Day7_19h30m,0.0,0.0,0.0,0.0,0.0,0.0,0.0,0.0,0.0
33.csv_Day7_20h00m,0.0,0.0,0.0,0.0,0.0,0.0,0.0,0.0,0.0
33.csv_Day7_20h30m,0.0,0.0,0.0,0.0,0.0,0.0,0.0,0.0,0.0
33.csv_Day7_21h00m,0.0,0.0,0.0,0.0,0.0,0.0,0.0,0.0,0.0
33.csv_Day7_21h30m,0.0,0.0,0.0,0.0,0.0,0.0,0.0,0.0,0.0
33.csv_Day7_22h00m,0.0,0.0,0.0,0.0,0.0,0.0,0.0,0.0,0.0
33.csv_Day7_22h30m,0.0,0.0,0.0,0.0,0.0,0.0,0.0,0.0,0.0
33.csv_Day7_23h00m,0.0,0.0,0.0,0.0,0.0,0.0,0.0,0.0,0.0
33.csv_Day7_23h30m,0.0,0.0,0.0,0.0,0.0,0.0,0.0,0.0,0.0
33.csv_Day8_0h00m,0.0,0.0,0.0,0.0,0.0,0.0,0.0,0.0,0.0
33.csv_Day8_0h30m,0.0,0.0,0.0,0.0,0.0,0.0,0.0,0.0,0.0
33.csv_Day8_1h00m,0.0,0.0,0.0,0.0,0.0,0.0,0.0,0.0,0.0
33.csv_Day8_1h30m,0.0,0.0,0.0,0.0,0.0,0.0,0.0,0.0,0.0
33.csv_Day8_2h00m,0.0,0.0,0.0,0.0,0.0,0.0,0.0,0.0,0.0
33.csv_Day8_2h30m,0.0,0.0,0.0,0.0,0.0,0.0,0.0,0.0,0.0
33.csv_Day8_3h00m,0.0,0.0,0.0,0.0,0.0,0.0,0.0,0.0,0.0
33.csv_Day8_3h30m,0.0,0.0,0.0,0.0,0.0,0.0,0.0,0.0,0.0
33.csv_Day8_4h00m,0.0,0.0,0.0,0.0,0.0,0.0,0.0,0.0,0.0
33.csv_Day8_4h30m,0.0,0.0,0.0,0.0,0.0,0.0,0.0,0.0,0.0
33.csv_Day8_5h00m,0.0,0.0,0.0,0.0,0.0,0.0,0.0,0.0,0.0
33.csv_Day8_5h30m,0.9300000071525574,1.5399999618530273,1.5399999618530273,2.180000066757202,2.630000114440918,2.2699999809265137,5.28000020980835,4.619999885559082,5.210000038146973
33.csv_Day8_6h00m,1.5700000524520874,3.700000047683716,3.0299999713897705,4.880000114440918,2.1600000858306885,5.340000152587891,8.369999885559082,10.670000076293945,11.579999923706055
33.csv_Day8_6h30m,11.4399995803833,5.730000019073486,1.649999976158142,7.980000019073486,4.0,6.679999828338623,14.1899995803833,18.079999923706055,20.309999465942383
33.csv_Day8_7h00m,15.710000038146973,14.510000228881836,1.9800000190734863,18.8799991607666,16.559999465942383,18.139999389648438,25.90999984741211,28.420000076293945,30.8700008392334
33.csv_Day8_7h30m,13.0600004196167,15.479999542236328,2.4700000286102295,21.850000381469727,21.079999923706055,31.43000030517578,34.65999984741211,37.90999984741211,40.59000015258789
33.csv_Day8_8h00m,4.159999847412109,21.709999084472656,9.069999694824219,31.06999969482422,30.079999923706055,48.599998474121094,45.33000183105469,50.650001525878906,51.09000015258789
33.csv_Day8_8h30m,9.970000267028809,32.25,28.3799991607666,51.709999084472656,36.900001525878906,55.529998779296875,56.959999084472656,57.45000076293945,61.38999938964844
33.csv_Day8_9h00m,11.59000015258789,34.709999084472656,44.189998626708984,65.52999877929688,34.970001220703125,64.76000213623047,64.22000122070312,64.94999694824219,69.5999984741211
33.csv_Day8_9h30m,30.559999465942383,40.880001068115234,50.90999984741211,71.98999786376953,61.63999938964844,69.16000366210938,74.18000030517578,73.0999984741211,76.01000213623047
33.csv_Day8_10h00m,26.700000762939453,60.90999984741211,63.810001373291016,80.37999725341797,79.37000274658203,71.94000244140625,83.2699966430664,81.63999938964844,82.87000274658203
33.csv_Day8_10h30m,31.81999969482422,71.2699966430664,64.79000091552734,86.70999908447266,86.05999755859375,73.1500015258789,87.94000244140625,86.81999969482422,87.72000122070312
33.csv_Day8_11h00m,33.349998474121094,71.26000213623047,59.099998474121094,87.8499984741211,81.88999938964844,59.540000915527344,91.7300033569336,89.61000061035156,90.79000091552734
33.csv_Day8_11h30m,31.459999084472656,73.2300033569336,68.66999816894531,92.22000122070312,86.41000366210938,63.869998931884766,93.19000244140625,91.97000122070312,92.9800033569336
33.csv_Day8_12h00m,33.5,71.20999908447266,68.87000274658203,89.91999816894531,85.55000305175781,53.189998626708984,92.11000061035156,93.55000305175781,93.06999969482422
33.csv_Day8_12h30m,49.52000045776367,65.69999694824219,76.5,92.55000305175781,90.20999908447266,80.58000183105469,94.33999633789062,89.43000030517578,91.75
33.csv_Day8_13h00m,52.88999938964844,55.15999984741211,74.76000213623047,87.87000274658203,84.62000274658203,43.720001220703125,85.56999969482422,87.26000213623047,89.5199966430664
33.csv_Day8_13h30m,50.91999816894531,44.79999923706055,73.58999633789062,84.01000213623047,79.4000015258789,72.12999725341797,86.56999969482422,87.01000213623047,85.77999877929688
33.csv_Day8_14h00m,43.380001068115234,15.890000343322754,56.68000030517578,58.13999938964844,73.68000030517578,63.380001068115234,77.30000305175781,79.12999725341797,78.62999725341797
33.csv_Day8_14h30m,24.829999923706055,10.90999984741211,46.31999969482422,20.510000228881836,52.529998779296875,13.470000267028809,68.75,69.75,71.47000122070312
33.csv_Day8_15h00m,15.25,10.180000305175781,38.04999923706055,40.06999969482422,39.560001373291016,28.479999542236328,64.12999725341797,64.29000091552734,63.970001220703125
33.csv_Day8_15h30m,7.460000038146973,8.430000305175781,22.309999465942383,42.04999923706055,43.56999969482422,48.619998931884766,57.70000076293945,55.040000915527344,54.619998931884766
33.csv_Day8_16h00m,15.779999732971191,8.220000267028809,18.760000228881836,36.09000015258789,39.040000915527344,37.2400016784668,48.619998931884766,45.2599983215332,47.689998626708984
33.csv_Day8_16h30m,15.819999694824219,10.6899995803833,27.540000915527344,29.84000015258789,32.15999984741211,13.930000305175781,39.54999923706055,39.189998626708984,40.560001373291016
33.csv_Day8_17h00m,13.3100004196167,7.079999923706055,22.1200008392334,19.989999771118164,25.860000610351562,16.520000457763672,29.309999465942383,29.719999313354492,29.700000762939453
33.csv_Day8_17h30m,10.869999885559082,3.8399999141693115,17.829999923706055,13.970000267028809,21.0,20.40999984741211,20.469999313354492,21.489999771118164,20.520000457763672
33.csv_Day8_18h00m,1.9199999570846558,4.139999866485596,9.09000015258789,9.920000076293945,11.109999656677246,11.239999771118164,9.850000381469727,10.9399995803833,11.260000228881836
33.csv_Day8_18h30m,0.05999999865889549,1.5099999904632568,2.0199999809265137,2.1500000953674316,2.319999933242798,2.5999999046325684,3.559999942779541,3.4200000762939453,4.409999847412109
33.csv_Day8_19h00m,0.0,0.0,0.0,0.0,0.0,0.0,0.0,0.0,0.0
33.csv_Day8_19h30m,0.0,0.0,0.0,0.0,0.0,0.0,0.0,0.0,0.0
33.csv_Day8_20h00m,0.0,0.0,0.0,0.0,0.0,0.0,0.0,0.0,0.0
33.csv_Day8_20h30m,0.0,0.0,0.0,0.0,0.0,0.0,0.0,0.0,0.0
33.csv_Day8_21h00m,0.0,0.0,0.0,0.0,0.0,0.0,0.0,0.0,0.0
33.csv_Day8_21h30m,0.0,0.0,0.0,0.0,0.0,0.0,0.0,0.0,0.0
33.csv_Day8_22h00m,0.0,0.0,0.0,0.0,0.0,0.0,0.0,0.0,0.0
33.csv_Day8_22h30m,0.0,0.0,0.0,0.0,0.0,0.0,0.0,0.0,0.0
33.csv_Day8_23h00m,0.0,0.0,0.0,0.0,0.0,0.0,0.0,0.0,0.0
33.csv_Day8_23h30m,0.0,0.0,0.0,0.0,0.0,0.0,0.0,0.0,0.0
34.csv_Day7_0h00m,0.0,0.0,0.0,0.0,0.0,0.0,0.0,0.0,0.0
34.csv_Day7_0h30m,0.0,0.0,0.0,0.0,0.0,0.0,0.0,0.0,0.0
34.csv_Day7_1h00m,0.0,0.0,0.0,0.0,0.0,0.0,0.0,0.0,0.0
34.csv_Day7_1h30m,0.0,0.0,0.0,0.0,0.0,0.0,0.0,0.0,0.0
34.csv_Day7_2h00m,0.0,0.0,0.0,0.0,0.0,0.0,0.0,0.0,0.0
34.csv_Day7_2h30m,0.0,0.0,0.0,0.0,0.0,0.0,0.0,0.0,0.0
34.csv_Day7_3h00m,0.0,0.0,0.0,0.0,0.0,0.0,0.0,0.0,0.0
34.csv_Day7_3h30m,0.0,0.0,0.0,0.0,0.0,0.0,0.0,0.0,0.0
34.csv_Day7_4h00m,0.0,0.0,0.0,0.0,0.0,0.0,0.0,0.0,0.0
34.csv_Day7_4h30m,0.0,0.0,0.0,0.0,0.0,0.0,0.0,0.0,0.0
34.csv_Day7_5h00m,0.0,0.0,0.0,0.0,0.0,0.0,0.0,0.0,0.0
34.csv_Day7_5h30m,0.0,0.0,0.0,0.0,0.0,0.0,0.0,0.0,0.0
34.csv_Day7_6h00m,0.0,0.0,0.0,0.0,0.0,0.0,0.0,0.0,0.0
34.csv_Day7_6h30m,0.0,0.0,0.0,0.0,0.0,0.0,0.0,0.0,0.0
34.csv_Day7_7h00m,0.0,0.0,0.0,0.0,0.0,0.0,0.0,0.0,0.0
34.csv_Day7_7h30m,0.0,0.0,0.0,0.0,2.009999990463257,0.0,0.0,3.1700000762939453,0.0
34.csv_Day7_8h00m,3.0,4.480000019073486,6.0,8.6899995803833,11.079999923706055,6.159999847412109,7.230000019073486,9.819999694824219,6.75
34.csv_Day7_8h30m,15.229999542236328,8.550000190734863,12.170000076293945,16.610000610351562,15.760000228881836,11.789999961853027,14.420000076293945,16.670000076293945,15.010000228881836
34.csv_Day7_9h00m,18.030000686645508,13.84000015258789,16.110000610351562,20.459999084472656,15.699999809265137,20.280000686645508,19.299999237060547,20.139999389648438,22.309999465942383
34.csv_Day7_9h30m,20.610000610351562,13.319999694824219,21.34000015258789,27.520000457763672,20.56999969482422,28.09000015258789,27.860000610351562,29.0,30.530000686645508
34.csv_Day7_10h00m,23.06999969482422,20.270000457763672,25.8700008392334,31.469999313354492,20.399999618530273,32.15999984741211,35.41999816894531,32.790000915527344,37.0099983215332
34.csv_Day7_10h30m,27.979999542236328,21.309999465942383,29.81999969482422,39.86000061035156,30.860000610351562,38.93000030517578,44.20000076293945,39.220001220703125,43.5
34.csv_Day7_11h00m,31.3700008392334,23.170000076293945,31.93000030517578,42.150001525878906,34.06999969482422,41.25,47.369998931884766,42.88999938964844,46.560001373291016
34.csv_Day7_11h30m,33.72999954223633,28.100000381469727,35.130001068115234,44.58000183105469,33.599998474121094,44.13999938964844,48.86000061035156,45.11000061035156,49.0099983215332
34.csv_Day7_12h00m,34.689998626708984,30.420000076293945,34.72999954223633,47.029998779296875,36.25,45.56999969482422,49.97999954223633,46.5099983215332,50.5
34.csv_Day7_12h30m,35.209999084472656,31.969999313354492,35.83000183105469,46.45000076293945,35.630001068115234,42.27000045776367,49.459999084472656,46.63999938964844,50.33000183105469
34.csv_Day7_13h00m,34.349998474121094,33.81999969482422,33.810001373291016,45.130001068115234,31.459999084472656,38.459999084472656,47.779998779296875,46.22999954223633,48.63999938964844
34.csv_Day7_13h30m,35.119998931884766,32.810001373291016,32.939998626708984,35.65999984741211,27.690000534057617,34.720001220703125,44.88999938964844,43.90999984741211,45.38999938964844
34.csv_Day7_14h00m,31.3700008392334,28.760000228881836,30.700000762939453,34.70000076293945,29.559999465942383,22.93000030517578,39.5,38.279998779296875,40.70000076293945
34.csv_Day7_14h30m,22.290000915527344,26.520000457763672,10.989999771118164,26.459999084472656,27.0,10.34000015258789,34.209999084472656,33.33000183105469,34.90999984741211
34.csv_Day7_15h00m,18.559999465942383,16.450000762939453,12.649999618530273,20.549999237060547,23.690000534057617,19.549999237060547,26.610000610351562,28.489999771118164,28.40999984741211
34.csv_Day7_15h30m,15.399999618530273,6.119999885559082,12.069999694824219,16.5,20.770000457763672,19.5,19.530000686645508,22.389999389648438,21.280000686645508
34.csv_Day7_16h00m,4.929999828338623,5.670000076293945,2.4800000190734863,9.4399995803833,13.399999618530273,12.960000038146973,12.6899995803833,13.960000038146973,14.050000190734863
34.csv_Day7_16h30m,2.8299999237060547,2.4700000286102295,2.7100000381469727,3.390000104904175,4.340000152587891,2.9600000381469727,6.420000076293945,5.809999942779541,6.21999979019165
34.csv_Day7_17h00m,0.0,0.0,0.0,0.0,0.0,0.0,0.07000000029802322,1.350000023841858,0.0
34.csv_Day7_17h30m,0.0,0.0,0.0,0.0,0.0,0.0,0.0,0.0,0.0
34.csv_Day7_18h00m,0.0,0.0,0.0,0.0,0.0,0.0,0.0,0.0,0.0
34.csv_Day7_18h30m,0.0,0.0,0.0,0.0,0.0,0.0,0.0,0.0,0.0
34.csv_Day7_19h00m,0.0,0.0,0.0,0.0,0.0,0.0,0.0,0.0,0.0
34.csv_Day7_19h30m,0.0,0.0,0.0,0.0,0.0,0.0,0.0,0.0,0.0
34.csv_Day7_20h00m,0.0,0.0,0.0,0.0,0.0,0.0,0.0,0.0,0.0
34.csv_Day7_20h30m,0.0,0.0,0.0,0.0,0.0,0.0,0.0,0.0,0.0
34.csv_Day7_21h00m,0.0,0.0,0.0,0.0,0.0,0.0,0.0,0.0,0.0
34.csv_Day7_21h30m,0.0,0.0,0.0,0.0,0.0,0.0,0.0,0.0,0.0
34.csv_Day7_22h00m,0.0,0.0,0.0,0.0,0.0,0.0,0.0,0.0,0.0
34.csv_Day7_22h30m,0.0,0.0,0.0,0.0,0.0,0.0,0.0,0.0,0.0
34.csv_Day7_23h00m,0.0,0.0,0.0,0.0,0.0,0.0,0.0,0.0,0.0
34.csv_Day7_23h30m,0.0,0.0,0.0,0.0,0.0,0.0,0.0,0.0,0.0
34.csv_Day8_0h00m,0.0,0.0,0.0,0.0,0.0,0.0,0.0,0.0,0.0
34.csv_Day8_0h30m,0.0,0.0,0.0,0.0,0.0,0.0,0.0,0.0,0.0
34.csv_Day8_1h00m,0.0,0.0,0.0,0.0,0.0,0.0,0.0,0.0,0.0
34.csv_Day8_1h30m,0.0,0.0,0.0,0.0,0.0,0.0,0.0,0.0,0.0
34.csv_Day8_2h00m,0.0,0.0,0.0,0.0,0.0,0.0,0.0,0.0,0.0
34.csv_Day8_2h30m,0.0,0.0,0.0,0.0,0.0,0.0,0.0,0.0,0.0
34.csv_Day8_3h00m,0.0,0.0,0.0,0.0,0.0,0.0,0.0,0.0,0.0
34.csv_Day8_3h30m,0.0,0.0,0.0,0.0,0.0,0.0,0.0,0.0,0.0
34.csv_Day8_4h00m,0.0,0.0,0.0,0.0,0.0,0.0,0.0,0.0,0.0
34.csv_Day8_4h30m,0.0,0.0,0.0,0.0,0.0,0.0,0.0,0.0,0.0
34.csv_Day8_5h00m,0.0,0.0,0.0,0.0,0.0,0.0,0.0,0.0,0.0
34.csv_Day8_5h30m,0.0,0.0,0.0,0.0,0.0,0.0,0.0,0.0,0.0
34.csv_Day8_6h00m,0.0,0.0,0.0,0.0,0.0,0.0,0.0,0.0,0.0
34.csv_Day8_6h30m,0.0,0.0,0.0,0.0,0.0,0.0,0.0,0.0,0.0
34.csv_Day8_7h00m,0.0,0.0,0.0,0.0,0.0,0.0,0.0,0.0,0.0
34.csv_Day8_7h30m,0.0,0.0,0.0,0.0,2.009999990463257,0.0,0.0,1.190000057220459,0.0
34.csv_Day8_8h00m,4.360000133514404,4.5,7.889999866485596,8.640000343322754,11.09000015258789,8.600000381469727,7.429999828338623,5.130000114440918,6.739999771118164
34.csv_Day8_8h30m,6.380000114440918,8.600000381469727,10.470000267028809,16.510000228881836,15.779999732971191,14.050000190734863,14.270000457763672,12.34000015258789,15.0
34.csv_Day8_9h00m,5.639999866485596,13.920000076293945,10.369999885559082,20.34000015258789,15.720000267028809,15.149999618530273,19.100000381469727,18.43000030517578,22.299999237060547
34.csv_Day8_9h30m,11.0600004196167,13.399999618530273,16.299999237060547,27.360000610351562,20.59000015258789,23.530000686645508,27.59000015258789,28.059999465942383,30.520000457763672
34.csv_Day8_10h00m,15.699999809265137,20.3799991607666,18.670000076293945,31.280000686645508,20.420000076293945,20.8799991607666,35.09000015258789,32.0,37.0
34.csv_Day8_10h30m,19.90999984741211,21.43000030517578,24.770000457763672,39.619998931884766,30.889999389648438,32.2400016784668,43.79999923706055,40.43000030517578,43.47999954223633
34.csv_Day8_11h00m,22.329999923706055,23.299999237060547,25.530000686645508,41.88999938964844,34.099998474121094,36.880001068115234,46.939998626708984,44.20000076293945,46.540000915527344
34.csv_Day8_11h30m,24.760000228881836,28.260000228881836,32.810001373291016,44.31999969482422,33.619998931884766,41.970001220703125,48.40999984741211,46.43000030517578,48.9900016784668
34.csv_Day8_12h00m,26.139999389648438,30.59000015258789,35.25,46.75,36.279998779296875,43.5,49.52000045776367,48.31999969482422,50.470001220703125
34.csv_Day8_12h30m,25.809999465942383,32.150001525878906,35.15999984741211,46.16999816894531,35.650001525878906,42.130001068115234,49.0,48.58000183105469,50.310001373291016
34.csv_Day8_13h00m,25.670000076293945,34.0099983215332,33.720001220703125,44.86000061035156,31.479999542236328,40.72999954223633,47.34000015258789,47.209999084472656,48.619998931884766
34.csv_Day8_13h30m,26.309999465942383,32.9900016784668,29.31999969482422,35.45000076293945,27.709999084472656,37.54999923706055,44.470001220703125,43.779998779296875,45.369998931884766
34.csv_Day8_14h00m,22.520000457763672,28.920000076293945,29.079999923706055,34.4900016784668,29.59000015258789,32.779998779296875,39.130001068115234,38.439998626708984,40.689998626708984
34.csv_Day8_14h30m,19.06999969482422,26.670000076293945,24.959999084472656,26.299999237060547,27.020000457763672,23.760000228881836,33.880001068115234,31.829999923706055,34.88999938964844
34.csv_Day8_15h00m,18.709999084472656,16.540000915527344,21.56999969482422,20.420000076293945,23.709999084472656,25.670000076293945,26.350000381469727,27.209999084472656,28.399999618530273
34.csv_Day8_15h30m,14.970000267028809,6.159999847412109,17.84000015258789,16.399999618530273,20.790000915527344,19.280000686645508,19.31999969482422,20.940000534057617,21.270000457763672
34.csv_Day8_16h00m,5.630000114440918,5.699999809265137,9.680000305175781,9.390000343322754,13.40999984741211,14.369999885559082,12.539999961853027,12.399999618530273,14.039999961853027
34.csv_Day8_16h30m,0.7799999713897705,2.490000009536743,2.7799999713897705,3.369999885559082,4.340000152587891,3.5299999713897705,6.320000171661377,5.179999828338623,6.21999979019165
34.csv_Day8_17h00m,0.0,0.0,0.0,0.0,0.0,0.0,0.07000000029802322,1.3300000429153442,0.0
34.csv_Day8_17h30m,0.0,0.0,0.0,0.0,0.0,0.0,0.0,0.0,0.0
34.csv_Day8_18h00m,0.0,0.0,0.0,0.0,0.0,0.0,0.0,0.0,0.0
34.csv_Day8_18h30m,0.0,0.0,0.0,0.0,0.0,0.0,0.0,0.0,0.0
34.csv_Day8_19h00m,0.0,0.0,0.0,0.0,0.0,0.0,0.0,0.0,0.0
34.csv_Day8_19h30m,0.0,0.0,0.0,0.0,0.0,0.0,0.0,0.0,0.0
34.csv_Day8_20h00m,0.0,0.0,0.0,0.0,0.0,0.0,0.0,0.0,0.0
34.csv_Day8_20h30m,0.0,0.0,0.0,0.0,0.0,0.0,0.0,0.0,0.0
34.csv_Day8_21h00m,0.0,0.0,0.0,0.0,0.0,0.0,0.0,0.0,0.0
34.csv_Day8_21h30m,0.0,0.0,0.0,0.0,0.0,0.0,0.0,0.0,0.0
34.csv_Day8_22h00m,0.0,0.0,0.0,0.0,0.0,0.0,0.0,0.0,0.0
34.csv_Day8_22h30m,0.0,0.0,0.0,0.0,0.0,0.0,0.0,0.0,0.0
34.csv_Day8_23h00m,0.0,0.0,0.0,0.0,0.0,0.0,0.0,0.0,0.0
34.csv_Day8_23h30m,0.0,0.0,0.0,0.0,0.0,0.0,0.0,0.0,0.0
35.csv_Day7_0h00m,0.0,0.0,0.0,0.0,0.0,0.0,0.0,0.0,0.0
35.csv_Day7_0h30m,0.0,0.0,0.0,0.0,0.0,0.0,0.0,0.0,0.0
35.csv_Day7_1h00m,0.0,0.0,0.0,0.0,0.0,0.0,0.0,0.0,0.0
35.csv_Day7_1h30m,0.0,0.0,0.0,0.0,0.0,0.0,0.0,0.0,0.0
35.csv_Day7_2h00m,0.0,0.0,0.0,0.0,0.0,0.0,0.0,0.0,0.0
35.csv_Day7_2h30m,0.0,0.0,0.0,0.0,0.0,0.0,0.0,0.0,0.0
35.csv_Day7_3h00m,0.0,0.0,0.0,0.0,0.0,0.0,0.0,0.0,0.0
35.csv_Day7_3h30m,0.0,0.0,0.0,0.0,0.0,0.0,0.0,0.0,0.0
35.csv_Day7_4h00m,0.0,0.0,0.0,0.0,0.0,0.0,0.0,0.0,0.0
35.csv_Day7_4h30m,0.0,0.0,0.0,0.0,0.0,0.0,0.0,0.0,0.0
35.csv_Day7_5h00m,0.0,0.0,0.0,0.0,0.0,0.0,0.0,0.0,0.0
35.csv_Day7_5h30m,0.0,0.0,0.0,0.0,0.0,0.0,0.0,0.0,0.0
35.csv_Day7_6h00m,0.0,0.0,0.0,0.8899999856948853,1.5099999904632568,0.7200000286102295,0.9599999785423279,1.100000023841858,0.6499999761581421
35.csv_Day7_6h30m,0.0,0.2199999988079071,2.859999895095825,3.5399999618530273,4.329999923706055,5.889999866485596,6.840000152587891,10.930000305175781,9.489999771118164
35.csv_Day7_7h00m,3.4000000953674316,2.569999933242798,10.779999732971191,13.960000038146973,19.719999313354492,9.569999694824219,12.350000381469727,17.079999923706055,18.18000030517578
35.csv_Day7_7h30m,4.809999942779541,13.010000228881836,8.899999618530273,17.600000381469727,25.780000686645508,11.050000190734863,18.559999465942383,24.15999984741211,26.530000686645508
35.csv_Day7_8h00m,12.479999542236328,18.270000457763672,10.819999694824219,29.34000015258789,26.309999465942383,23.65999984741211,29.790000915527344,31.420000076293945,38.099998474121094
35.csv_Day7_8h30m,9.899999618530273,13.100000381469727,13.649999618530273,24.049999237060547,25.389999389648438,13.270000457763672,41.0,35.560001373291016,45.970001220703125
35.csv_Day7_9h00m,12.0600004196167,15.399999618530273,32.65999984741211,19.389999389648438,32.68000030517578,14.569999694824219,48.709999084472656,48.18000030517578,53.81999969482422
35.csv_Day7_9h30m,10.479999542236328,28.219999313354492,56.119998931884766,19.010000228881836,43.040000915527344,14.609999656677246,60.0099983215332,62.790000915527344,68.11000061035156
35.csv_Day7_10h00m,15.300000190734863,31.25,64.86000061035156,27.06999969482422,49.5,17.239999771118164,65.56999969482422,68.80000305175781,75.83999633789062
35.csv_Day7_10h30m,11.989999771118164,19.110000610351562,53.779998779296875,48.529998779296875,48.869998931884766,13.739999771118164,65.86000061035156,66.02999877929688,73.83999633789062
35.csv_Day7_11h00m,14.449999809265137,26.059999465942383,63.7400016784668,52.43000030517578,55.91999816894531,14.6899995803833,68.41000366210938,69.26000213623047,76.88999938964844
35.csv_Day7_11h30m,31.940000534057617,41.65999984741211,79.5999984741211,36.779998779296875,68.31999969482422,17.899999618530273,79.94000244140625,80.0199966430664,84.87000274658203
35.csv_Day7_12h00m,36.70000076293945,40.16999816894531,81.2699966430664,27.670000076293945,70.02999877929688,18.760000228881836,82.23999786376953,80.80000305175781,85.58000183105469
35.csv_Day7_12h30m,36.41999816894531,39.470001220703125,80.0199966430664,35.43000030517578,70.6500015258789,19.31999969482422,82.19999694824219,80.73999786376953,85.37000274658203
35.csv_Day7_13h00m,26.3799991607666,39.380001068115234,80.08999633789062,14.710000038146973,69.4800033569336,38.16999816894531,78.70999908447266,78.55999755859375,82.83000183105469
35.csv_Day7_13h30m,27.170000076293945,39.34000015258789,68.45999908447266,29.56999969482422,67.5199966430664,21.549999237060547,76.5999984741211,75.5,78.62000274658203
35.csv_Day7_14h00m,15.9399995803833,39.58000183105469,48.34000015258789,18.200000762939453,58.29999923706055,17.959999084472656,73.33999633789062,70.7699966430664,75.37000274658203
35.csv_Day7_14h30m,34.0,27.399999618530273,29.309999465942383,12.699999809265137,52.720001220703125,17.549999237060547,69.04000091552734,67.04000091552734,69.80999755859375
35.csv_Day7_15h00m,17.31999969482422,26.84000015258789,16.450000762939453,14.25,43.099998474121094,17.549999237060547,62.20000076293945,60.81999969482422,62.43000030517578
35.csv_Day7_15h30m,10.40999984741211,25.6200008392334,13.699999809265137,22.510000228881836,34.5,22.399999618530273,52.779998779296875,49.599998474121094,53.27000045776367
35.csv_Day7_16h00m,3.7200000286102295,17.799999237060547,7.75,19.790000915527344,31.239999771118164,22.559999465942383,42.459999084472656,39.060001373291016,43.27000045776367
35.csv_Day7_16h30m,2.680000066757202,13.319999694824219,2.8499999046325684,12.199999809265137,22.149999618530273,11.100000381469727,33.52000045776367,32.33000183105469,34.13999938964844
35.csv_Day7_17h00m,5.619999885559082,6.579999923706055,2.8399999141693115,18.350000381469727,21.809999465942383,8.90999984741211,21.790000915527344,21.170000076293945,23.469999313354492
35.csv_Day7_17h30m,4.71999979019165,2.869999885559082,5.010000228881836,11.579999923706055,12.0,10.989999771118164,13.229999542236328,13.029999732971191,13.369999885559082
35.csv_Day7_18h00m,0.1899999976158142,1.1399999856948853,1.25,2.430000066757202,2.7799999713897705,3.4600000381469727,4.489999771118164,3.299999952316284,4.900000095367432
35.csv_Day7_18h30m,0.0,0.0,0.0,0.0,0.0,0.0,0.0,0.0,0.0
35.csv_Day7_19h00m,0.0,0.0,0.0,0.0,0.0,0.0,0.0,0.0,0.0
35.csv_Day7_19h30m,0.0,0.0,0.0,0.0,0.0,0.0,0.0,0.0,0.0
35.csv_Day7_20h00m,0.0,0.0,0.0,0.0,0.0,0.0,0.0,0.0,0.0
35.csv_Day7_20h30m,0.0,0.0,0.0,0.0,0.0,0.0,0.0,0.0,0.0
35.csv_Day7_21h00m,0.0,0.0,0.0,0.0,0.0,0.0,0.0,0.0,0.0
35.csv_Day7_21h30m,0.0,0.0,0.0,0.0,0.0,0.0,0.0,0.0,0.0
35.csv_Day7_22h00m,0.0,0.0,0.0,0.0,0.0,0.0,0.0,0.0,0.0
35.csv_Day7_22h30m,0.0,0.0,0.0,0.0,0.0,0.0,0.0,0.0,0.0
35.csv_Day7_23h00m,0.0,0.0,0.0,0.0,0.0,0.0,0.0,0.0,0.0
35.csv_Day7_23h30m,0.0,0.0,0.0,0.0,0.0,0.0,0.0,0.0,0.0
35.csv_Day8_0h00m,0.0,0.0,0.0,0.0,0.0,0.0,0.0,0.0,0.0
35.csv_Day8_0h30m,0.0,0.0,0.0,0.0,0.0,0.0,0.0,0.0,0.0
35.csv_Day8_1h00m,0.0,0.0,0.0,0.0,0.0,0.0,0.0,0.0,0.0
35.csv_Day8_1h30m,0.0,0.0,0.0,0.0,0.0,0.0,0.0,0.0,0.0
35.csv_Day8_2h00m,0.0,0.0,0.0,0.0,0.0,0.0,0.0,0.0,0.0
35.csv_Day8_2h30m,0.0,0.0,0.0,0.0,0.0,0.0,0.0,0.0,0.0
35.csv_Day8_3h00m,0.0,0.0,0.0,0.0,0.0,0.0,0.0,0.0,0.0
35.csv_Day8_3h30m,0.0,0.0,0.0,0.0,0.0,0.0,0.0,0.0,0.0
35.csv_Day8_4h00m,0.0,0.0,0.0,0.0,0.0,0.0,0.0,0.0,0.0
35.csv_Day8_4h30m,0.0,0.0,0.0,0.0,0.0,0.0,0.0,0.0,0.0
35.csv_Day8_5h00m,0.0,0.0,0.0,0.0,0.0,0.0,0.0,0.0,0.0
35.csv_Day8_5h30m,0.0,0.0,0.0,0.0,0.0,0.0,0.0,0.0,0.0
35.csv_Day8_6h00m,0.0,0.0,0.0,0.8899999856948853,1.5099999904632568,1.0299999713897705,1.0199999809265137,0.699999988079071,0.6499999761581421
35.csv_Day8_6h30m,0.0,0.2199999988079071,2.5299999713897705,3.5199999809265137,4.329999923706055,5.070000171661377,6.880000114440918,11.710000038146973,9.479999542236328
35.csv_Day8_7h00m,2.819999933242798,2.5799999237060547,8.079999923706055,13.880000114440918,19.739999771118164,15.069999694824219,12.1899995803833,20.709999084472656,18.170000076293945
35.csv_Day8_7h30m,2.940000057220459,13.079999923706055,19.6299991607666,17.5,25.799999237060547,21.889999389648438,18.360000610351562,27.600000381469727,26.520000457763672
35.csv_Day8_8h00m,5.389999866485596,18.3700008392334,31.290000915527344,29.15999984741211,26.329999923706055,32.720001220703125,30.799999237060547,34.58000183105469,38.08000183105469
35.csv_Day8_8h30m,18.649999618530273,13.180000305175781,32.86000061035156,23.899999618530273,25.40999984741211,42.58000183105469,42.349998474121094,32.06999969482422,45.95000076293945
35.csv_Day8_9h00m,17.540000915527344,15.479999542236328,36.439998626708984,19.270000457763672,32.70000076293945,49.959999084472656,49.4900016784668,41.61000061035156,53.79999923706055
35.csv_Day8_9h30m,3.9100000858306885,28.3799991607666,46.290000915527344,18.899999618530273,43.08000183105469,37.599998474121094,60.91999816894531,58.63999938964844,68.08000183105469
35.csv_Day8_10h00m,5.360000133514404,31.43000030517578,40.65999984741211,26.899999618530273,49.540000915527344,37.599998474121094,67.91999816894531,63.2599983215332,75.80999755859375
35.csv_Day8_10h30m,11.109999656677246,19.219999313354492,51.22999954223633,48.2400016784668,48.900001525878906,57.9900016784668,65.27999877929688,56.34000015258789,73.80999755859375
35.csv_Day8_11h00m,5.070000171661377,26.200000762939453,52.150001525878906,52.119998931884766,55.959999084472656,53.040000915527344,67.80999755859375,57.4900016784668,76.86000061035156
35.csv_Day8_11h30m,6.269999980926514,41.88999938964844,74.30999755859375,36.54999923706055,68.37999725341797,53.119998931884766,79.2300033569336,69.87999725341797,84.83000183105469
35.csv_Day8_12h00m,5.690000057220459,40.38999938964844,79.91999816894531,27.510000228881836,70.08000183105469,54.650001525878906,81.51000213623047,70.61000061035156,85.54000091552734
35.csv_Day8_12h30m,6.46999979019165,39.689998626708984,78.73999786376953,35.209999084472656,70.70999908447266,51.439998626708984,81.45999908447266,71.2699966430664,85.33000183105469
35.csv_Day8_13h00m,5.400000095367432,39.599998474121094,75.51000213623047,14.619999885559082,69.52999877929688,50.06999969482422,78.01000213623047,70.36000061035156,82.79000091552734
35.csv_Day8_13h30m,8.329999923706055,39.560001373291016,68.05000305175781,29.399999618530273,67.58000183105469,66.41000366210938,75.91999816894531,69.27999877929688,78.58000183105469
35.csv_Day8_14h00m,7.840000152587891,39.810001373291016,63.0099983215332,18.09000015258789,58.34000015258789,59.349998474121094,72.68000030517578,68.33999633789062,75.33999633789062
35.csv_Day8_14h30m,8.4399995803833,27.549999237060547,58.689998626708984,12.619999885559082,52.7599983215332,60.279998779296875,68.41999816894531,67.29000091552734,69.77999877929688
35.csv_Day8_15h00m,10.329999923706055,27.0,48.02000045776367,14.15999984741211,43.130001068115234,56.689998626708984,61.63999938964844,61.52000045776367,62.400001525878906
35.csv_Day8_15h30m,13.34000015258789,25.770000457763672,42.0099983215332,22.3700008392334,34.52000045776367,48.5,52.29999923706055,51.52000045776367,53.25
35.csv_Day8_16h00m,20.719999313354492,17.899999618530273,26.56999969482422,19.670000076293945,31.270000457763672,40.119998931884766,42.060001373291016,41.72999954223633,43.25
35.csv_Day8_16h30m,17.479999542236328,13.399999618530273,21.200000762939453,12.130000114440918,22.15999984741211,32.45000076293945,33.20000076293945,32.45000076293945,34.130001068115234
35.csv_Day8_17h00m,4.449999809265137,6.619999885559082,12.949999809265137,18.239999771118164,21.81999969482422,21.09000015258789,21.559999465942383,21.6299991607666,23.459999084472656
35.csv_Day8_17h30m,4.599999904632568,2.890000104904175,4.300000190734863,11.510000228881836,12.010000228881836,10.9399995803833,13.069999694824219,13.229999542236328,13.369999885559082
35.csv_Day8_18h00m,0.47999998927116394,1.1399999856948853,1.590000033378601,2.4100000858306885,2.7799999713897705,3.259999990463257,4.489999771118164,3.380000114440918,4.900000095367432
35.csv_Day8_18h30m,0.0,0.0,0.0,0.0,0.0,0.0,0.0,0.0,0.0
35.csv_Day8_19h00m,0.0,0.0,0.0,0.0,0.0,0.0,0.0,0.0,0.0
35.csv_Day8_19h30m,0.0,0.0,0.0,0.0,0.0,0.0,0.0,0.0,0.0
35.csv_Day8_20h00m,0.0,0.0,0.0,0.0,0.0,0.0,0.0,0.0,0.0
35.csv_Day8_20h30m,0.0,0.0,0.0,0.0,0.0,0.0,0.0,0.0,0.0
35.csv_Day8_21h00m,0.0,0.0,0.0,0.0,0.0,0.0,0.0,0.0,0.0
35.csv_Day8_21h30m,0.0,0.0,0.0,0.0,0.0,0.0,0.0,0.0,0.0
35.csv_Day8_22h00m,0.0,0.0,0.0,0.0,0.0,0.0,0.0,0.0,0.0
35.csv_Day8_22h30m,0.0,0.0,0.0,0.0,0.0,0.0,0.0,0.0,0.0
35.csv_Day8_23h00m,0.0,0.0,0.0,0.0,0.0,0.0,0.0,0.0,0.0
35.csv_Day8_23h30m,0.0,0.0,0.0,0.0,0.0,0.0,0.0,0.0,0.0
36.csv_Day7_0h00m,0.0,0.0,0.0,0.0,0.0,0.0,0.0,0.0,0.0
36.csv_Day7_0h30m,0.0,0.0,0.0,0.0,0.0,0.0,0.0,0.0,0.0
36.csv_Day7_1h00m,0.0,0.0,0.0,0.0,0.0,0.0,0.0,0.0,0.0
36.csv_Day7_1h30m,0.0,0.0,0.0,0.0,0.0,0.0,0.0,0.0,0.0
36.csv_Day7_2h00m,0.0,0.0,0.0,0.0,0.0,0.0,0.0,0.0,0.0
36.csv_Day7_2h30m,0.0,0.0,0.0,0.0,0.0,0.0,0.0,0.0,0.0
36.csv_Day7_3h00m,0.0,0.0,0.0,0.0,0.0,0.0,0.0,0.0,0.0
36.csv_Day7_3h30m,0.0,0.0,0.0,0.0,0.0,0.0,0.0,0.0,0.0
36.csv_Day7_4h00m,0.0,0.0,0.0,0.0,0.0,0.0,0.0,0.0,0.0
36.csv_Day7_4h30m,0.0,0.0,0.0,0.0,0.0,0.0,0.0,0.0,0.0
36.csv_Day7_5h00m,0.0,0.0,0.0,0.0,0.0,0.0,0.0,0.0,0.0
36.csv_Day7_5h30m,0.0,0.0,0.0,0.0,1.559999942779541,0.7300000190734863,1.3600000143051147,1.7200000286102295,0.5799999833106995
36.csv_Day7_6h00m,5.119999885559082,1.8899999856948853,6.070000171661377,5.570000171661377,6.199999809265137,6.75,7.449999809265137,7.349999904632568,7.46999979019165
36.csv_Day7_6h30m,9.8100004196167,11.140000343322754,14.539999961853027,13.460000038146973,14.890000343322754,15.449999809265137,15.569999694824219,17.270000457763672,16.43000030517578
36.csv_Day7_7h00m,13.8100004196167,15.319999694824219,26.06999969482422,17.229999542236328,24.3700008392334,25.920000076293945,26.170000076293945,27.040000915527344,26.270000457763672
36.csv_Day7_7h30m,11.420000076293945,32.060001373291016,36.349998474121094,32.0,30.520000457763672,36.38999938964844,36.08000183105469,36.709999084472656,36.38999938964844
36.csv_Day7_8h00m,26.649999618530273,11.9399995803833,28.059999465942383,43.459999084472656,37.81999969482422,43.619998931884766,44.630001068115234,45.369998931884766,45.52000045776367
36.csv_Day7_8h30m,24.610000610351562,23.049999237060547,29.8799991607666,46.70000076293945,51.45000076293945,49.43000030517578,53.31999969482422,52.61000061035156,53.47999954223633
36.csv_Day7_9h00m,34.439998626708984,37.70000076293945,52.790000915527344,50.189998626708984,56.79999923706055,57.529998779296875,61.52000045776367,62.189998626708984,61.25
36.csv_Day7_9h30m,32.95000076293945,28.670000076293945,57.95000076293945,53.790000915527344,58.5,67.88999938964844,67.70999908447266,70.41000366210938,72.16000366210938
36.csv_Day7_10h00m,18.170000076293945,3.9800000190734863,57.630001068115234,53.88999938964844,64.70999908447266,69.38999938964844,74.61000061035156,75.9800033569336,77.66000366210938
36.csv_Day7_10h30m,25.329999923706055,4.980000019073486,61.06999969482422,55.349998474121094,61.77000045776367,68.1500015258789,73.98999786376953,77.36000061035156,77.98999786376953
36.csv_Day7_11h00m,0.9200000166893005,32.459999084472656,51.45000076293945,55.560001373291016,67.98999786376953,48.18000030517578,76.38999938964844,78.25,79.22000122070312
36.csv_Day7_11h30m,3.109999895095825,27.799999237060547,29.459999084472656,40.27000045776367,67.94000244140625,76.83999633789062,75.7300033569336,81.01000213623047,86.94000244140625
36.csv_Day7_12h00m,4.809999942779541,17.0,66.16999816894531,66.55999755859375,73.20999908447266,78.8499984741211,86.55000305175781,87.5,87.51000213623047
36.csv_Day7_12h30m,4.909999847412109,17.34000015258789,58.81999969482422,50.34000015258789,56.029998779296875,68.68000030517578,85.12000274658203,87.05000305175781,87.31999969482422
36.csv_Day7_13h00m,10.5600004196167,10.680000305175781,33.41999816894531,14.289999961853027,50.27000045776367,57.09000015258789,78.93000030517578,81.58999633789062,86.62999725341797
36.csv_Day7_13h30m,10.149999618530273,27.5,41.970001220703125,37.70000076293945,69.12000274658203,64.94000244140625,77.80000305175781,73.43000030517578,78.44999694824219
36.csv_Day7_14h00m,44.400001525878906,56.45000076293945,63.68000030517578,68.44999694824219,80.25,72.43000030517578,77.13999938964844,76.16000366210938,76.62000274658203
36.csv_Day7_14h30m,29.549999237060547,45.4900016784668,53.279998779296875,45.61000061035156,56.150001525878906,55.560001373291016,59.150001525878906,62.20000076293945,64.22000122070312
36.csv_Day7_15h00m,27.549999237060547,35.63999938964844,48.9900016784668,41.09000015258789,43.54999923706055,40.150001525878906,50.540000915527344,57.66999816894531,61.70000076293945
36.csv_Day7_15h30m,28.450000762939453,17.969999313354492,46.130001068115234,45.849998474121094,41.470001220703125,21.110000610351562,44.47999954223633,48.720001220703125,53.560001373291016
36.csv_Day7_16h00m,1.7599999904632568,16.940000534057617,37.06999969482422,38.93000030517578,24.739999771118164,26.579999923706055,40.869998931884766,40.88999938964844,45.43000030517578
36.csv_Day7_16h30m,0.9700000286102295,21.18000030517578,29.360000610351562,24.639999389648438,22.770000457763672,27.299999237060547,32.470001220703125,31.8700008392334,34.83000183105469
36.csv_Day7_17h00m,20.959999084472656,12.729999542236328,25.530000686645508,24.079999923706055,25.200000762939453,22.440000534057617,22.799999237060547,27.229999542236328,27.149999618530273
36.csv_Day7_17h30m,8.770000457763672,7.199999809265137,20.739999771118164,4.320000171661377,9.5600004196167,15.149999618530273,14.170000076293945,15.180000305175781,16.81999969482422
36.csv_Day7_18h00m,0.3499999940395355,2.140000104904175,3.8399999141693115,3.740000009536743,2.6600000858306885,7.010000228881836,8.1899995803833,6.559999942779541,8.239999771118164
36.csv_Day7_18h30m,0.0,0.0,0.0,0.33000001311302185,0.8199999928474426,0.30000001192092896,1.4800000190734863,1.8700000047683716,1.649999976158142
36.csv_Day7_19h00m,0.0,0.0,0.0,0.0,0.0,0.0,0.0,0.0,0.0
36.csv_Day7_19h30m,0.0,0.0,0.0,0.0,0.0,0.0,0.0,0.0,0.0
36.csv_Day7_20h00m,0.0,0.0,0.0,0.0,0.0,0.0,0.0,0.0,0.0
36.csv_Day7_20h30m,0.0,0.0,0.0,0.0,0.0,0.0,0.0,0.0,0.0
36.csv_Day7_21h00m,0.0,0.0,0.0,0.0,0.0,0.0,0.0,0.0,0.0
36.csv_Day7_21h30m,0.0,0.0,0.0,0.0,0.0,0.0,0.0,0.0,0.0
36.csv_Day7_22h00m,0.0,0.0,0.0,0.0,0.0,0.0,0.0,0.0,0.0
36.csv_Day7_22h30m,0.0,0.0,0.0,0.0,0.0,0.0,0.0,0.0,0.0
36.csv_Day7_23h00m,0.0,0.0,0.0,0.0,0.0,0.0,0.0,0.0,0.0
36.csv_Day7_23h30m,0.0,0.0,0.0,0.0,0.0,0.0,0.0,0.0,0.0
36.csv_Day8_0h00m,0.0,0.0,0.0,0.0,0.0,0.0,0.0,0.0,0.0
36.csv_Day8_0h30m,0.0,0.0,0.0,0.0,0.0,0.0,0.0,0.0,0.0
36.csv_Day8_1h00m,0.0,0.0,0.0,0.0,0.0,0.0,0.0,0.0,0.0
36.csv_Day8_1h30m,0.0,0.0,0.0,0.0,0.0,0.0,0.0,0.0,0.0
36.csv_Day8_2h00m,0.0,0.0,0.0,0.0,0.0,0.0,0.0,0.0,0.0
36.csv_Day8_2h30m,0.0,0.0,0.0,0.0,0.0,0.0,0.0,0.0,0.0
36.csv_Day8_3h00m,0.0,0.0,0.0,0.0,0.0,0.0,0.0,0.0,0.0
36.csv_Day8_3h30m,0.0,0.0,0.0,0.0,0.0,0.0,0.0,0.0,0.0
36.csv_Day8_4h00m,0.0,0.0,0.0,0.0,0.0,0.0,0.0,0.0,0.0
36.csv_Day8_4h30m,0.0,0.0,0.0,0.0,0.0,0.0,0.0,0.0,0.0
36.csv_Day8_5h00m,0.0,0.0,0.0,0.0,0.0,0.0,0.0,0.0,0.0
36.csv_Day8_5h30m,0.0,0.0,0.0,0.0,1.559999942779541,0.9100000262260437,1.440000057220459,1.090000033378601,0.5799999833106995
36.csv_Day8_6h00m,4.840000152587891,1.899999976158142,4.449999809265137,5.539999961853027,6.210000038146973,6.690000057220459,7.349999904632568,6.880000114440918,7.460000038146973
36.csv_Day8_6h30m,7.25,11.199999809265137,8.399999618530273,13.380000114440918,14.90999984741211,15.010000228881836,15.399999618530273,16.8700008392334,16.43000030517578
36.csv_Day8_7h00m,11.920000076293945,15.40999984741211,24.950000762939453,17.1299991607666,24.389999389648438,24.950000762939453,25.90999984741211,26.6200008392334,26.260000228881836
36.csv_Day8_7h30m,23.850000381469727,32.2400016784668,33.59000015258789,31.809999465942383,30.549999237060547,35.970001220703125,35.72999954223633,35.70000076293945,36.369998931884766
36.csv_Day8_8h00m,15.949999809265137,12.010000228881836,23.65999984741211,43.20000076293945,37.84000015258789,44.56999969482422,44.220001220703125,45.22999954223633,45.5
36.csv_Day8_8h30m,17.280000686645508,23.18000030517578,29.059999465942383,46.41999816894531,51.4900016784668,53.65999984741211,52.83000183105469,52.869998931884766,53.459999084472656
36.csv_Day8_9h00m,31.90999984741211,37.90999984741211,38.52000045776367,49.88999938964844,56.84000015258789,63.90999984741211,60.970001220703125,61.189998626708984,61.220001220703125
36.csv_Day8_9h30m,31.31999969482422,28.829999923706055,52.5099983215332,53.470001220703125,58.540000915527344,71.76000213623047,67.0999984741211,67.9000015258789,72.12999725341797
36.csv_Day8_10h00m,33.61000061035156,4.010000228881836,59.369998931884766,53.56999969482422,64.76000213623047,78.9000015258789,73.94000244140625,72.79000091552734,77.62000274658203
36.csv_Day8_10h30m,32.310001373291016,5.010000228881836,59.13999938964844,55.02000045776367,61.810001373291016,78.86000061035156,73.33000183105469,72.2699966430664,77.95999908447266
36.csv_Day8_11h00m,21.110000610351562,32.63999938964844,65.33999633789062,55.22999954223633,68.04000091552734,47.41999816894531,76.97000122070312,63.790000915527344,79.18000030517578
36.csv_Day8_11h30m,52.099998474121094,27.959999084472656,81.73999786376953,40.02000045776367,67.98999786376953,68.7699966430664,75.05000305175781,60.5099983215332,86.9000015258789
36.csv_Day8_12h00m,48.47999954223633,17.09000015258789,73.63999938964844,66.16000366210938,73.2699966430664,79.56999969482422,85.80000305175781,74.33000183105469,87.47000122070312
36.csv_Day8_12h30m,40.16999816894531,17.440000534057617,68.2300033569336,50.040000915527344,56.06999969482422,82.16000366210938,84.37999725341797,76.54000091552734,87.27999877929688
36.csv_Day8_13h00m,4.409999847412109,10.739999771118164,33.529998779296875,14.199999809265137,50.310001373291016,73.16999816894531,78.2300033569336,77.55999755859375,86.5999984741211
36.csv_Day8_13h30m,37.349998474121094,27.649999618530273,43.34000015258789,37.47999954223633,69.16999816894531,69.9800033569336,77.12000274658203,68.48999786376953,78.41000366210938
36.csv_Day8_14h00m,36.40999984741211,56.77000045776367,52.9900016784668,68.04000091552734,80.31999969482422,70.37000274658203,76.45999908447266,76.63999938964844,76.58999633789062
36.csv_Day8_14h30m,49.709999084472656,45.7400016784668,59.09000015258789,45.33000183105469,56.189998626708984,58.33000183105469,58.599998474121094,62.81999969482422,64.19000244140625
36.csv_Day8_15h00m,42.54999923706055,35.84000015258789,54.130001068115234,40.84000015258789,43.58000183105469,58.88999938964844,50.060001373291016,60.560001373291016,61.68000030517578
36.csv_Day8_15h30m,33.11000061035156,18.06999969482422,43.61000061035156,45.58000183105469,41.5,54.099998474121094,44.04999923706055,50.869998931884766,53.540000915527344
36.csv_Day8_16h00m,4.800000190734863,17.040000915527344,17.709999084472656,38.689998626708984,24.760000228881836,39.790000915527344,40.47999954223633,37.41999816894531,45.40999984741211
36.csv_Day8_16h30m,1.090000033378601,21.290000915527344,16.200000762939453,24.489999771118164,22.790000915527344,31.639999389648438,32.15999984741211,30.5,34.81999969482422
36.csv_Day8_17h00m,2.5799999237060547,12.8100004196167,12.760000228881836,23.93000030517578,25.219999313354492,23.219999313354492,22.56999969482422,27.34000015258789,27.139999389648438
36.csv_Day8_17h30m,3.4600000381469727,7.239999771118164,12.15999984741211,4.289999961853027,9.569999694824219,16.059999465942383,14.010000228881836,17.3700008392334,16.809999465942383
36.csv_Day8_18h00m,0.6700000166893005,2.1500000953674316,4.809999942779541,3.7200000286102295,2.6600000858306885,7.380000114440918,8.079999923706055,8.34000015258789,8.239999771118164
36.csv_Day8_18h30m,0.0,0.0,0.0,0.33000001311302185,0.8199999928474426,0.23000000417232513,1.559999942779541,2.0299999713897705,1.6399999856948853
36.csv_Day8_19h00m,0.0,0.0,0.0,0.0,0.0,0.0,0.0,0.0,0.0
36.csv_Day8_19h30m,0.0,0.0,0.0,0.0,0.0,0.0,0.0,0.0,0.0
36.csv_Day8_20h00m,0.0,0.0,0.0,0.0,0.0,0.0,0.0,0.0,0.0
36.csv_Day8_20h30m,0.0,0.0,0.0,0.0,0.0,0.0,0.0,0.0,0.0
36.csv_Day8_21h00m,0.0,0.0,0.0,0.0,0.0,0.0,0.0,0.0,0.0
36.csv_Day8_21h30m,0.0,0.0,0.0,0.0,0.0,0.0,0.0,0.0,0.0
36.csv_Day8_22h00m,0.0,0.0,0.0,0.0,0.0,0.0,0.0,0.0,0.0
36.csv_Day8_22h30m,0.0,0.0,0.0,0.0,0.0,0.0,0.0,0.0,0.0
36.csv_Day8_23h00m,0.0,0.0,0.0,0.0,0.0,0.0,0.0,0.0,0.0
36.csv_Day8_23h30m,0.0,0.0,0.0,0.0,0.0,0.0,0.0,0.0,0.0
37.csv_Day7_0h00m,0.0,0.0,0.0,0.0,0.0,0.0,0.0,0.0,0.0
37.csv_Day7_0h30m,0.0,0.0,0.0,0.0,0.0,0.0,0.0,0.0,0.0
37.csv_Day7_1h00m,0.0,0.0,0.0,0.0,0.0,0.0,0.0,0.0,0.0
37.csv_Day7_1h30m,0.0,0.0,0.0,0.0,0.0,0.0,0.0,0.0,0.0
37.csv_Day7_2h00m,0.0,0.0,0.0,0.0,0.0,0.0,0.0,0.0,0.0
37.csv_Day7_2h30m,0.0,0.0,0.0,0.0,0.0,0.0,0.0,0.0,0.0
37.csv_Day7_3h00m,0.0,0.0,0.0,0.0,0.0,0.0,0.0,0.0,0.0
37.csv_Day7_3h30m,0.0,0.0,0.0,0.0,0.0,0.0,0.0,0.0,0.0
37.csv_Day7_4h00m,0.0,0.0,0.0,0.0,0.0,0.0,0.0,0.0,0.0
37.csv_Day7_4h30m,0.0,0.0,0.0,0.0,0.0,0.0,0.0,0.0,0.0
37.csv_Day7_5h00m,0.0,0.0,0.0,0.0,0.0,0.0,0.0,0.0,0.0
37.csv_Day7_5h30m,0.0,0.0,0.0,0.0,0.0,0.0,0.0,0.0,0.0
37.csv_Day7_6h00m,0.0,0.0,0.0,0.0,0.0,0.0,0.0,0.0,0.0
37.csv_Day7_6h30m,0.0,0.0,0.0,0.0,0.0,0.0,0.0,0.0,0.0
37.csv_Day7_7h00m,0.0,0.0,0.0,0.0,0.0,0.0,0.0,0.0,0.0
37.csv_Day7_7h30m,0.5,4.329999923706055,2.430000066757202,7.809999942779541,9.4399995803833,6.269999980926514,6.53000020980835,7.940000057220459,5.329999923706055
37.csv_Day7_8h00m,6.079999923706055,5.230000019073486,6.239999771118164,14.430000305175781,20.290000915527344,15.1899995803833,15.180000305175781,15.5,14.069999694824219
37.csv_Day7_8h30m,12.369999885559082,13.640000343322754,4.239999771118164,21.299999237060547,27.209999084472656,18.600000381469727,22.520000457763672,22.309999465942383,23.940000534057617
37.csv_Day7_9h00m,15.619999885559082,19.969999313354492,9.430000305175781,28.899999618530273,25.760000228881836,27.809999465942383,33.209999084472656,31.440000534057617,33.79999923706055
37.csv_Day7_9h30m,24.260000228881836,26.520000457763672,14.180000305175781,35.29999923706055,35.16999816894531,40.86000061035156,40.45000076293945,39.29999923706055,41.34000015258789
37.csv_Day7_10h00m,26.920000076293945,27.1299991607666,32.29999923706055,37.79999923706055,39.90999984741211,48.7400016784668,46.959999084472656,46.939998626708984,48.130001068115234
37.csv_Day7_10h30m,37.290000915527344,36.27000045776367,42.83000183105469,41.689998626708984,51.61000061035156,51.18000030517578,55.09000015258789,53.58000183105469,55.75
37.csv_Day7_11h00m,39.400001525878906,38.61000061035156,46.5,48.439998626708984,55.779998779296875,53.52000045776367,57.52000045776367,56.93000030517578,60.810001373291016
37.csv_Day7_11h30m,40.77000045776367,41.529998779296875,48.849998474121094,48.84000015258789,58.029998779296875,56.43000030517578,61.29999923706055,59.65999984741211,62.59000015258789
37.csv_Day7_12h00m,43.06999969482422,48.13999938964844,51.849998474121094,49.529998779296875,60.93000030517578,59.59000015258789,66.70999908447266,61.52000045776367,63.81999969482422
37.csv_Day7_12h30m,42.66999816894531,52.11000061035156,50.43000030517578,53.380001068115234,59.83000183105469,60.650001525878906,66.31999969482422,61.65999984741211,63.65999984741211
37.csv_Day7_13h00m,37.029998779296875,45.54999923706055,46.54999923706055,52.540000915527344,58.130001068115234,55.209999084472656,59.630001068115234,59.86000061035156,61.709999084472656
37.csv_Day7_13h30m,33.279998779296875,42.650001525878906,43.540000915527344,53.06999969482422,57.290000915527344,50.689998626708984,55.970001220703125,57.060001373291016,57.869998931884766
37.csv_Day7_14h00m,31.1200008392334,37.849998474121094,37.75,48.63999938964844,49.52000045776367,47.869998931884766,49.72999954223633,52.02000045776367,51.59000015258789
37.csv_Day7_14h30m,32.09000015258789,37.7599983215332,35.220001220703125,46.310001373291016,45.13999938964844,46.0,47.02000045776367,48.11000061035156,48.97999954223633
37.csv_Day7_15h00m,26.06999969482422,30.0,29.100000381469727,41.08000183105469,37.56999969482422,37.59000015258789,38.560001373291016,39.959999084472656,41.0
37.csv_Day7_15h30m,22.719999313354492,25.719999313354492,21.56999969482422,35.029998779296875,28.389999389648438,29.770000457763672,31.280000686645508,31.520000457763672,33.959999084472656
37.csv_Day7_16h00m,15.34000015258789,18.389999389648438,16.829999923706055,24.940000534057617,20.540000915527344,22.270000457763672,22.510000228881836,22.559999465942383,24.0
37.csv_Day7_16h30m,12.069999694824219,9.930000305175781,10.0,16.06999969482422,17.15999984741211,13.449999809265137,15.579999923706055,13.720000267028809,13.9399995803833
37.csv_Day7_17h00m,1.1699999570846558,1.9199999570846558,1.0800000429153442,2.809999942779541,5.230000019073486,4.260000228881836,4.949999809265137,5.619999885559082,5.590000152587891
37.csv_Day7_17h30m,0.0,0.0,0.0,0.0,0.0,0.0,0.0,0.0,0.0
37.csv_Day7_18h00m,0.0,0.0,0.0,0.0,0.0,0.0,0.0,0.0,0.0
37.csv_Day7_18h30m,0.0,0.0,0.0,0.0,0.0,0.0,0.0,0.0,0.0
37.csv_Day7_19h00m,0.0,0.0,0.0,0.0,0.0,0.0,0.0,0.0,0.0
37.csv_Day7_19h30m,0.0,0.0,0.0,0.0,0.0,0.0,0.0,0.0,0.0
37.csv_Day7_20h00m,0.0,0.0,0.0,0.0,0.0,0.0,0.0,0.0,0.0
37.csv_Day7_20h30m,0.0,0.0,0.0,0.0,0.0,0.0,0.0,0.0,0.0
37.csv_Day7_21h00m,0.0,0.0,0.0,0.0,0.0,0.0,0.0,0.0,0.0
37.csv_Day7_21h30m,0.0,0.0,0.0,0.0,0.0,0.0,0.0,0.0,0.0
37.csv_Day7_22h00m,0.0,0.0,0.0,0.0,0.0,0.0,0.0,0.0,0.0
37.csv_Day7_22h30m,0.0,0.0,0.0,0.0,0.0,0.0,0.0,0.0,0.0
37.csv_Day7_23h00m,0.0,0.0,0.0,0.0,0.0,0.0,0.0,0.0,0.0
37.csv_Day7_23h30m,0.0,0.0,0.0,0.0,0.0,0.0,0.0,0.0,0.0
37.csv_Day8_0h00m,0.0,0.0,0.0,0.0,0.0,0.0,0.0,0.0,0.0
37.csv_Day8_0h30m,0.0,0.0,0.0,0.0,0.0,0.0,0.0,0.0,0.0
37.csv_Day8_1h00m,0.0,0.0,0.0,0.0,0.0,0.0,0.0,0.0,0.0
37.csv_Day8_1h30m,0.0,0.0,0.0,0.0,0.0,0.0,0.0,0.0,0.0
37.csv_Day8_2h00m,0.0,0.0,0.0,0.0,0.0,0.0,0.0,0.0,0.0
37.csv_Day8_2h30m,0.0,0.0,0.0,0.0,0.0,0.0,0.0,0.0,0.0
37.csv_Day8_3h00m,0.0,0.0,0.0,0.0,0.0,0.0,0.0,0.0,0.0
37.csv_Day8_3h30m,0.0,0.0,0.0,0.0,0.0,0.0,0.0,0.0,0.0
37.csv_Day8_4h00m,0.0,0.0,0.0,0.0,0.0,0.0,0.0,0.0,0.0
37.csv_Day8_4h30m,0.0,0.0,0.0,0.0,0.0,0.0,0.0,0.0,0.0
37.csv_Day8_5h00m,0.0,0.0,0.0,0.0,0.0,0.0,0.0,0.0,0.0
37.csv_Day8_5h30m,0.0,0.0,0.0,0.0,0.0,0.0,0.0,0.0,0.0
37.csv_Day8_6h00m,0.0,0.0,0.0,0.0,0.0,0.0,0.0,0.0,0.0
37.csv_Day8_6h30m,0.0,0.0,0.0,0.0,0.0,0.0,0.0,0.0,0.0
37.csv_Day8_7h00m,0.0,0.0,0.0,0.0,0.0,0.0,0.0,0.0,0.0
37.csv_Day8_7h30m,0.6200000047683716,4.349999904632568,4.510000228881836,7.760000228881836,9.449999809265137,6.760000228881836,6.289999961853027,5.889999866485596,5.329999923706055
37.csv_Day8_8h00m,5.590000152587891,5.260000228881836,11.0600004196167,14.34000015258789,20.309999465942383,16.540000915527344,15.760000228881836,14.470000267028809,14.0600004196167
37.csv_Day8_8h30m,6.900000095367432,13.720000267028809,19.829999923706055,21.18000030517578,27.229999542236328,23.969999313354492,22.989999771118164,22.709999084472656,23.93000030517578
37.csv_Day8_9h00m,10.90999984741211,20.079999923706055,28.520000457763672,28.729999542236328,25.780000686645508,31.979999542236328,34.630001068115234,31.780000686645508,33.790000915527344
37.csv_Day8_9h30m,19.18000030517578,26.670000076293945,34.79999923706055,35.08000183105469,35.20000076293945,39.06999969482422,42.209999084472656,40.66999816894531,41.31999969482422
37.csv_Day8_10h00m,30.6200008392334,27.280000686645508,45.66999816894531,37.56999969482422,39.939998626708984,47.38999938964844,48.72999954223633,49.56999969482422,48.11000061035156
37.csv_Day8_10h30m,45.529998779296875,36.470001220703125,56.34000015258789,41.439998626708984,51.650001525878906,55.16999816894531,56.84000015258789,57.150001525878906,55.72999954223633
37.csv_Day8_11h00m,48.13999938964844,38.83000183105469,57.290000915527344,48.150001525878906,55.83000183105469,55.849998474121094,59.439998626708984,59.119998931884766,60.779998779296875
37.csv_Day8_11h30m,50.47999954223633,41.7599983215332,60.720001220703125,48.54999923706055,58.08000183105469,60.029998779296875,63.36000061035156,61.65999984741211,62.560001373291016
37.csv_Day8_12h00m,54.88999938964844,48.40999984741211,65.4800033569336,49.22999954223633,60.970001220703125,64.5,66.77999877929688,63.029998779296875,63.79999923706055
37.csv_Day8_12h30m,55.22999954223633,52.40999984741211,60.58000183105469,53.04999923706055,59.880001068115234,63.93000030517578,65.7300033569336,61.2400016784668,63.63999938964844
37.csv_Day8_13h00m,52.93000030517578,45.79999923706055,57.31999969482422,52.22999954223633,58.18000030517578,58.619998931884766,60.470001220703125,58.2599983215332,61.68000030517578
37.csv_Day8_13h30m,49.540000915527344,42.88999938964844,51.220001220703125,52.75,57.33000183105469,54.04999923706055,57.7400016784668,54.779998779296875,57.84000015258789
37.csv_Day8_14h00m,45.56999969482422,38.06999969482422,42.380001068115234,48.349998474121094,49.560001373291016,50.81999969482422,51.189998626708984,49.7599983215332,51.56999969482422
37.csv_Day8_14h30m,42.68000030517578,37.970001220703125,39.279998779296875,46.040000915527344,45.16999816894531,48.45000076293945,46.599998474121094,45.97999954223633,48.959999084472656
37.csv_Day8_15h00m,32.93000030517578,30.170000076293945,34.349998474121094,40.84000015258789,37.599998474121094,40.29999923706055,38.209999084472656,38.36000061035156,40.97999954223633
37.csv_Day8_15h30m,26.100000381469727,25.8700008392334,23.200000762939453,34.81999969482422,28.40999984741211,29.8700008392334,30.979999542236328,31.100000381469727,33.95000076293945
37.csv_Day8_16h00m,17.1299991607666,18.489999771118164,16.829999923706055,24.790000915527344,20.549999237060547,22.579999923706055,22.280000686645508,22.309999465942383,23.989999771118164
37.csv_Day8_16h30m,12.359999656677246,9.979999542236328,9.300000190734863,15.970000267028809,17.170000076293945,14.15999984741211,15.40999984741211,13.520000457763672,13.9399995803833
37.csv_Day8_17h00m,0.8899999856948853,1.9299999475479126,1.399999976158142,2.799999952316284,5.239999771118164,5.309999942779541,5.0,4.989999771118164,5.590000152587891
37.csv_Day8_17h30m,0.0,0.0,0.0,0.0,0.0,0.0,0.0,0.0,0.0
37.csv_Day8_18h00m,0.0,0.0,0.0,0.0,0.0,0.0,0.0,0.0,0.0
37.csv_Day8_18h30m,0.0,0.0,0.0,0.0,0.0,0.0,0.0,0.0,0.0
37.csv_Day8_19h00m,0.0,0.0,0.0,0.0,0.0,0.0,0.0,0.0,0.0
37.csv_Day8_19h30m,0.0,0.0,0.0,0.0,0.0,0.0,0.0,0.0,0.0
37.csv_Day8_20h00m,0.0,0.0,0.0,0.0,0.0,0.0,0.0,0.0,0.0
37.csv_Day8_20h30m,0.0,0.0,0.0,0.0,0.0,0.0,0.0,0.0,0.0
37.csv_Day8_21h00m,0.0,0.0,0.0,0.0,0.0,0.0,0.0,0.0,0.0
37.csv_Day8_21h30m,0.0,0.0,0.0,0.0,0.0,0.0,0.0,0.0,0.0
37.csv_Day8_22h00m,0.0,0.0,0.0,0.0,0.0,0.0,0.0,0.0,0.0
37.csv_Day8_22h30m,0.0,0.0,0.0,0.0,0.0,0.0,0.0,0.0,0.0
37.csv_Day8_23h00m,0.0,0.0,0.0,0.0,0.0,0.0,0.0,0.0,0.0
37.csv_Day8_23h30m,0.0,0.0,0.0,0.0,0.0,0.0,0.0,0.0,0.0
38.csv_Day7_0h00m,0.0,0.0,0.0,0.0,0.0,0.0,0.0,0.0,0.0
38.csv_Day7_0h30m,0.0,0.0,0.0,0.0,0.0,0.0,0.0,0.0,0.0
38.csv_Day7_1h00m,0.0,0.0,0.0,0.0,0.0,0.0,0.0,0.0,0.0
38.csv_Day7_1h30m,0.0,0.0,0.0,0.0,0.0,0.0,0.0,0.0,0.0
38.csv_Day7_2h00m,0.0,0.0,0.0,0.0,0.0,0.0,0.0,0.0,0.0
38.csv_Day7_2h30m,0.0,0.0,0.0,0.0,0.0,0.0,0.0,0.0,0.0
38.csv_Day7_3h00m,0.0,0.0,0.0,0.0,0.0,0.0,0.0,0.0,0.0
38.csv_Day7_3h30m,0.0,0.0,0.0,0.0,0.0,0.0,0.0,0.0,0.0
38.csv_Day7_4h00m,0.0,0.0,0.0,0.0,0.0,0.0,0.0,0.0,0.0
38.csv_Day7_4h30m,0.0,0.0,0.0,0.0,0.0,0.0,0.0,0.0,0.0
38.csv_Day7_5h00m,0.0,0.0,0.0,0.0,0.0,0.0,0.0,0.0,0.0
38.csv_Day7_5h30m,0.0,0.0,0.0,0.0,0.0,0.0,0.0,0.0,0.0
38.csv_Day7_6h00m,0.0,0.0,0.0,0.0,0.0,0.0,0.0,0.0,0.0
38.csv_Day7_6h30m,0.0,0.0,0.0,0.0,0.0,0.0,0.0,0.0,0.0
38.csv_Day7_7h00m,0.0,0.0,0.0,0.0,0.0,0.0,0.0,0.0,0.0
38.csv_Day7_7h30m,3.6600000858306885,2.559999942779541,2.0399999618530273,3.940000057220459,4.679999828338623,5.449999809265137,5.769999980926514,5.889999866485596,6.46999979019165
38.csv_Day7_8h00m,7.53000020980835,7.53000020980835,10.979999542236328,11.390000343322754,10.680000305175781,13.619999885559082,13.010000228881836,13.649999618530273,13.579999923706055
38.csv_Day7_8h30m,16.18000030517578,12.140000343322754,20.899999618530273,19.280000686645508,20.139999389648438,20.739999771118164,19.729999542236328,21.6299991607666,21.360000610351562
38.csv_Day7_9h00m,24.959999084472656,23.459999084472656,29.479999542236328,25.280000686645508,28.34000015258789,28.260000228881836,29.760000228881836,30.040000915527344,29.43000030517578
38.csv_Day7_9h30m,31.899999618530273,30.459999084472656,34.5099983215332,31.809999465942383,34.959999084472656,34.2400016784668,35.599998474121094,36.869998931884766,35.34000015258789
38.csv_Day7_10h00m,39.54999923706055,34.720001220703125,41.06999969482422,36.880001068115234,40.43000030517578,41.65999984741211,41.849998474121094,43.209999084472656,41.06999969482422
38.csv_Day7_10h30m,42.84000015258789,37.459999084472656,48.2599983215332,39.9900016784668,45.189998626708984,45.369998931884766,46.61000061035156,47.54999923706055,45.5
38.csv_Day7_11h00m,46.65999984741211,39.220001220703125,53.47999954223633,43.220001220703125,49.209999084472656,49.02000045776367,52.119998931884766,50.08000183105469,48.189998626708984
38.csv_Day7_11h30m,47.63999938964844,40.290000915527344,53.79999923706055,44.41999816894531,49.959999084472656,50.58000183105469,52.150001525878906,51.380001068115234,49.75
38.csv_Day7_12h00m,46.7599983215332,38.97999954223633,51.65999984741211,45.40999984741211,49.54999923706055,49.959999084472656,51.59000015258789,50.7400016784668,49.61000061035156
38.csv_Day7_12h30m,36.91999816894531,32.58000183105469,48.20000076293945,42.06999969482422,44.58000183105469,37.5,46.709999084472656,47.47999954223633,47.75
38.csv_Day7_13h00m,33.9900016784668,28.239999771118164,44.810001373291016,37.40999984741211,40.349998474121094,31.040000915527344,43.5,44.20000076293945,44.29999923706055
38.csv_Day7_13h30m,30.530000686645508,22.690000534057617,40.56999969482422,33.7599983215332,34.119998931884766,25.860000610351562,39.81999969482422,39.61000061035156,39.72999954223633
38.csv_Day7_14h00m,26.690000534057617,18.649999618530273,35.81999969482422,32.029998779296875,31.59000015258789,28.829999923706055,35.56999969482422,34.77000045776367,35.02000045776367
38.csv_Day7_14h30m,25.260000228881836,18.979999542236328,28.969999313354492,23.889999389648438,24.610000610351562,26.18000030517578,29.3799991607666,29.25,29.190000534057617
38.csv_Day7_15h00m,20.450000762939453,13.529999732971191,21.739999771118164,15.40999984741211,16.969999313354492,21.940000534057617,19.90999984741211,23.030000686645508,23.280000686645508
38.csv_Day7_15h30m,13.289999961853027,7.53000020980835,15.220000267028809,11.319999694824219,11.84000015258789,14.3100004196167,13.539999961853027,16.309999465942383,15.819999694824219
38.csv_Day7_16h00m,5.510000228881836,4.570000171661377,7.909999847412109,6.269999980926514,8.979999542236328,6.789999961853027,7.880000114440918,8.260000228881836,8.390000343322754
38.csv_Day7_16h30m,0.0,0.029999999329447746,0.019999999552965164,1.149999976158142,1.649999976158142,0.9100000262260437,1.4800000190734863,1.659999966621399,1.899999976158142
38.csv_Day7_17h00m,0.0,0.0,0.0,0.0,0.0,0.0,0.0,0.0,0.0
38.csv_Day7_17h30m,0.0,0.0,0.0,0.0,0.0,0.0,0.0,0.0,0.0
38.csv_Day7_18h00m,0.0,0.0,0.0,0.0,0.0,0.0,0.0,0.0,0.0
38.csv_Day7_18h30m,0.0,0.0,0.0,0.0,0.0,0.0,0.0,0.0,0.0
38.csv_Day7_19h00m,0.0,0.0,0.0,0.0,0.0,0.0,0.0,0.0,0.0
38.csv_Day7_19h30m,0.0,0.0,0.0,0.0,0.0,0.0,0.0,0.0,0.0
38.csv_Day7_20h00m,0.0,0.0,0.0,0.0,0.0,0.0,0.0,0.0,0.0
38.csv_Day7_20h30m,0.0,0.0,0.0,0.0,0.0,0.0,0.0,0.0,0.0
38.csv_Day7_21h00m,0.0,0.0,0.0,0.0,0.0,0.0,0.0,0.0,0.0
38.csv_Day7_21h30m,0.0,0.0,0.0,0.0,0.0,0.0,0.0,0.0,0.0
38.csv_Day7_22h00m,0.0,0.0,0.0,0.0,0.0,0.0,0.0,0.0,0.0
38.csv_Day7_22h30m,0.0,0.0,0.0,0.0,0.0,0.0,0.0,0.0,0.0
38.csv_Day7_23h00m,0.0,0.0,0.0,0.0,0.0,0.0,0.0,0.0,0.0
38.csv_Day7_23h30m,0.0,0.0,0.0,0.0,0.0,0.0,0.0,0.0,0.0
38.csv_Day8_0h00m,0.0,0.0,0.0,0.0,0.0,0.0,0.0,0.0,0.0
38.csv_Day8_0h30m,0.0,0.0,0.0,0.0,0.0,0.0,0.0,0.0,0.0
38.csv_Day8_1h00m,0.0,0.0,0.0,0.0,0.0,0.0,0.0,0.0,0.0
38.csv_Day8_1h30m,0.0,0.0,0.0,0.0,0.0,0.0,0.0,0.0,0.0
38.csv_Day8_2h00m,0.0,0.0,0.0,0.0,0.0,0.0,0.0,0.0,0.0
38.csv_Day8_2h30m,0.0,0.0,0.0,0.0,0.0,0.0,0.0,0.0,0.0
38.csv_Day8_3h00m,0.0,0.0,0.0,0.0,0.0,0.0,0.0,0.0,0.0
38.csv_Day8_3h30m,0.0,0.0,0.0,0.0,0.0,0.0,0.0,0.0,0.0
38.csv_Day8_4h00m,0.0,0.0,0.0,0.0,0.0,0.0,0.0,0.0,0.0
38.csv_Day8_4h30m,0.0,0.0,0.0,0.0,0.0,0.0,0.0,0.0,0.0
38.csv_Day8_5h00m,0.0,0.0,0.0,0.0,0.0,0.0,0.0,0.0,0.0
38.csv_Day8_5h30m,0.0,0.0,0.0,0.0,0.0,0.0,0.0,0.0,0.0
38.csv_Day8_6h00m,0.0,0.0,0.0,0.0,0.0,0.0,0.0,0.0,0.0
38.csv_Day8_6h30m,0.0,0.0,0.0,0.0,0.0,0.0,0.0,0.0,0.0
38.csv_Day8_7h00m,0.0,0.0,0.0,0.0,0.0,0.0,0.0,0.0,0.0
38.csv_Day8_7h30m,1.75,2.569999933242798,2.2799999713897705,3.9100000858306885,4.679999828338623,4.789999961853027,5.679999828338623,6.159999847412109,6.46999979019165
38.csv_Day8_8h00m,6.050000190734863,7.570000171661377,9.449999809265137,11.319999694824219,10.6899995803833,13.550000190734863,12.859999656677246,13.609999656677246,13.569999694824219
38.csv_Day8_8h30m,15.09000015258789,12.210000038146973,19.850000381469727,19.170000076293945,20.149999618530273,21.8700008392334,19.520000457763672,22.200000762939453,21.350000381469727
38.csv_Day8_9h00m,22.010000228881836,23.59000015258789,28.219999313354492,25.1200008392334,28.360000610351562,27.979999542236328,29.479999542236328,30.65999984741211,29.420000076293945
38.csv_Day8_9h30m,21.90999984741211,30.6299991607666,32.7599983215332,31.6200008392334,34.9900016784668,32.0099983215332,35.2599983215332,37.13999938964844,35.33000183105469
38.csv_Day8_10h00m,21.309999465942383,34.91999816894531,40.27000045776367,36.65999984741211,40.459999084472656,36.0,41.470001220703125,43.18000030517578,41.04999923706055
38.csv_Day8_10h30m,23.540000915527344,37.66999816894531,46.2400016784668,39.75,45.22999954223633,42.06999969482422,46.189998626708984,47.43000030517578,45.47999954223633
38.csv_Day8_11h00m,35.619998931884766,39.439998626708984,52.81999969482422,42.959999084472656,49.2400016784668,47.470001220703125,51.650001525878906,49.310001373291016,48.16999816894531
38.csv_Day8_11h30m,35.33000183105469,40.52000045776367,52.36000061035156,44.150001525878906,50.0,49.31999969482422,51.68000030517578,50.06999969482422,49.720001220703125
38.csv_Day8_12h00m,36.029998779296875,39.20000076293945,50.279998779296875,45.130001068115234,49.59000015258789,49.61000061035156,51.119998931884766,48.93000030517578,49.58000183105469
38.csv_Day8_12h30m,27.610000610351562,32.7599983215332,44.9900016784668,41.810001373291016,44.619998931884766,45.790000915527344,46.279998779296875,46.06999969482422,47.72999954223633
38.csv_Day8_13h00m,26.15999984741211,28.399999618530273,42.7400016784668,37.189998626708984,40.380001068115234,42.0,43.099998474121094,42.880001068115234,44.279998779296875
38.csv_Day8_13h30m,24.270000457763672,22.81999969482422,38.529998779296875,33.560001373291016,34.150001525878906,37.209999084472656,39.439998626708984,38.209999084472656,39.720001220703125
38.csv_Day8_14h00m,22.790000915527344,18.75,34.81999969482422,31.84000015258789,31.610000610351562,32.84000015258789,35.22999954223633,33.84000015258789,35.0099983215332
38.csv_Day8_14h30m,24.489999771118164,19.079999923706055,29.43000030517578,23.75,24.6299991607666,27.25,29.09000015258789,28.309999465942383,29.170000076293945
38.csv_Day8_15h00m,20.3700008392334,13.609999656677246,23.049999237060547,15.319999694824219,16.979999542236328,22.950000762939453,19.700000762939453,22.25,23.270000457763672
38.csv_Day8_15h30m,14.470000267028809,7.570000171661377,15.149999618530273,11.25,11.850000381469727,15.029999732971191,13.390000343322754,15.329999923706055,15.8100004196167
38.csv_Day8_16h00m,4.78000020980835,4.590000152587891,7.159999847412109,6.230000019073486,8.979999542236328,6.739999771118164,7.769999980926514,7.949999809265137,8.390000343322754
38.csv_Day8_16h30m,0.0,0.029999999329447746,0.15000000596046448,1.1399999856948853,1.649999976158142,0.949999988079071,1.5700000524520874,1.7699999809265137,1.899999976158142
38.csv_Day8_17h00m,0.0,0.0,0.0,0.0,0.0,0.0,0.0,0.0,0.0
38.csv_Day8_17h30m,0.0,0.0,0.0,0.0,0.0,0.0,0.0,0.0,0.0
38.csv_Day8_18h00m,0.0,0.0,0.0,0.0,0.0,0.0,0.0,0.0,0.0
38.csv_Day8_18h30m,0.0,0.0,0.0,0.0,0.0,0.0,0.0,0.0,0.0
38.csv_Day8_19h00m,0.0,0.0,0.0,0.0,0.0,0.0,0.0,0.0,0.0
38.csv_Day8_19h30m,0.0,0.0,0.0,0.0,0.0,0.0,0.0,0.0,0.0
38.csv_Day8_20h00m,0.0,0.0,0.0,0.0,0.0,0.0,0.0,0.0,0.0
38.csv_Day8_20h30m,0.0,0.0,0.0,0.0,0.0,0.0,0.0,0.0,0.0
38.csv_Day8_21h00m,0.0,0.0,0.0,0.0,0.0,0.0,0.0,0.0,0.0
38.csv_Day8_21h30m,0.0,0.0,0.0,0.0,0.0,0.0,0.0,0.0,0.0
38.csv_Day8_22h00m,0.0,0.0,0.0,0.0,0.0,0.0,0.0,0.0,0.0
38.csv_Day8_22h30m,0.0,0.0,0.0,0.0,0.0,0.0,0.0,0.0,0.0
38.csv_Day8_23h00m,0.0,0.0,0.0,0.0,0.0,0.0,0.0,0.0,0.0
38.csv_Day8_23h30m,0.0,0.0,0.0,0.0,0.0,0.0,0.0,0.0,0.0
39.csv_Day7_0h00m,0.0,0.0,0.0,0.0,0.0,0.0,0.0,0.0,0.0
39.csv_Day7_0h30m,0.0,0.0,0.0,0.0,0.0,0.0,0.0,0.0,0.0
39.csv_Day7_1h00m,0.0,0.0,0.0,0.0,0.0,0.0,0.0,0.0,0.0
39.csv_Day7_1h30m,0.0,0.0,0.0,0.0,0.0,0.0,0.0,0.0,0.0
39.csv_Day7_2h00m,0.0,0.0,0.0,0.0,0.0,0.0,0.0,0.0,0.0
39.csv_Day7_2h30m,0.0,0.0,0.0,0.0,0.0,0.0,0.0,0.0,0.0
39.csv_Day7_3h00m,0.0,0.0,0.0,0.0,0.0,0.0,0.0,0.0,0.0
39.csv_Day7_3h30m,0.0,0.0,0.0,0.0,0.0,0.0,0.0,0.0,0.0
39.csv_Day7_4h00m,0.0,0.0,0.0,0.0,0.0,0.0,0.0,0.0,0.0
39.csv_Day7_4h30m,0.0,0.0,0.0,0.0,0.0,0.0,0.0,0.0,0.0
39.csv_Day7_5h00m,0.0,0.0,0.0,0.0,0.0,0.0,0.0,0.0,0.0
39.csv_Day7_5h30m,0.0,0.0,0.0,0.0,0.0,0.0,0.0,0.0,0.0
39.csv_Day7_6h00m,0.0,0.0,0.0,0.0,0.0,0.0,0.0,0.0,0.0
39.csv_Day7_6h30m,0.0,0.0,0.0,0.0,0.0,0.0,0.0,0.0,0.0
39.csv_Day7_7h00m,2.0899999141693115,2.7100000381469727,3.569999933242798,4.559999942779541,6.309999942779541,6.139999866485596,6.380000114440918,6.960000038146973,6.889999866485596
39.csv_Day7_7h30m,10.140000343322754,5.119999885559082,11.380000114440918,11.550000190734863,12.5600004196167,14.279999732971191,13.84000015258789,14.880000114440918,14.8100004196167
39.csv_Day7_8h00m,18.829999923706055,13.119999885559082,22.25,18.450000762939453,18.450000762939453,24.1299991607666,23.100000381469727,24.610000610351562,24.420000076293945
39.csv_Day7_8h30m,25.200000762939453,21.600000381469727,33.11000061035156,25.329999923706055,29.280000686645508,33.90999984741211,32.439998626708984,34.63999938964844,34.040000915527344
39.csv_Day7_9h00m,32.209999084472656,23.59000015258789,39.95000076293945,31.56999969482422,35.81999969482422,43.599998474121094,41.72999954223633,44.38999938964844,43.2599983215332
39.csv_Day7_9h30m,41.36000061035156,29.59000015258789,48.2400016784668,35.959999084472656,44.130001068115234,52.09000015258789,50.08000183105469,52.36000061035156,51.15999984741211
39.csv_Day7_10h00m,47.61000061035156,38.459999084472656,53.91999816894531,46.7400016784668,51.25,58.95000076293945,56.91999816894531,59.22999954223633,57.93000030517578
39.csv_Day7_10h30m,54.45000076293945,47.45000076293945,59.779998779296875,52.029998779296875,56.91999816894531,64.63999938964844,63.20000076293945,64.7300033569336,63.849998474121094
39.csv_Day7_11h00m,54.97999954223633,55.33000183105469,64.30999755859375,56.25,63.150001525878906,68.45999908447266,68.25,68.91999816894531,68.16000366210938
39.csv_Day7_11h30m,40.52000045776367,60.150001525878906,65.20999908447266,65.41000366210938,69.29000091552734,71.69000244140625,71.87000274658203,72.95999908447266,71.68000030517578
39.csv_Day7_12h00m,57.47999954223633,59.38999938964844,67.79000091552734,65.02999877929688,69.91999816894531,73.58000183105469,74.3499984741211,74.18000030517578,73.41999816894531
39.csv_Day7_12h30m,63.54999923706055,60.380001068115234,68.70999908447266,59.90999984741211,61.310001373291016,73.08999633789062,71.5199966430664,71.94000244140625,72.4800033569336
39.csv_Day7_13h00m,62.709999084472656,59.2400016784668,67.11000061035156,60.81999969482422,63.02000045776367,71.73999786376953,70.27999877929688,70.70999908447266,70.97000122070312
39.csv_Day7_13h30m,52.59000015258789,54.209999084472656,62.720001220703125,60.41999816894531,64.31999969482422,68.47000122070312,68.79000091552734,68.12999725341797,67.75
39.csv_Day7_14h00m,35.599998474121094,42.06999969482422,54.72999954223633,54.099998474121094,59.45000076293945,63.189998626708984,63.349998474121094,62.689998626708984,63.08000183105469
39.csv_Day7_14h30m,41.209999084472656,43.029998779296875,53.130001068115234,47.84000015258789,52.38999938964844,56.66999816894531,57.0,57.54999923706055,56.63999938964844
39.csv_Day7_15h00m,36.130001068115234,35.150001525878906,45.869998931884766,42.08000183105469,42.5,49.97999954223633,50.529998779296875,50.77000045776367,49.970001220703125
39.csv_Day7_15h30m,32.13999938964844,31.389999389648438,31.84000015258789,28.520000457763672,37.9900016784668,42.540000915527344,42.36000061035156,42.650001525878906,42.59000015258789
39.csv_Day7_16h00m,22.3700008392334,22.290000915527344,21.40999984741211,18.600000381469727,30.43000030517578,32.54999923706055,31.190000534057617,32.70000076293945,33.099998474121094
39.csv_Day7_16h30m,5.929999828338623,7.380000114440918,7.860000133514404,14.119999885559082,19.780000686645508,21.850000381469727,22.290000915527344,22.280000686645508,23.540000915527344
39.csv_Day7_17h00m,6.670000076293945,5.429999828338623,9.600000381469727,10.970000267028809,12.520000457763672,13.140000343322754,12.680000305175781,13.449999809265137,13.479999542236328
39.csv_Day7_17h30m,0.7300000190734863,2.75,2.799999952316284,3.619999885559082,3.809999942779541,4.210000038146973,5.079999923706055,4.980000019073486,5.190000057220459
39.csv_Day7_18h00m,0.0,0.0,0.0,0.0,0.0,0.0,0.0,0.0,0.0
39.csv_Day7_18h30m,0.0,0.0,0.0,0.0,0.0,0.0,0.0,0.0,0.0
39.csv_Day7_19h00m,0.0,0.0,0.0,0.0,0.0,0.0,0.0,0.0,0.0
39.csv_Day7_19h30m,0.0,0.0,0.0,0.0,0.0,0.0,0.0,0.0,0.0
39.csv_Day7_20h00m,0.0,0.0,0.0,0.0,0.0,0.0,0.0,0.0,0.0
39.csv_Day7_20h30m,0.0,0.0,0.0,0.0,0.0,0.0,0.0,0.0,0.0
39.csv_Day7_21h00m,0.0,0.0,0.0,0.0,0.0,0.0,0.0,0.0,0.0
39.csv_Day7_21h30m,0.0,0.0,0.0,0.0,0.0,0.0,0.0,0.0,0.0
39.csv_Day7_22h00m,0.0,0.0,0.0,0.0,0.0,0.0,0.0,0.0,0.0
39.csv_Day7_22h30m,0.0,0.0,0.0,0.0,0.0,0.0,0.0,0.0,0.0
39.csv_Day7_23h00m,0.0,0.0,0.0,0.0,0.0,0.0,0.0,0.0,0.0
39.csv_Day7_23h30m,0.0,0.0,0.0,0.0,0.0,0.0,0.0,0.0,0.0
39.csv_Day8_0h00m,0.0,0.0,0.0,0.0,0.0,0.0,0.0,0.0,0.0
39.csv_Day8_0h30m,0.0,0.0,0.0,0.0,0.0,0.0,0.0,0.0,0.0
39.csv_Day8_1h00m,0.0,0.0,0.0,0.0,0.0,0.0,0.0,0.0,0.0
39.csv_Day8_1h30m,0.0,0.0,0.0,0.0,0.0,0.0,0.0,0.0,0.0
39.csv_Day8_2h00m,0.0,0.0,0.0,0.0,0.0,0.0,0.0,0.0,0.0
39.csv_Day8_2h30m,0.0,0.0,0.0,0.0,0.0,0.0,0.0,0.0,0.0
39.csv_Day8_3h00m,0.0,0.0,0.0,0.0,0.0,0.0,0.0,0.0,0.0
39.csv_Day8_3h30m,0.0,0.0,0.0,0.0,0.0,0.0,0.0,0.0,0.0
39.csv_Day8_4h00m,0.0,0.0,0.0,0.0,0.0,0.0,0.0,0.0,0.0
39.csv_Day8_4h30m,0.0,0.0,0.0,0.0,0.0,0.0,0.0,0.0,0.0
39.csv_Day8_5h00m,0.0,0.0,0.0,0.0,0.0,0.0,0.0,0.0,0.0
39.csv_Day8_5h30m,0.0,0.0,0.0,0.0,0.0,0.0,0.0,0.0,0.0
39.csv_Day8_6h00m,0.0,0.0,0.0,0.0,0.0,0.0,0.0,0.0,0.0
39.csv_Day8_6h30m,0.0,0.0,0.0,0.0,0.0,0.0,0.0,0.0,0.0
39.csv_Day8_7h00m,0.9200000166893005,2.7300000190734863,4.260000228881836,4.53000020980835,6.309999942779541,5.710000038146973,6.269999980926514,7.190000057220459,6.889999866485596
39.csv_Day8_7h30m,7.400000095367432,5.150000095367432,10.020000457763672,11.479999542236328,12.569999694824219,13.3100004196167,13.680000305175781,14.699999809265137,14.800000190734863
39.csv_Day8_8h00m,8.380000114440918,13.1899995803833,7.489999771118164,18.34000015258789,18.469999313354492,22.600000381469727,22.8700008392334,24.329999923706055,24.40999984741211
39.csv_Day8_8h30m,12.300000190734863,21.719999313354492,17.0,25.18000030517578,29.299999237060547,32.150001525878906,32.119998931884766,33.95000076293945,34.029998779296875
39.csv_Day8_9h00m,25.610000610351562,23.719999313354492,22.190000534057617,31.3799991607666,35.84000015258789,39.63999938964844,41.349998474121094,43.31999969482422,43.2400016784668
39.csv_Day8_9h30m,36.38999938964844,29.760000228881836,34.349998474121094,35.7400016784668,44.15999984741211,47.779998779296875,49.619998931884766,51.16999816894531,51.13999938964844
39.csv_Day8_10h00m,42.130001068115234,38.68000030517578,44.90999984741211,46.459999084472656,51.290000915527344,54.25,56.40999984741211,58.22999954223633,57.900001525878906
39.csv_Day8_10h30m,46.790000915527344,47.720001220703125,49.9900016784668,51.720001220703125,56.959999084472656,57.70000076293945,62.630001068115234,63.90999984741211,63.81999969482422
39.csv_Day8_11h00m,49.939998626708984,55.63999938964844,58.08000183105469,55.90999984741211,63.189998626708984,64.0,67.63999938964844,68.95999908447266,68.12999725341797
39.csv_Day8_11h30m,55.93000030517578,60.4900016784668,64.37000274658203,65.01000213623047,69.3499984741211,70.41000366210938,71.23999786376953,72.7300033569336,71.63999938964844
39.csv_Day8_12h00m,58.869998931884766,59.720001220703125,65.68000030517578,64.63999938964844,69.97000122070312,72.44999694824219,73.69000244140625,74.86000061035156,73.38999938964844
39.csv_Day8_12h30m,56.81999969482422,60.720001220703125,55.29999923706055,59.54999923706055,61.36000061035156,70.66000366210938,70.87999725341797,71.91999816894531,72.44999694824219
39.csv_Day8_13h00m,58.290000915527344,59.56999969482422,58.52000045776367,60.45000076293945,63.06999969482422,69.68000030517578,69.66000366210938,70.91999816894531,70.94000244140625
39.csv_Day8_13h30m,51.470001220703125,54.52000045776367,60.83000183105469,60.060001373291016,64.37000274658203,67.5999984741211,68.18000030517578,68.97000122070312,67.72000122070312
39.csv_Day8_14h00m,43.650001525878906,42.310001373291016,55.2599983215332,53.779998779296875,59.4900016784668,61.77000045776367,62.779998779296875,62.95000076293945,63.04999923706055
39.csv_Day8_14h30m,35.189998626708984,43.27000045776367,50.47999954223633,47.560001373291016,52.43000030517578,56.529998779296875,56.47999954223633,57.959999084472656,56.61000061035156
39.csv_Day8_15h00m,30.0,35.34000015258789,45.2599983215332,41.81999969482422,42.529998779296875,49.72999954223633,50.06999969482422,50.54999923706055,49.95000076293945
39.csv_Day8_15h30m,24.260000228881836,31.559999465942383,34.33000183105469,28.350000381469727,38.02000045776367,42.13999938964844,41.970001220703125,41.41999816894531,42.56999969482422
39.csv_Day8_16h00m,2.180000066757202,22.420000076293945,24.450000762939453,18.489999771118164,30.450000762939453,31.969999313354492,30.889999389648438,31.610000610351562,33.08000183105469
39.csv_Day8_16h30m,4.360000133514404,7.429999828338623,17.600000381469727,14.029999732971191,19.799999237060547,21.75,22.059999465942383,21.639999389648438,23.530000686645508
39.csv_Day8_17h00m,4.010000228881836,5.460000038146973,9.90999984741211,10.90999984741211,12.529999732971191,11.970000267028809,12.539999961853027,12.890000343322754,13.479999542236328
39.csv_Day8_17h30m,1.2000000476837158,2.7699999809265137,2.6600000858306885,3.5999999046325684,3.809999942779541,3.640000104904175,4.989999771118164,5.079999923706055,5.179999828338623
39.csv_Day8_18h00m,0.0,0.0,0.0,0.0,0.0,0.0,0.0,0.0,0.0
39.csv_Day8_18h30m,0.0,0.0,0.0,0.0,0.0,0.0,0.0,0.0,0.0
39.csv_Day8_19h00m,0.0,0.0,0.0,0.0,0.0,0.0,0.0,0.0,0.0
39.csv_Day8_19h30m,0.0,0.0,0.0,0.0,0.0,0.0,0.0,0.0,0.0
39.csv_Day8_20h00m,0.0,0.0,0.0,0.0,0.0,0.0,0.0,0.0,0.0
39.csv_Day8_20h30m,0.0,0.0,0.0,0.0,0.0,0.0,0.0,0.0,0.0
39.csv_Day8_21h00m,0.0,0.0,0.0,0.0,0.0,0.0,0.0,0.0,0.0
39.csv_Day8_21h30m,0.0,0.0,0.0,0.0,0.0,0.0,0.0,0.0,0.0
39.csv_Day8_22h00m,0.0,0.0,0.0,0.0,0.0,0.0,0.0,0.0,0.0
39.csv_Day8_22h30m,0.0,0.0,0.0,0.0,0.0,0.0,0.0,0.0,0.0
39.csv_Day8_23h00m,0.0,0.0,0.0,0.0,0.0,0.0,0.0,0.0,0.0
39.csv_Day8_23h30m,0.0,0.0,0.0,0.0,0.0,0.0,0.0,0.0,0.0
40.csv_Day7_0h00m,0.0,0.0,0.0,0.0,0.0,0.0,0.0,0.0,0.0
40.csv_Day7_0h30m,0.0,0.0,0.0,0.0,0.0,0.0,0.0,0.0,0.0
40.csv_Day7_1h00m,0.0,0.0,0.0,0.0,0.0,0.0,0.0,0.0,0.0
40.csv_Day7_1h30m,0.0,0.0,0.0,0.0,0.0,0.0,0.0,0.0,0.0
40.csv_Day7_2h00m,0.0,0.0,0.0,0.0,0.0,0.0,0.0,0.0,0.0
40.csv_Day7_2h30m,0.0,0.0,0.0,0.0,0.0,0.0,0.0,0.0,0.0
40.csv_Day7_3h00m,0.0,0.0,0.0,0.0,0.0,0.0,0.0,0.0,0.0
40.csv_Day7_3h30m,0.0,0.0,0.0,0.0,0.0,0.0,0.0,0.0,0.0
40.csv_Day7_4h00m,0.0,0.0,0.0,0.0,0.0,0.0,0.0,0.0,0.0
40.csv_Day7_4h30m,0.0,0.0,0.0,0.0,0.0,0.0,0.0,0.0,0.0
40.csv_Day7_5h00m,0.09000000357627869,0.9100000262260437,0.20000000298023224,0.03999999910593033,2.0299999713897705,0.3400000035762787,1.0499999523162842,1.4500000476837158,2.5299999713897705
40.csv_Day7_5h30m,6.099999904632568,5.170000076293945,5.690000057220459,5.860000133514404,6.050000190734863,7.0,6.449999809265137,8.020000457763672,7.53000020980835
40.csv_Day7_6h00m,9.270000457763672,9.09000015258789,11.510000228881836,7.03000020980835,13.6899995803833,14.010000228881836,14.0,15.619999885559082,15.680000305175781
40.csv_Day7_6h30m,8.8100004196167,19.25,22.219999313354492,22.239999771118164,22.229999542236328,23.350000381469727,23.43000030517578,24.6299991607666,24.889999389648438
40.csv_Day7_7h00m,12.350000381469727,28.15999984741211,32.540000915527344,27.719999313354492,31.0,32.970001220703125,32.81999969482422,33.970001220703125,33.779998779296875
40.csv_Day7_7h30m,22.56999969482422,36.36000061035156,40.66999816894531,38.08000183105469,37.63999938964844,41.369998931884766,43.18000030517578,43.66999816894531,43.380001068115234
40.csv_Day7_8h00m,44.970001220703125,43.16999816894531,48.27000045776367,48.5,48.41999816894531,51.2400016784668,51.91999816894531,53.939998626708984,53.380001068115234
40.csv_Day7_8h30m,52.7599983215332,50.9900016784668,54.75,56.290000915527344,56.38999938964844,59.91999816894531,61.130001068115234,62.0,62.689998626708984
40.csv_Day7_9h00m,60.5,53.2400016784668,60.689998626708984,63.68000030517578,65.44000244140625,68.70999908447266,67.58000183105469,69.81999969482422,69.61000061035156
40.csv_Day7_9h30m,68.01000213623047,58.209999084472656,67.9000015258789,68.91999816894531,75.16999816894531,76.0,75.63999938964844,77.41999816894531,77.26000213623047
40.csv_Day7_10h00m,66.7699966430664,56.119998931884766,70.48999786376953,71.12000274658203,79.83999633789062,81.58000183105469,81.18000030517578,82.94000244140625,83.26000213623047
40.csv_Day7_10h30m,69.9800033569336,60.5099983215332,73.63999938964844,72.0,84.43000030517578,86.30999755859375,86.44999694824219,87.7699966430664,88.05000305175781
40.csv_Day7_11h00m,70.44000244140625,66.36000061035156,72.55000305175781,76.97000122070312,88.52999877929688,89.87999725341797,89.80000305175781,90.66000366210938,91.19000244140625
40.csv_Day7_11h30m,71.2699966430664,64.04000091552734,79.19999694824219,75.86000061035156,90.25,92.77999877929688,89.93000030517578,91.30000305175781,92.94000244140625
40.csv_Day7_12h00m,60.18000030517578,71.6500015258789,78.12999725341797,80.12999725341797,98.80999755859375,91.80000305175781,94.81999969482422,89.4800033569336,94.62000274658203
40.csv_Day7_12h30m,61.33000183105469,75.33999633789062,76.38999938964844,80.30999755859375,95.58999633789062,89.69999694824219,90.95999908447266,85.6500015258789,92.16999816894531
40.csv_Day7_13h00m,63.310001373291016,71.51000213623047,78.3499984741211,85.22000122070312,102.30000305175781,92.43000030517578,89.11000061035156,85.93000030517578,90.55000305175781
40.csv_Day7_13h30m,71.45999908447266,68.9800033569336,77.27999877929688,82.5199966430664,88.93000030517578,87.69999694824219,86.83000183105469,88.69000244140625,89.16000366210938
40.csv_Day7_14h00m,72.95999908447266,68.48999786376953,64.63999938964844,75.73999786376953,80.37999725341797,83.06999969482422,85.23999786376953,88.37000274658203,85.66000366210938
40.csv_Day7_14h30m,58.970001220703125,60.77000045776367,49.310001373291016,71.45999908447266,72.29000091552734,77.12999725341797,78.7699966430664,80.22000122070312,79.43000030517578
40.csv_Day7_15h00m,50.22999954223633,51.29999923706055,61.0,64.9000015258789,67.55999755859375,69.0,69.69999694824219,70.5199966430664,71.8499984741211
40.csv_Day7_15h30m,41.349998474121094,41.93000030517578,56.790000915527344,57.040000915527344,60.97999954223633,60.939998626708984,61.2400016784668,62.220001220703125,63.790000915527344
40.csv_Day7_16h00m,36.349998474121094,28.309999465942383,43.84000015258789,51.93000030517578,51.95000076293945,54.0,54.209999084472656,54.66999816894531,55.79999923706055
40.csv_Day7_16h30m,29.510000228881836,29.549999237060547,40.31999969482422,41.540000915527344,44.7400016784668,44.869998931884766,44.95000076293945,46.16999816894531,46.81999969482422
40.csv_Day7_17h00m,19.639999389648438,15.510000228881836,31.649999618530273,17.950000762939453,33.0,35.939998626708984,36.08000183105469,37.40999984741211,37.72999954223633
40.csv_Day7_17h30m,11.5,18.940000534057617,20.770000457763672,22.93000030517578,25.850000381469727,26.0,27.059999465942383,28.079999923706055,28.829999923706055
40.csv_Day7_18h00m,3.259999990463257,9.989999771118164,9.300000190734863,5.730000019073486,17.25,17.06999969482422,20.40999984741211,19.18000030517578,19.940000534057617
40.csv_Day7_18h30m,7.559999942779541,7.710000038146973,7.349999904632568,4.170000076293945,12.289999961853027,9.079999923706055,9.649999618530273,10.6899995803833,10.920000076293945
40.csv_Day7_19h00m,0.6499999761581421,1.6100000143051147,1.1100000143051147,1.149999976158142,2.4800000190734863,2.799999952316284,3.2300000190734863,2.809999942779541,3.6600000858306885
40.csv_Day7_19h30m,0.0,0.0,0.0,0.0,0.0,0.0,0.0,0.0,0.0
40.csv_Day7_20h00m,0.0,0.0,0.0,0.0,0.0,0.0,0.0,0.0,0.0
40.csv_Day7_20h30m,0.0,0.0,0.0,0.0,0.0,0.0,0.0,0.0,0.0
40.csv_Day7_21h00m,0.0,0.0,0.0,0.0,0.0,0.0,0.0,0.0,0.0
40.csv_Day7_21h30m,0.0,0.0,0.0,0.0,0.0,0.0,0.0,0.0,0.0
40.csv_Day7_22h00m,0.0,0.0,0.0,0.0,0.0,0.0,0.0,0.0,0.0
40.csv_Day7_22h30m,0.0,0.0,0.0,0.0,0.0,0.0,0.0,0.0,0.0
40.csv_Day7_23h00m,0.0,0.0,0.0,0.0,0.0,0.0,0.0,0.0,0.0
40.csv_Day7_23h30m,0.0,0.0,0.0,0.0,0.0,0.0,0.0,0.0,0.0
40.csv_Day8_0h00m,0.0,0.0,0.0,0.0,0.0,0.0,0.0,0.0,0.0
40.csv_Day8_0h30m,0.0,0.0,0.0,0.0,0.0,0.0,0.0,0.0,0.0
40.csv_Day8_1h00m,0.0,0.0,0.0,0.0,0.0,0.0,0.0,0.0,0.0
40.csv_Day8_1h30m,0.0,0.0,0.0,0.0,0.0,0.0,0.0,0.0,0.0
40.csv_Day8_2h00m,0.0,0.0,0.0,0.0,0.0,0.0,0.0,0.0,0.0
40.csv_Day8_2h30m,0.0,0.0,0.0,0.0,0.0,0.0,0.0,0.0,0.0
40.csv_Day8_3h00m,0.0,0.0,0.0,0.0,0.0,0.0,0.0,0.0,0.0
40.csv_Day8_3h30m,0.0,0.0,0.0,0.0,0.0,0.0,0.0,0.0,0.0
40.csv_Day8_4h00m,0.0,0.0,0.0,0.0,0.0,0.0,0.0,0.0,0.0
40.csv_Day8_4h30m,0.0,0.0,0.0,0.0,0.0,0.0,0.0,0.0,0.0
40.csv_Day8_5h00m,0.07000000029802322,0.9200000166893005,0.2199999988079071,0.03999999910593033,2.0299999713897705,0.3700000047683716,1.1100000143051147,1.4500000476837158,2.5299999713897705
40.csv_Day8_5h30m,5.300000190734863,5.199999809265137,4.570000171661377,5.829999923706055,6.059999942779541,7.079999923706055,6.349999904632568,8.0600004196167,7.53000020980835
40.csv_Day8_6h00m,6.869999885559082,9.140000343322754,9.779999732971191,6.989999771118164,13.699999809265137,13.539999961853027,13.850000381469727,15.520000457763672,15.670000076293945
40.csv_Day8_6h30m,11.6899995803833,19.350000381469727,20.020000457763672,22.110000610351562,22.25,22.40999984741211,23.200000762939453,24.420000076293945,24.8799991607666
40.csv_Day8_7h00m,21.399999618530273,28.31999969482422,30.889999389648438,27.559999465942383,31.020000457763672,31.559999465942383,32.5099983215332,33.66999816894531,33.7599983215332
40.csv_Day8_7h30m,31.600000381469727,36.560001373291016,40.279998779296875,37.849998474121094,37.66999816894531,40.349998474121094,42.779998779296875,43.619998931884766,43.36000061035156
40.csv_Day8_8h00m,40.58000183105469,43.40999984741211,48.599998474121094,48.209999084472656,48.459999084472656,50.56999969482422,51.439998626708984,53.02000045776367,53.349998474121094
40.csv_Day8_8h30m,47.959999084472656,51.27000045776367,56.31999969482422,55.95000076293945,56.439998626708984,59.63999938964844,60.58000183105469,62.220001220703125,62.66999816894531
40.csv_Day8_9h00m,52.529998779296875,53.540000915527344,59.279998779296875,63.290000915527344,65.48999786376953,67.26000213623047,66.97000122070312,69.55000305175781,69.58000183105469
40.csv_Day8_9h30m,49.040000915527344,58.529998779296875,59.58000183105469,68.51000213623047,75.2300033569336,73.0999984741211,74.97000122070312,76.30999755859375,77.2300033569336
40.csv_Day8_10h00m,29.65999984741211,56.43000030517578,59.63999938964844,70.69999694824219,79.9000015258789,80.06999969482422,80.45999908447266,82.05000305175781,83.2300033569336
40.csv_Day8_10h30m,35.70000076293945,60.849998474121094,60.25,71.55999755859375,84.48999786376953,85.83999633789062,85.69000244140625,87.56999969482422,88.0199966430664
40.csv_Day8_11h00m,50.91999816894531,66.73999786376953,70.25,76.51000213623047,88.5999984741211,89.5199966430664,89.01000213623047,91.5999984741211,91.1500015258789
40.csv_Day8_11h30m,52.02000045776367,64.4000015258789,79.5999984741211,75.4000015258789,90.31999969482422,91.62999725341797,89.13999938964844,92.0199966430664,92.9000015258789
40.csv_Day8_12h00m,51.13999938964844,72.05000305175781,81.83000183105469,79.6500015258789,98.88999938964844,88.56999969482422,93.98999786376953,91.95999908447266,94.58000183105469
40.csv_Day8_12h30m,61.349998474121094,75.76000213623047,86.27999877929688,79.81999969482422,95.66000366210938,87.97000122070312,90.16000366210938,90.12999725341797,92.12999725341797
40.csv_Day8_13h00m,63.77000045776367,71.91000366210938,87.06999969482422,84.70999908447266,102.37999725341797,88.19999694824219,88.33000183105469,89.08000183105469,90.51000213623047
40.csv_Day8_13h30m,66.72000122070312,69.37000274658203,81.1500015258789,82.0199966430664,88.98999786376953,86.06999969482422,86.06999969482422,88.7300033569336,89.12000274658203
40.csv_Day8_14h00m,63.16999816894531,68.87000274658203,70.18000030517578,75.27999877929688,80.44000244140625,83.93000030517578,84.48999786376953,86.43000030517578,85.62000274658203
40.csv_Day8_14h30m,52.02000045776367,61.11000061035156,56.400001525878906,71.02999877929688,72.3499984741211,77.4000015258789,78.08000183105469,79.61000061035156,79.4000015258789
40.csv_Day8_15h00m,46.029998779296875,51.59000015258789,60.9900016784668,64.51000213623047,67.61000061035156,69.16000366210938,69.08000183105469,70.94999694824219,71.81999969482422
40.csv_Day8_15h30m,39.619998931884766,42.16999816894531,55.86000061035156,56.70000076293945,61.029998779296875,61.2400016784668,60.68000030517578,62.900001525878906,63.7599983215332
40.csv_Day8_16h00m,31.989999771118164,28.469999313354492,40.70000076293945,51.619998931884766,51.9900016784668,53.58000183105469,53.720001220703125,54.91999816894531,55.77000045776367
40.csv_Day8_16h30m,26.700000762939453,29.719999313354492,36.52000045776367,41.290000915527344,44.77000045776367,44.060001373291016,44.529998779296875,45.52000045776367,46.79999923706055
40.csv_Day8_17h00m,18.649999618530273,15.59000015258789,28.729999542236328,17.84000015258789,33.02000045776367,34.619998931884766,35.91999816894531,36.77000045776367,37.720001220703125
40.csv_Day8_17h30m,12.039999961853027,19.049999237060547,16.889999389648438,22.790000915527344,25.8700008392334,25.09000015258789,27.65999984741211,27.799999237060547,28.809999465942383
40.csv_Day8_18h00m,0.3499999940395355,10.050000190734863,9.949999809265137,5.690000057220459,17.260000228881836,16.25,20.329999923706055,19.260000228881836,19.93000030517578
40.csv_Day8_18h30m,0.0,7.760000228881836,5.139999866485596,4.150000095367432,12.300000190734863,8.789999961853027,9.520000457763672,10.579999923706055,10.920000076293945
40.csv_Day8_19h00m,0.25,1.6200000047683716,0.7599999904632568,1.1399999856948853,2.4800000190734863,2.549999952316284,3.1700000762939453,2.5899999141693115,3.6600000858306885
40.csv_Day8_19h30m,0.0,0.0,0.0,0.0,0.0,0.0,0.0,0.0,0.0
40.csv_Day8_20h00m,0.0,0.0,0.0,0.0,0.0,0.0,0.0,0.0,0.0
40.csv_Day8_20h30m,0.0,0.0,0.0,0.0,0.0,0.0,0.0,0.0,0.0
40.csv_Day8_21h00m,0.0,0.0,0.0,0.0,0.0,0.0,0.0,0.0,0.0
40.csv_Day8_21h30m,0.0,0.0,0.0,0.0,0.0,0.0,0.0,0.0,0.0
40.csv_Day8_22h00m,0.0,0.0,0.0,0.0,0.0,0.0,0.0,0.0,0.0
40.csv_Day8_22h30m,0.0,0.0,0.0,0.0,0.0,0.0,0.0,0.0,0.0
40.csv_Day8_23h00m,0.0,0.0,0.0,0.0,0.0,0.0,0.0,0.0,0.0
40.csv_Day8_23h30m,0.0,0.0,0.0,0.0,0.0,0.0,0.0,0.0,0.0
41.csv_Day7_0h00m,0.0,0.0,0.0,0.0,0.0,0.0,0.0,0.0,0.0
41.csv_Day7_0h30m,0.0,0.0,0.0,0.0,0.0,0.0,0.0,0.0,0.0
41.csv_Day7_1h00m,0.0,0.0,0.0,0.0,0.0,0.0,0.0,0.0,0.0
41.csv_Day7_1h30m,0.0,0.0,0.0,0.0,0.0,0.0,0.0,0.0,0.0
41.csv_Day7_2h00m,0.0,0.0,0.0,0.0,0.0,0.0,0.0,0.0,0.0
41.csv_Day7_2h30m,0.0,0.0,0.0,0.0,0.0,0.0,0.0,0.0,0.0
41.csv_Day7_3h00m,0.0,0.0,0.0,0.0,0.0,0.0,0.0,0.0,0.0
41.csv_Day7_3h30m,0.0,0.0,0.0,0.0,0.0,0.0,0.0,0.0,0.0
41.csv_Day7_4h00m,0.0,0.0,0.0,0.0,0.0,0.0,0.0,0.0,0.0
41.csv_Day7_4h30m,0.0,0.0,0.0,0.0,0.0,0.0,0.0,0.0,0.0
41.csv_Day7_5h00m,0.0,0.0,0.0,0.0,0.0,0.0,0.0,0.0,0.0
41.csv_Day7_5h30m,1.2699999809265137,1.840000033378601,2.9100000858306885,2.6600000858306885,3.240000009536743,3.2300000190734863,3.4800000190734863,3.2100000381469727,3.390000104904175
41.csv_Day7_6h00m,4.199999809265137,6.179999828338623,9.130000114440918,9.4399995803833,9.029999732971191,9.90999984741211,10.479999542236328,10.5,11.1899995803833
41.csv_Day7_6h30m,1.7400000095367432,6.809999942779541,17.219999313354492,16.579999923706055,15.050000190734863,18.290000915527344,18.969999313354492,19.469999313354492,19.950000762939453
41.csv_Day7_7h00m,18.290000915527344,17.200000762939453,28.6299991607666,25.360000610351562,21.489999771118164,27.049999237060547,28.969999313354492,29.049999237060547,29.18000030517578
41.csv_Day7_7h30m,25.780000686645508,29.65999984741211,38.02000045776367,31.06999969482422,25.200000762939453,36.689998626708984,38.619998931884766,39.04999923706055,39.41999816894531
41.csv_Day7_8h00m,42.439998626708984,37.400001525878906,45.880001068115234,47.09000015258789,39.66999816894531,47.45000076293945,47.93000030517578,48.7599983215332,48.880001068115234
41.csv_Day7_8h30m,53.560001373291016,46.25,53.0,56.91999816894531,46.560001373291016,56.38999938964844,56.630001068115234,57.790000915527344,58.2400016784668
41.csv_Day7_9h00m,54.029998779296875,55.93000030517578,59.540000915527344,64.06999969482422,61.939998626708984,64.4000015258789,64.98999786376953,65.33000183105469,66.51000213623047
41.csv_Day7_9h30m,59.0,63.880001068115234,68.87000274658203,62.040000915527344,69.58999633789062,72.44000244140625,74.06999969482422,74.87000274658203,75.16000366210938
41.csv_Day7_10h00m,52.16999816894531,70.30000305175781,75.88999938964844,71.30999755859375,76.6500015258789,78.30000305175781,80.2699966430664,79.61000061035156,80.66999816894531
41.csv_Day7_10h30m,37.349998474121094,77.44000244140625,83.05000305175781,85.11000061035156,80.63999938964844,85.33999633789062,83.98999786376953,84.19999694824219,84.95999908447266
41.csv_Day7_11h00m,50.7400016784668,82.38999938964844,88.4800033569336,89.5,87.91999816894531,90.16000366210938,89.22000122070312,89.86000061035156,89.0199966430664
41.csv_Day7_11h30m,34.16999816894531,74.11000061035156,83.95999908447266,88.83999633789062,87.81999969482422,90.43000030517578,89.02999877929688,90.22000122070312,90.62000274658203
41.csv_Day7_12h00m,44.40999984741211,70.55000305175781,81.69000244140625,80.51000213623047,90.44000244140625,91.08999633789062,90.4000015258789,92.02999877929688,91.69000244140625
41.csv_Day7_12h30m,36.81999969482422,68.12000274658203,71.29000091552734,67.29000091552734,89.68000030517578,90.30999755859375,89.51000213623047,91.33000183105469,91.01000213623047
41.csv_Day7_13h00m,34.849998474121094,65.43000030517578,64.54000091552734,56.11000061035156,87.5199966430664,88.12000274658203,87.3499984741211,89.33000183105469,88.94000244140625
41.csv_Day7_13h30m,27.100000381469727,60.18000030517578,60.220001220703125,47.779998779296875,84.02999877929688,84.68000030517578,83.87000274658203,85.93000030517578,85.54000091552734
41.csv_Day7_14h00m,31.5,57.04999923706055,59.97999954223633,52.439998626708984,79.55000305175781,79.62000274658203,79.3499984741211,81.3499984741211,80.86000061035156
41.csv_Day7_14h30m,23.239999771118164,50.029998779296875,57.150001525878906,49.41999816894531,73.9800033569336,73.97000122070312,73.48999786376953,75.37999725341797,74.98999786376953
41.csv_Day7_15h00m,40.29999923706055,44.869998931884766,52.88999938964844,53.09000015258789,66.16999816894531,66.61000061035156,66.69999694824219,68.54000091552734,68.20999908447266
41.csv_Day7_15h30m,35.27000045776367,35.34000015258789,46.130001068115234,45.31999969482422,58.0099983215332,59.439998626708984,58.83000183105469,60.290000915527344,60.27000045776367
41.csv_Day7_16h00m,35.11000061035156,32.41999816894531,40.33000183105469,42.560001373291016,45.880001068115234,50.220001220703125,50.22999954223633,51.470001220703125,51.27000045776367
41.csv_Day7_16h30m,5.079999923706055,24.079999923706055,29.860000610351562,39.09000015258789,35.279998779296875,40.369998931884766,39.65999984741211,40.43000030517578,41.63999938964844
41.csv_Day7_17h00m,15.579999923706055,21.969999313354492,12.819999694824219,31.649999618530273,24.65999984741211,31.959999084472656,30.510000228881836,31.540000915527344,32.43000030517578
41.csv_Day7_17h30m,12.199999809265137,12.630000114440918,10.84000015258789,16.219999313354492,13.789999961853027,21.34000015258789,21.0,22.31999969482422,23.100000381469727
41.csv_Day7_18h00m,6.260000228881836,4.400000095367432,10.25,9.859999656677246,11.819999694824219,12.510000228881836,13.079999923706055,13.729999542236328,14.210000038146973
41.csv_Day7_18h30m,0.5400000214576721,2.440000057220459,3.6600000858306885,3.6700000762939453,4.389999866485596,5.619999885559082,5.159999847412109,5.389999866485596,5.760000228881836
41.csv_Day7_19h00m,0.0,0.0,0.0,0.0,0.0,0.0,0.0,0.0,0.0
41.csv_Day7_19h30m,0.0,0.0,0.0,0.0,0.0,0.0,0.0,0.0,0.0
41.csv_Day7_20h00m,0.0,0.0,0.0,0.0,0.0,0.0,0.0,0.0,0.0
41.csv_Day7_20h30m,0.0,0.0,0.0,0.0,0.0,0.0,0.0,0.0,0.0
41.csv_Day7_21h00m,0.0,0.0,0.0,0.0,0.0,0.0,0.0,0.0,0.0
41.csv_Day7_21h30m,0.0,0.0,0.0,0.0,0.0,0.0,0.0,0.0,0.0
41.csv_Day7_22h00m,0.0,0.0,0.0,0.0,0.0,0.0,0.0,0.0,0.0
41.csv_Day7_22h30m,0.0,0.0,0.0,0.0,0.0,0.0,0.0,0.0,0.0
41.csv_Day7_23h00m,0.0,0.0,0.0,0.0,0.0,0.0,0.0,0.0,0.0
41.csv_Day7_23h30m,0.0,0.0,0.0,0.0,0.0,0.0,0.0,0.0,0.0
41.csv_Day8_0h00m,0.0,0.0,0.0,0.0,0.0,0.0,0.0,0.0,0.0
41.csv_Day8_0h30m,0.0,0.0,0.0,0.0,0.0,0.0,0.0,0.0,0.0
41.csv_Day8_1h00m,0.0,0.0,0.0,0.0,0.0,0.0,0.0,0.0,0.0
41.csv_Day8_1h30m,0.0,0.0,0.0,0.0,0.0,0.0,0.0,0.0,0.0
41.csv_Day8_2h00m,0.0,0.0,0.0,0.0,0.0,0.0,0.0,0.0,0.0
41.csv_Day8_2h30m,0.0,0.0,0.0,0.0,0.0,0.0,0.0,0.0,0.0
41.csv_Day8_3h00m,0.0,0.0,0.0,0.0,0.0,0.0,0.0,0.0,0.0
41.csv_Day8_3h30m,0.0,0.0,0.0,0.0,0.0,0.0,0.0,0.0,0.0
41.csv_Day8_4h00m,0.0,0.0,0.0,0.0,0.0,0.0,0.0,0.0,0.0
41.csv_Day8_4h30m,0.0,0.0,0.0,0.0,0.0,0.0,0.0,0.0,0.0
41.csv_Day8_5h00m,0.0,0.0,0.0,0.0,0.0,0.0,0.0,0.0,0.0
41.csv_Day8_5h30m,1.3899999856948853,1.850000023841858,2.2300000190734863,2.640000104904175,3.240000009536743,3.109999895095825,3.430000066757202,3.140000104904175,3.390000104904175
41.csv_Day8_6h00m,5.630000114440918,6.210000038146973,8.25,9.390000343322754,9.029999732971191,10.039999961853027,10.359999656677246,10.8100004196167,11.180000305175781
41.csv_Day8_6h30m,5.539999961853027,6.849999904632568,16.059999465942383,16.479999542236328,15.0600004196167,17.90999984741211,18.770000457763672,19.799999237060547,19.940000534057617
41.csv_Day8_7h00m,19.5,17.299999237060547,24.139999389648438,25.209999084472656,21.510000228881836,27.6200008392334,28.68000030517578,29.389999389648438,29.170000076293945
41.csv_Day8_7h30m,28.200000762939453,29.81999969482422,28.170000076293945,30.889999389648438,25.219999313354492,38.25,38.25,39.22999954223633,39.400001525878906
41.csv_Day8_8h00m,43.15999984741211,37.61000061035156,37.15999984741211,46.810001373291016,39.70000076293945,48.27000045776367,47.4900016784668,48.41999816894531,48.86000061035156
41.csv_Day8_8h30m,50.4900016784668,46.5099983215332,46.18000030517578,56.58000183105469,46.599998474121094,56.52000045776367,56.119998931884766,56.790000915527344,58.220001220703125
41.csv_Day8_9h00m,53.7599983215332,56.25,58.119998931884766,63.689998626708984,61.9900016784668,64.72000122070312,64.41000366210938,65.55999755859375,66.4800033569336
41.csv_Day8_9h30m,62.040000915527344,64.23999786376953,67.13999938964844,61.66999816894531,69.63999938964844,72.87999725341797,73.41999816894531,75.51000213623047,75.12999725341797
41.csv_Day8_10h00m,58.880001068115234,70.69999694824219,73.12000274658203,70.87999725341797,76.70999908447266,79.54000091552734,79.55999755859375,80.30999755859375,80.63999938964844
41.csv_Day8_10h30m,54.02000045776367,77.87999725341797,77.12999725341797,84.5999984741211,80.69999694824219,85.31999969482422,83.25,83.76000213623047,84.93000030517578
41.csv_Day8_11h00m,67.48999786376953,82.8499984741211,83.0999984741211,88.95999908447266,87.98999786376953,90.08000183105469,88.44000244140625,87.94000244140625,88.9800033569336
41.csv_Day8_11h30m,53.15999984741211,74.5199966430664,83.66999816894531,88.30000305175781,87.88999938964844,92.05000305175781,88.23999786376953,89.30999755859375,90.58000183105469
41.csv_Day8_12h00m,56.720001220703125,70.94999694824219,86.11000061035156,80.02999877929688,90.51000213623047,94.55999755859375,89.5999984741211,90.86000061035156,91.6500015258789
41.csv_Day8_12h30m,53.79999923706055,68.5,85.08999633789062,66.87999725341797,89.75,93.79000091552734,88.72000122070312,90.0199966430664,90.97000122070312
41.csv_Day8_13h00m,52.58000183105469,65.80000305175781,82.16999816894531,55.779998779296875,87.58999633789062,91.7699966430664,86.58000183105469,87.97000122070312,88.91000366210938
41.csv_Day8_13h30m,48.380001068115234,60.5099983215332,79.08000183105469,47.5,84.08999633789062,88.08999633789062,83.12999725341797,84.45999908447266,85.5
41.csv_Day8_14h00m,49.20000076293945,57.369998931884766,73.55000305175781,52.119998931884766,79.61000061035156,82.76000213623047,78.63999938964844,79.97000122070312,80.83000183105469
41.csv_Day8_14h30m,44.81999969482422,50.310001373291016,68.08999633789062,49.119998931884766,74.04000091552734,76.41000366210938,72.83999633789062,73.91999816894531,74.94999694824219
41.csv_Day8_15h00m,48.369998931884766,45.119998931884766,59.900001525878906,52.77000045776367,66.22000122070312,68.6500015258789,66.0999984741211,67.26000213623047,68.18000030517578
41.csv_Day8_15h30m,44.18000030517578,35.540000915527344,53.380001068115234,45.04999923706055,58.04999923706055,60.25,58.29999923706055,59.189998626708984,60.2400016784668
41.csv_Day8_16h00m,40.689998626708984,32.599998474121094,44.5099983215332,42.310001373291016,45.91999816894531,51.29999923706055,49.77000045776367,50.79999923706055,51.25
41.csv_Day8_16h30m,24.860000610351562,24.219999313354492,32.970001220703125,38.86000061035156,35.29999923706055,40.9900016784668,39.290000915527344,40.040000915527344,41.630001068115234
41.csv_Day8_17h00m,19.8799991607666,22.09000015258789,25.479999542236328,31.459999084472656,24.68000030517578,32.060001373291016,30.219999313354492,31.579999923706055,32.40999984741211
41.csv_Day8_17h30m,16.209999084472656,12.699999809265137,19.25,16.1200008392334,13.800000190734863,20.850000381469727,21.040000915527344,22.479999542236328,23.09000015258789
41.csv_Day8_18h00m,0.4000000059604645,4.420000076293945,10.649999618530273,9.800000190734863,11.829999923706055,12.020000457763672,12.930000305175781,13.819999694824219,14.210000038146973
41.csv_Day8_18h30m,0.6399999856948853,2.4600000381469727,3.4200000762939453,3.6500000953674316,4.389999866485596,5.559999942779541,5.070000171661377,5.269999980926514,5.75
41.csv_Day8_19h00m,0.0,0.0,0.0,0.0,0.0,0.0,0.0,0.0,0.0
41.csv_Day8_19h30m,0.0,0.0,0.0,0.0,0.0,0.0,0.0,0.0,0.0
41.csv_Day8_20h00m,0.0,0.0,0.0,0.0,0.0,0.0,0.0,0.0,0.0
41.csv_Day8_20h30m,0.0,0.0,0.0,0.0,0.0,0.0,0.0,0.0,0.0
41.csv_Day8_21h00m,0.0,0.0,0.0,0.0,0.0,0.0,0.0,0.0,0.0
41.csv_Day8_21h30m,0.0,0.0,0.0,0.0,0.0,0.0,0.0,0.0,0.0
41.csv_Day8_22h00m,0.0,0.0,0.0,0.0,0.0,0.0,0.0,0.0,0.0
41.csv_Day8_22h30m,0.0,0.0,0.0,0.0,0.0,0.0,0.0,0.0,0.0
41.csv_Day8_23h00m,0.0,0.0,0.0,0.0,0.0,0.0,0.0,0.0,0.0
41.csv_Day8_23h30m,0.0,0.0,0.0,0.0,0.0,0.0,0.0,0.0,0.0
42.csv_Day7_0h00m,0.0,0.0,0.0,0.0,0.0,0.0,0.0,0.0,0.0
42.csv_Day7_0h30m,0.0,0.0,0.0,0.0,0.0,0.0,0.0,0.0,0.0
42.csv_Day7_1h00m,0.0,0.0,0.0,0.0,0.0,0.0,0.0,0.0,0.0
42.csv_Day7_1h30m,0.0,0.0,0.0,0.0,0.0,0.0,0.0,0.0,0.0
42.csv_Day7_2h00m,0.0,0.0,0.0,0.0,0.0,0.0,0.0,0.0,0.0
42.csv_Day7_2h30m,0.0,0.0,0.0,0.0,0.0,0.0,0.0,0.0,0.0
42.csv_Day7_3h00m,0.0,0.0,0.0,0.0,0.0,0.0,0.0,0.0,0.0
42.csv_Day7_3h30m,0.0,0.0,0.0,0.0,0.0,0.0,0.0,0.0,0.0
42.csv_Day7_4h00m,0.0,0.0,0.0,0.0,0.0,0.0,0.0,0.0,0.0
42.csv_Day7_4h30m,0.0,0.0,0.0,0.0,0.0,0.0,0.0,0.0,0.0
42.csv_Day7_5h00m,0.0,1.8899999856948853,0.9399999976158142,2.549999952316284,2.430000066757202,2.1700000762939453,4.449999809265137,4.010000228881836,4.25
42.csv_Day7_5h30m,2.109999895095825,3.180000066757202,2.319999933242798,7.980000019073486,9.720000267028809,8.75,9.479999542236328,9.760000228881836,11.369999885559082
42.csv_Day7_6h00m,2.309999942779541,11.75,10.460000038146973,13.699999809265137,22.010000228881836,16.6299991607666,18.420000076293945,16.6200008392334,19.010000228881836
42.csv_Day7_6h30m,12.8100004196167,17.290000915527344,17.06999969482422,23.420000076293945,31.579999923706055,25.540000915527344,27.420000076293945,26.850000381469727,28.31999969482422
42.csv_Day7_7h00m,24.549999237060547,23.100000381469727,26.40999984741211,40.56999969482422,40.52000045776367,36.09000015258789,36.709999084472656,36.84000015258789,38.59000015258789
42.csv_Day7_7h30m,33.81999969482422,31.399999618530273,21.639999389648438,47.029998779296875,49.0,43.650001525878906,46.20000076293945,48.310001373291016,46.36000061035156
42.csv_Day7_8h00m,43.560001373291016,39.560001373291016,35.16999816894531,56.22999954223633,55.11000061035156,54.06999969482422,54.88999938964844,57.970001220703125,55.22999954223633
42.csv_Day7_8h30m,56.52000045776367,43.959999084472656,56.43000030517578,63.7400016784668,64.47000122070312,64.02999877929688,64.66000366210938,67.12000274658203,64.98999786376953
42.csv_Day7_9h00m,53.08000183105469,46.79999923706055,64.68000030517578,68.87999725341797,71.66000366210938,68.81999969482422,71.77999877929688,73.2300033569336,71.48999786376953
42.csv_Day7_9h30m,58.08000183105469,50.29999923706055,71.9800033569336,70.95999908447266,76.11000061035156,74.1500015258789,75.44000244140625,78.6500015258789,73.93000030517578
42.csv_Day7_10h00m,52.29999923706055,52.77000045776367,56.27000045776367,69.58999633789062,77.68000030517578,78.5999984741211,78.31999969482422,80.91999816894531,77.08999633789062
42.csv_Day7_10h30m,45.83000183105469,48.310001373291016,72.93000030517578,76.12000274658203,81.36000061035156,87.48999786376953,84.8499984741211,84.52999877929688,85.94999694824219
42.csv_Day7_11h00m,50.31999969482422,42.83000183105469,71.0,76.41999816894531,83.51000213623047,90.06999969482422,90.91999816894531,89.52999877929688,88.9000015258789
42.csv_Day7_11h30m,14.779999732971191,25.850000381469727,38.54999923706055,73.80999755859375,78.16999816894531,76.91999816894531,92.83000183105469,92.41000366210938,96.72000122070312
42.csv_Day7_12h00m,1.4900000095367432,19.530000686645508,35.959999084472656,67.7699966430664,65.25,86.13999938964844,92.61000061035156,95.29000091552734,99.83999633789062
42.csv_Day7_12h30m,16.75,32.7599983215332,42.650001525878906,63.43000030517578,78.1500015258789,75.83000183105469,78.38999938964844,83.22000122070312,79.98999786376953
42.csv_Day7_13h00m,4.260000228881836,17.40999984741211,54.220001220703125,61.13999938964844,57.29999923706055,56.9900016784668,78.7699966430664,91.1500015258789,95.4000015258789
42.csv_Day7_13h30m,2.1500000953674316,13.720000267028809,16.510000228881836,52.13999938964844,63.9900016784668,27.56999969482422,73.66000366210938,74.5,85.45999908447266
42.csv_Day7_14h00m,2.140000104904175,4.869999885559082,10.5600004196167,51.849998474121094,62.810001373291016,34.810001373291016,70.98999786376953,77.33999633789062,87.08000183105469
42.csv_Day7_14h30m,15.270000457763672,23.350000381469727,56.59000015258789,50.65999984741211,49.54999923706055,67.23999786376953,71.44999694824219,69.12999725341797,76.36000061035156
42.csv_Day7_15h00m,3.109999895095825,14.649999618530273,40.439998626708984,54.77000045776367,75.2699966430664,64.58000183105469,67.55999755859375,66.87999725341797,65.22000122070312
42.csv_Day7_15h30m,17.3799991607666,10.789999961853027,47.68000030517578,52.13999938964844,58.33000183105469,57.779998779296875,59.029998779296875,57.290000915527344,59.2400016784668
42.csv_Day7_16h00m,5.230000019073486,20.170000076293945,29.489999771118164,32.40999984741211,40.08000183105469,29.389999389648438,42.2599983215332,36.95000076293945,51.150001525878906
42.csv_Day7_16h30m,1.4700000286102295,15.550000190734863,34.900001525878906,36.2599983215332,40.119998931884766,39.619998931884766,37.150001525878906,36.220001220703125,38.59000015258789
42.csv_Day7_17h00m,0.5699999928474426,2.200000047683716,26.75,30.940000534057617,38.040000915527344,33.86000061035156,32.97999954223633,31.549999237060547,35.810001373291016
42.csv_Day7_17h30m,1.690000057220459,1.9700000286102295,21.649999618530273,18.559999465942383,23.81999969482422,21.729999542236328,24.200000762939453,24.389999389648438,23.3799991607666
42.csv_Day7_18h00m,0.6399999856948853,2.2699999809265137,8.25,10.069999694824219,12.789999961853027,12.300000190734863,13.170000076293945,12.1899995803833,15.5
42.csv_Day7_18h30m,0.20000000298023224,1.8899999856948853,5.190000057220459,3.6700000762939453,7.989999771118164,3.359999895095825,7.260000228881836,8.220000267028809,9.140000343322754
42.csv_Day7_19h00m,0.0,0.05999999865889549,1.0,1.6399999856948853,0.8899999856948853,0.7900000214576721,3.3399999141693115,4.590000152587891,4.010000228881836
42.csv_Day7_19h30m,0.0,0.0,0.0,0.0,0.0,0.0,0.0,0.0,0.0
42.csv_Day7_20h00m,0.0,0.0,0.0,0.0,0.0,0.0,0.0,0.0,0.0
42.csv_Day7_20h30m,0.0,0.0,0.0,0.0,0.0,0.0,0.0,0.0,0.0
42.csv_Day7_21h00m,0.0,0.0,0.0,0.0,0.0,0.0,0.0,0.0,0.0
42.csv_Day7_21h30m,0.0,0.0,0.0,0.0,0.0,0.0,0.0,0.0,0.0
42.csv_Day7_22h00m,0.0,0.0,0.0,0.0,0.0,0.0,0.0,0.0,0.0
42.csv_Day7_22h30m,0.0,0.0,0.0,0.0,0.0,0.0,0.0,0.0,0.0
42.csv_Day7_23h00m,0.0,0.0,0.0,0.0,0.0,0.0,0.0,0.0,0.0
42.csv_Day7_23h30m,0.0,0.0,0.0,0.0,0.0,0.0,0.0,0.0,0.0
42.csv_Day8_0h00m,0.0,0.0,0.0,0.0,0.0,0.0,0.0,0.0,0.0
42.csv_Day8_0h30m,0.0,0.0,0.0,0.0,0.0,0.0,0.0,0.0,0.0
42.csv_Day8_1h00m,0.0,0.0,0.0,0.0,0.0,0.0,0.0,0.0,0.0
42.csv_Day8_1h30m,0.0,0.0,0.0,0.0,0.0,0.0,0.0,0.0,0.0
42.csv_Day8_2h00m,0.0,0.0,0.0,0.0,0.0,0.0,0.0,0.0,0.0
42.csv_Day8_2h30m,0.0,0.0,0.0,0.0,0.0,0.0,0.0,0.0,0.0
42.csv_Day8_3h00m,0.0,0.0,0.0,0.0,0.0,0.0,0.0,0.0,0.0
42.csv_Day8_3h30m,0.0,0.0,0.0,0.0,0.0,0.0,0.0,0.0,0.0
42.csv_Day8_4h00m,0.0,0.0,0.0,0.0,0.0,0.0,0.0,0.0,0.0
42.csv_Day8_4h30m,0.0,0.0,0.0,0.0,0.0,0.0,0.0,0.0,0.0
42.csv_Day8_5h00m,0.3100000023841858,1.899999976158142,2.0,2.5299999713897705,2.440000057220459,2.2699999809265137,4.460000038146973,4.179999828338623,4.25
42.csv_Day8_5h30m,3.890000104904175,3.200000047683716,7.28000020980835,7.929999828338623,9.729999542236328,10.789999961853027,9.75,12.430000305175781,11.359999656677246
42.csv_Day8_6h00m,5.320000171661377,11.819999694824219,17.200000762939453,13.619999885559082,22.030000686645508,19.43000030517578,19.09000015258789,19.989999771118164,19.0
42.csv_Day8_6h30m,14.170000076293945,17.389999389648438,26.309999465942383,23.280000686645508,31.600000381469727,28.899999618530273,28.520000457763672,29.43000030517578,28.309999465942383
42.csv_Day8_7h00m,24.1299991607666,23.229999542236328,35.0,40.33000183105469,40.54999923706055,39.58000183105469,38.279998779296875,39.310001373291016,38.58000183105469
42.csv_Day8_7h30m,32.08000183105469,31.579999923706055,42.290000915527344,46.7400016784668,49.040000915527344,45.63999938964844,47.79999923706055,47.220001220703125,46.34000015258789
42.csv_Day8_8h00m,44.709999084472656,39.790000915527344,46.869998931884766,55.88999938964844,55.150001525878906,55.38999938964844,55.060001373291016,56.959999084472656,55.209999084472656
42.csv_Day8_8h30m,58.939998626708984,44.209999084472656,54.77000045776367,63.36000061035156,64.5199966430664,64.54000091552734,64.08000183105469,65.94999694824219,64.95999908447266
42.csv_Day8_9h00m,54.790000915527344,47.060001373291016,55.84000015258789,68.47000122070312,71.70999908447266,70.36000061035156,71.13999938964844,71.79000091552734,71.45999908447266
42.csv_Day8_9h30m,58.630001068115234,50.58000183105469,65.91999816894531,70.52999877929688,76.16999816894531,76.7699966430664,74.7699966430664,76.79000091552734,73.9000015258789
42.csv_Day8_10h00m,44.18000030517578,53.06999969482422,71.56999969482422,69.18000030517578,77.73999786376953,84.75,77.63999938964844,80.05000305175781,77.05999755859375
42.csv_Day8_10h30m,45.5099983215332,48.58000183105469,77.0199966430664,75.66000366210938,81.41999816894531,88.26000213623047,84.11000061035156,85.5199966430664,85.91999816894531
42.csv_Day8_11h00m,41.130001068115234,43.06999969482422,78.13999938964844,75.95999908447266,83.56999969482422,91.2300033569336,90.12999725341797,90.62000274658203,88.86000061035156
42.csv_Day8_11h30m,25.959999084472656,26.0,73.81999969482422,73.36000061035156,78.2300033569336,61.650001525878906,96.81999969482422,93.44999694824219,96.68000030517578
42.csv_Day8_12h00m,29.43000030517578,19.639999389648438,72.44000244140625,67.37000274658203,65.30000305175781,90.08999633789062,96.80999755859375,92.04000091552734,99.79000091552734
42.csv_Day8_12h30m,9.319999694824219,32.95000076293945,61.150001525878906,63.04999923706055,78.20999908447266,79.01000213623047,80.97000122070312,75.62999725341797,79.95999908447266
42.csv_Day8_13h00m,1.9500000476837158,17.510000228881836,46.56999969482422,60.77000045776367,57.34000015258789,77.12999725341797,82.08999633789062,88.13999938964844,95.36000061035156
42.csv_Day8_13h30m,3.630000114440918,13.800000190734863,43.09000015258789,51.83000183105469,64.04000091552734,76.30000305175781,77.0,74.58999633789062,85.41999816894531
42.csv_Day8_14h00m,6.349999904632568,4.900000095367432,7.539999961853027,51.540000915527344,62.849998474121094,69.20999908447266,74.0,78.44999694824219,87.04000091552734
42.csv_Day8_14h30m,2.9800000190734863,23.479999542236328,31.15999984741211,50.349998474121094,49.59000015258789,54.959999084472656,74.66000366210938,66.97000122070312,76.33000183105469
42.csv_Day8_15h00m,0.8799999952316284,14.729999542236328,40.349998474121094,54.439998626708984,75.33000183105469,54.08000183105469,70.11000061035156,65.88999938964844,65.19000244140625
42.csv_Day8_15h30m,7.78000020980835,10.850000381469727,56.2599983215332,51.83000183105469,58.380001068115234,57.38999938964844,58.5,59.97999954223633,59.209999084472656
42.csv_Day8_16h00m,17.31999969482422,20.280000686645508,31.649999618530273,32.209999084472656,40.11000061035156,42.400001525878906,43.56999969482422,41.93000030517578,51.130001068115234
42.csv_Day8_16h30m,3.319999933242798,15.640000343322754,32.81999969482422,36.04999923706055,40.150001525878906,42.439998626708984,38.54999923706055,37.970001220703125,38.56999969482422
42.csv_Day8_17h00m,1.6699999570846558,2.2100000381469727,30.18000030517578,30.75,38.06999969482422,27.979999542236328,34.380001068115234,35.04999923706055,35.790000915527344
42.csv_Day8_17h30m,4.570000171661377,1.9800000190734863,23.469999313354492,18.450000762939453,23.84000015258789,24.170000076293945,24.239999771118164,26.1200008392334,23.3700008392334
42.csv_Day8_18h00m,1.350000023841858,2.2799999713897705,1.159999966621399,10.010000228881836,12.800000190734863,13.670000076293945,13.489999771118164,14.09000015258789,15.489999771118164
42.csv_Day8_18h30m,0.5199999809265137,1.899999976158142,5.329999923706055,3.640000104904175,8.0,4.690000057220459,7.150000095367432,8.880000114440918,9.140000343322754
42.csv_Day8_19h00m,0.0,0.05999999865889549,1.350000023841858,1.6299999952316284,0.8899999856948853,1.3200000524520874,3.2899999618530273,4.840000152587891,4.010000228881836
42.csv_Day8_19h30m,0.0,0.0,0.0,0.0,0.0,0.0,0.0,0.0,0.0
42.csv_Day8_20h00m,0.0,0.0,0.0,0.0,0.0,0.0,0.0,0.0,0.0
42.csv_Day8_20h30m,0.0,0.0,0.0,0.0,0.0,0.0,0.0,0.0,0.0
42.csv_Day8_21h00m,0.0,0.0,0.0,0.0,0.0,0.0,0.0,0.0,0.0
42.csv_Day8_21h30m,0.0,0.0,0.0,0.0,0.0,0.0,0.0,0.0,0.0
42.csv_Day8_22h00m,0.0,0.0,0.0,0.0,0.0,0.0,0.0,0.0,0.0
42.csv_Day8_22h30m,0.0,0.0,0.0,0.0,0.0,0.0,0.0,0.0,0.0
42.csv_Day8_23h00m,0.0,0.0,0.0,0.0,0.0,0.0,0.0,0.0,0.0
42.csv_Day8_23h30m,0.0,0.0,0.0,0.0,0.0,0.0,0.0,0.0,0.0
43.csv_Day7_0h00m,0.0,0.0,0.0,0.0,0.0,0.0,0.0,0.0,0.0
43.csv_Day7_0h30m,0.0,0.0,0.0,0.0,0.0,0.0,0.0,0.0,0.0
43.csv_Day7_1h00m,0.0,0.0,0.0,0.0,0.0,0.0,0.0,0.0,0.0
43.csv_Day7_1h30m,0.0,0.0,0.0,0.0,0.0,0.0,0.0,0.0,0.0
43.csv_Day7_2h00m,0.0,0.0,0.0,0.0,0.0,0.0,0.0,0.0,0.0
43.csv_Day7_2h30m,0.0,0.0,0.0,0.0,0.0,0.0,0.0,0.0,0.0
43.csv_Day7_3h00m,0.0,0.0,0.0,0.0,0.0,0.0,0.0,0.0,0.0
43.csv_Day7_3h30m,0.0,0.0,0.0,0.0,0.0,0.0,0.0,0.0,0.0
43.csv_Day7_4h00m,0.0,0.0,0.0,0.0,0.0,0.0,0.0,0.0,0.0
43.csv_Day7_4h30m,0.0,0.0,0.0,0.0,0.0,0.0,0.0,0.0,0.0
43.csv_Day7_5h00m,0.0,0.0,0.0,0.0,0.0,0.0,0.0,0.0,0.0
43.csv_Day7_5h30m,0.0,0.0,0.0,0.0,0.0,0.0,0.0,0.0,0.0
43.csv_Day7_6h00m,0.0,0.0,0.0,0.0,0.0,0.0,0.0,0.0,0.0
43.csv_Day7_6h30m,0.3100000023841858,1.190000057220459,3.200000047683716,3.809999942779541,2.5199999809265137,3.2100000381469727,3.5,3.7100000381469727,4.929999828338623
43.csv_Day7_7h00m,3.5199999809265137,6.699999809265137,9.59000015258789,11.180000305175781,8.569999694824219,5.880000114440918,11.539999961853027,10.699999809265137,13.59000015258789
43.csv_Day7_7h30m,2.4100000858306885,6.679999828338623,17.110000610351562,10.630000114440918,9.329999923706055,11.15999984741211,21.350000381469727,19.190000534057617,22.170000076293945
43.csv_Day7_8h00m,16.989999771118164,21.079999923706055,27.25,27.149999618530273,15.279999732971191,23.020000457763672,31.989999771118164,28.639999389648438,32.0099983215332
43.csv_Day7_8h30m,4.489999771118164,23.270000457763672,31.270000457763672,37.2400016784668,21.639999389648438,38.220001220703125,41.5099983215332,38.650001525878906,40.83000183105469
43.csv_Day7_9h00m,32.540000915527344,30.520000457763672,42.81999969482422,45.2599983215332,39.7599983215332,48.689998626708984,50.560001373291016,48.59000015258789,49.88999938964844
43.csv_Day7_9h30m,39.33000183105469,30.469999313354492,47.56999969482422,49.470001220703125,42.630001068115234,56.709999084472656,58.52000045776367,55.77000045776367,57.119998931884766
43.csv_Day7_10h00m,48.900001525878906,46.130001068115234,53.290000915527344,55.470001220703125,51.86000061035156,62.34000015258789,64.94000244140625,61.790000915527344,62.619998931884766
43.csv_Day7_10h30m,42.619998931884766,60.939998626708984,52.7400016784668,60.41999816894531,60.72999954223633,66.30000305175781,69.47000122070312,66.66000366210938,67.2300033569336
43.csv_Day7_11h00m,58.5,63.380001068115234,59.290000915527344,63.75,64.81999969482422,68.81999969482422,72.27999877929688,70.58000183105469,69.9800033569336
43.csv_Day7_11h30m,62.11000061035156,65.43000030517578,62.29999923706055,65.43000030517578,65.69999694824219,70.44999694824219,73.9800033569336,72.75,71.7300033569336
43.csv_Day7_12h00m,65.37999725341797,63.70000076293945,64.30000305175781,65.77999877929688,66.33999633789062,69.8499984741211,73.94000244140625,73.75,71.68000030517578
43.csv_Day7_12h30m,64.30000305175781,61.47999954223633,63.970001220703125,64.5,64.23999786376953,68.06999969482422,72.4800033569336,72.48999786376953,70.16999816894531
43.csv_Day7_13h00m,62.90999984741211,55.130001068115234,64.44000244140625,61.31999969482422,59.88999938964844,64.33000183105469,69.31999969482422,69.12999725341797,67.20999908447266
43.csv_Day7_13h30m,57.959999084472656,52.41999816894531,61.18000030517578,58.66999816894531,56.4900016784668,59.93000030517578,64.44000244140625,64.87999725341797,62.88999938964844
43.csv_Day7_14h00m,52.68000030517578,47.88999938964844,54.66999816894531,52.9900016784668,51.38999938964844,54.130001068115234,58.5099983215332,59.779998779296875,57.15999984741211
43.csv_Day7_14h30m,46.540000915527344,44.40999984741211,48.880001068115234,46.470001220703125,47.41999816894531,47.22999954223633,51.220001220703125,52.7400016784668,50.29999923706055
43.csv_Day7_15h00m,36.65999984741211,37.84000015258789,38.81999969482422,36.529998779296875,36.65999984741211,38.7400016784668,42.79999923706055,43.189998626708984,42.209999084472656
43.csv_Day7_15h30m,29.43000030517578,33.93000030517578,30.479999542236328,27.270000457763672,28.780000686645508,29.40999984741211,33.630001068115234,33.38999938964844,33.41999816894531
43.csv_Day7_16h00m,15.109999656677246,24.68000030517578,20.989999771118164,20.229999542236328,22.280000686645508,20.40999984741211,23.600000381469727,23.559999465942383,24.280000686645508
43.csv_Day7_16h30m,9.119999885559082,14.899999618530273,10.1899995803833,10.449999809265137,11.279999732971191,10.649999618530273,12.479999542236328,11.819999694824219,14.65999984741211
43.csv_Day7_17h00m,6.25,2.9700000286102295,5.900000095367432,6.130000114440918,4.78000020980835,5.730000019073486,5.550000190734863,6.659999847412109,6.690000057220459
43.csv_Day7_17h30m,0.0,0.0,0.0,0.0,0.0,0.0,0.0,0.0,0.0
43.csv_Day7_18h00m,0.0,0.0,0.0,0.0,0.0,0.0,0.0,0.0,0.0
43.csv_Day7_18h30m,0.0,0.0,0.0,0.0,0.0,0.0,0.0,0.0,0.0
43.csv_Day7_19h00m,0.0,0.0,0.0,0.0,0.0,0.0,0.0,0.0,0.0
43.csv_Day7_19h30m,0.0,0.0,0.0,0.0,0.0,0.0,0.0,0.0,0.0
43.csv_Day7_20h00m,0.0,0.0,0.0,0.0,0.0,0.0,0.0,0.0,0.0
43.csv_Day7_20h30m,0.0,0.0,0.0,0.0,0.0,0.0,0.0,0.0,0.0
43.csv_Day7_21h00m,0.0,0.0,0.0,0.0,0.0,0.0,0.0,0.0,0.0
43.csv_Day7_21h30m,0.0,0.0,0.0,0.0,0.0,0.0,0.0,0.0,0.0
43.csv_Day7_22h00m,0.0,0.0,0.0,0.0,0.0,0.0,0.0,0.0,0.0
43.csv_Day7_22h30m,0.0,0.0,0.0,0.0,0.0,0.0,0.0,0.0,0.0
43.csv_Day7_23h00m,0.0,0.0,0.0,0.0,0.0,0.0,0.0,0.0,0.0
43.csv_Day7_23h30m,0.0,0.0,0.0,0.0,0.0,0.0,0.0,0.0,0.0
43.csv_Day8_0h00m,0.0,0.0,0.0,0.0,0.0,0.0,0.0,0.0,0.0
43.csv_Day8_0h30m,0.0,0.0,0.0,0.0,0.0,0.0,0.0,0.0,0.0
43.csv_Day8_1h00m,0.0,0.0,0.0,0.0,0.0,0.0,0.0,0.0,0.0
43.csv_Day8_1h30m,0.0,0.0,0.0,0.0,0.0,0.0,0.0,0.0,0.0
43.csv_Day8_2h00m,0.0,0.0,0.0,0.0,0.0,0.0,0.0,0.0,0.0
43.csv_Day8_2h30m,0.0,0.0,0.0,0.0,0.0,0.0,0.0,0.0,0.0
43.csv_Day8_3h00m,0.0,0.0,0.0,0.0,0.0,0.0,0.0,0.0,0.0
43.csv_Day8_3h30m,0.0,0.0,0.0,0.0,0.0,0.0,0.0,0.0,0.0
43.csv_Day8_4h00m,0.0,0.0,0.0,0.0,0.0,0.0,0.0,0.0,0.0
43.csv_Day8_4h30m,0.0,0.0,0.0,0.0,0.0,0.0,0.0,0.0,0.0
43.csv_Day8_5h00m,0.0,0.0,0.0,0.0,0.0,0.0,0.0,0.0,0.0
43.csv_Day8_5h30m,0.0,0.0,0.0,0.0,0.0,0.0,0.0,0.0,0.0
43.csv_Day8_6h00m,0.0,0.0,0.0,0.0,0.0,0.0,0.0,0.0,0.0
43.csv_Day8_6h30m,1.2799999713897705,1.190000057220459,1.409999966621399,3.7799999713897705,2.5199999809265137,2.119999885559082,3.4800000190734863,4.0,4.929999828338623
43.csv_Day8_7h00m,6.900000095367432,6.739999771118164,7.03000020980835,11.119999885559082,8.579999923706055,6.630000114440918,11.399999618530273,11.369999885559082,13.59000015258789
43.csv_Day8_7h30m,13.9399995803833,6.710000038146973,15.40999984741211,10.569999694824219,9.34000015258789,12.789999961853027,21.1299991607666,20.600000381469727,22.15999984741211
43.csv_Day8_8h00m,14.760000228881836,21.200000762939453,23.010000228881836,26.989999771118164,15.289999961853027,18.450000762939453,31.68000030517578,30.09000015258789,32.0
43.csv_Day8_8h30m,14.170000076293945,23.399999618530273,18.829999923706055,37.02000045776367,21.65999984741211,29.40999984741211,41.119998931884766,39.970001220703125,40.81999969482422
43.csv_Day8_9h00m,22.209999084472656,30.690000534057617,20.15999984741211,44.9900016784668,39.790000915527344,40.22999954223633,50.099998474121094,49.38999938964844,49.869998931884766
43.csv_Day8_9h30m,20.219999313354492,30.639999389648438,23.93000030517578,49.16999816894531,42.65999984741211,51.540000915527344,58.0,57.34000015258789,57.09000015258789
43.csv_Day8_10h00m,39.90999984741211,46.38999938964844,41.58000183105469,55.13999938964844,51.900001525878906,57.279998779296875,64.36000061035156,64.41000366210938,62.59000015258789
43.csv_Day8_10h30m,46.470001220703125,61.279998779296875,36.77000045776367,60.060001373291016,60.77000045776367,63.810001373291016,68.8499984741211,68.91000366210938,67.19999694824219
43.csv_Day8_11h00m,52.41999816894531,63.72999954223633,42.77000045776367,63.369998931884766,64.87000274658203,67.43000030517578,71.62999725341797,72.69000244140625,69.94999694824219
43.csv_Day8_11h30m,54.4900016784668,65.80000305175781,43.75,65.04000091552734,65.76000213623047,69.0199966430664,73.31999969482422,74.80000305175781,71.69999694824219
43.csv_Day8_12h00m,57.880001068115234,64.05999755859375,43.150001525878906,65.37999725341797,66.38999938964844,69.41000366210938,73.29000091552734,75.20999908447266,71.6500015258789
43.csv_Day8_12h30m,58.060001373291016,61.83000183105469,46.650001525878906,64.11000061035156,64.29000091552734,67.7699966430664,71.83999633789062,73.75,70.12999725341797
43.csv_Day8_13h00m,57.869998931884766,55.439998626708984,48.36000061035156,60.95000076293945,59.939998626708984,64.08999633789062,68.70999908447266,70.93000030517578,67.18000030517578
43.csv_Day8_13h30m,54.95000076293945,52.720001220703125,49.27000045776367,58.31999969482422,56.529998779296875,59.689998626708984,63.86000061035156,66.44000244140625,62.869998931884766
43.csv_Day8_14h00m,49.95000076293945,48.15999984741211,43.25,52.66999816894531,51.43000030517578,53.38999938964844,57.97999954223633,59.88999938964844,57.13999938964844
43.csv_Day8_14h30m,44.040000915527344,44.65999984741211,39.040000915527344,46.189998626708984,47.45000076293945,46.970001220703125,50.7599983215332,52.2400016784668,50.279998779296875
43.csv_Day8_15h00m,34.08000183105469,38.04999923706055,30.1299991607666,36.310001373291016,36.689998626708984,38.06999969482422,42.400001525878906,42.15999984741211,42.189998626708984
43.csv_Day8_15h30m,28.31999969482422,34.119998931884766,23.979999542236328,27.100000381469727,28.799999237060547,28.149999618530273,33.310001373291016,32.11000061035156,33.40999984741211
43.csv_Day8_16h00m,12.600000381469727,24.81999969482422,13.489999771118164,20.100000381469727,22.290000915527344,18.399999618530273,23.3700008392334,22.6200008392334,24.270000457763672
43.csv_Day8_16h30m,8.420000076293945,14.979999542236328,7.619999885559082,10.390000343322754,11.289999961853027,9.34000015258789,12.329999923706055,11.59000015258789,14.649999618530273
43.csv_Day8_17h00m,5.110000133514404,2.9800000190734863,4.46999979019165,6.090000152587891,4.789999961853027,4.139999866485596,5.460000038146973,6.570000171661377,6.679999828338623
43.csv_Day8_17h30m,0.0,0.0,0.0,0.0,0.0,0.0,0.0,0.0,0.0
43.csv_Day8_18h00m,0.0,0.0,0.0,0.0,0.0,0.0,0.0,0.0,0.0
43.csv_Day8_18h30m,0.0,0.0,0.0,0.0,0.0,0.0,0.0,0.0,0.0
43.csv_Day8_19h00m,0.0,0.0,0.0,0.0,0.0,0.0,0.0,0.0,0.0
43.csv_Day8_19h30m,0.0,0.0,0.0,0.0,0.0,0.0,0.0,0.0,0.0
43.csv_Day8_20h00m,0.0,0.0,0.0,0.0,0.0,0.0,0.0,0.0,0.0
43.csv_Day8_20h30m,0.0,0.0,0.0,0.0,0.0,0.0,0.0,0.0,0.0
43.csv_Day8_21h00m,0.0,0.0,0.0,0.0,0.0,0.0,0.0,0.0,0.0
43.csv_Day8_21h30m,0.0,0.0,0.0,0.0,0.0,0.0,0.0,0.0,0.0
43.csv_Day8_22h00m,0.0,0.0,0.0,0.0,0.0,0.0,0.0,0.0,0.0
43.csv_Day8_22h30m,0.0,0.0,0.0,0.0,0.0,0.0,0.0,0.0,0.0
43.csv_Day8_23h00m,0.0,0.0,0.0,0.0,0.0,0.0,0.0,0.0,0.0
43.csv_Day8_23h30m,0.0,0.0,0.0,0.0,0.0,0.0,0.0,0.0,0.0
44.csv_Day7_0h00m,0.0,0.0,0.0,0.0,0.0,0.0,0.0,0.0,0.0
44.csv_Day7_0h30m,0.0,0.0,0.0,0.0,0.0,0.0,0.0,0.0,0.0
44.csv_Day7_1h00m,0.0,0.0,0.0,0.0,0.0,0.0,0.0,0.0,0.0
44.csv_Day7_1h30m,0.0,0.0,0.0,0.0,0.0,0.0,0.0,0.0,0.0
44.csv_Day7_2h00m,0.0,0.0,0.0,0.0,0.0,0.0,0.0,0.0,0.0
44.csv_Day7_2h30m,0.0,0.0,0.0,0.0,0.0,0.0,0.0,0.0,0.0
44.csv_Day7_3h00m,0.0,0.0,0.0,0.0,0.0,0.0,0.0,0.0,0.0
44.csv_Day7_3h30m,0.0,0.0,0.0,0.0,0.0,0.0,0.0,0.0,0.0
44.csv_Day7_4h00m,0.0,0.0,0.0,0.0,0.0,0.0,0.0,0.0,0.0
44.csv_Day7_4h30m,0.0,0.0,0.0,0.0,0.0,0.0,0.0,0.0,0.0
44.csv_Day7_5h00m,0.0,0.0,0.0,0.0,0.0,0.0,0.0,0.0,0.0
44.csv_Day7_5h30m,0.0,0.0,0.0,0.0,0.0,0.0,0.0,0.0,0.0
44.csv_Day7_6h00m,0.0,0.0,0.0,0.0,0.0,0.0,0.0,0.0,0.0
44.csv_Day7_6h30m,0.0,0.0,0.0,0.0,0.0,0.0,0.0,0.0,0.0
44.csv_Day7_7h00m,0.3100000023841858,1.2599999904632568,3.2699999809265137,1.8200000524520874,3.950000047683716,5.409999847412109,4.900000095367432,5.260000228881836,6.159999847412109
44.csv_Day7_7h30m,5.090000152587891,4.440000057220459,8.010000228881836,5.849999904632568,13.220000267028809,11.65999984741211,12.789999961853027,13.289999961853027,14.739999771118164
44.csv_Day7_8h00m,10.699999809265137,16.65999984741211,15.140000343322754,22.170000076293945,24.030000686645508,19.040000915527344,23.110000610351562,21.3700008392334,22.479999542236328
44.csv_Day7_8h30m,13.609999656677246,19.979999542236328,24.600000381469727,32.689998626708984,31.1299991607666,31.280000686645508,29.68000030517578,31.719999313354492,30.079999923706055
44.csv_Day7_9h00m,13.770000457763672,22.559999465942383,31.989999771118164,37.88999938964844,37.58000183105469,35.86000061035156,37.400001525878906,41.45000076293945,37.619998931884766
44.csv_Day7_9h30m,23.139999389648438,24.6200008392334,35.54999923706055,39.959999084472656,35.279998779296875,39.650001525878906,43.34000015258789,45.88999938964844,41.209999084472656
44.csv_Day7_10h00m,16.780000686645508,25.049999237060547,41.08000183105469,39.459999084472656,41.9900016784668,45.869998931884766,49.189998626708984,50.130001068115234,48.88999938964844
44.csv_Day7_10h30m,3.869999885559082,12.850000381469727,44.689998626708984,42.02000045776367,44.630001068115234,49.970001220703125,56.119998931884766,54.0,55.54999923706055
44.csv_Day7_11h00m,5.150000095367432,17.09000015258789,39.630001068115234,41.029998779296875,54.470001220703125,47.11000061035156,60.59000015258789,59.04999923706055,59.369998931884766
44.csv_Day7_11h30m,21.299999237060547,21.040000915527344,30.6299991607666,48.33000183105469,56.779998779296875,57.72999954223633,60.869998931884766,59.970001220703125,59.38999938964844
44.csv_Day7_12h00m,24.700000762939453,21.270000457763672,38.95000076293945,39.84000015258789,57.58000183105469,53.650001525878906,60.970001220703125,61.52000045776367,59.97999954223633
44.csv_Day7_12h30m,32.38999938964844,27.40999984741211,47.0099983215332,36.31999969482422,56.029998779296875,53.599998474121094,59.40999984741211,60.290000915527344,59.18000030517578
44.csv_Day7_13h00m,34.720001220703125,26.1299991607666,50.29999923706055,22.81999969482422,51.0,52.16999816894531,56.11000061035156,55.65999984741211,55.91999816894531
44.csv_Day7_13h30m,30.600000381469727,24.440000534057617,43.29999923706055,23.709999084472656,49.86000061035156,44.72999954223633,52.33000183105469,52.959999084472656,51.65999984741211
44.csv_Day7_14h00m,32.22999954223633,22.65999984741211,41.52000045776367,22.079999923706055,46.040000915527344,41.619998931884766,47.31999969482422,47.4900016784668,46.0
44.csv_Day7_14h30m,33.0,20.579999923706055,36.15999984741211,29.600000381469727,41.5,38.650001525878906,40.459999084472656,41.0,39.150001525878906
44.csv_Day7_15h00m,31.170000076293945,16.360000610351562,25.040000915527344,26.84000015258789,34.130001068115234,31.059999465942383,32.209999084472656,32.59000015258789,30.959999084472656
44.csv_Day7_15h30m,24.270000457763672,19.299999237060547,12.5600004196167,18.920000076293945,25.799999237060547,23.170000076293945,23.06999969482422,23.639999389648438,22.510000228881836
44.csv_Day7_16h00m,12.5600004196167,8.529999732971191,4.96999979019165,7.269999980926514,13.59000015258789,13.039999961853027,14.0,14.1899995803833,13.279999732971191
44.csv_Day7_16h30m,2.5399999618530273,2.5399999618530273,1.850000023841858,4.289999961853027,5.260000228881836,5.599999904632568,6.389999866485596,6.269999980926514,5.670000076293945
44.csv_Day7_17h00m,0.0,0.0,0.0,0.0,0.0,0.0,0.49000000953674316,0.7799999713897705,0.0
44.csv_Day7_17h30m,0.0,0.0,0.0,0.0,0.0,0.0,0.0,0.0,0.0
44.csv_Day7_18h00m,0.0,0.0,0.0,0.0,0.0,0.0,0.0,0.0,0.0
44.csv_Day7_18h30m,0.0,0.0,0.0,0.0,0.0,0.0,0.0,0.0,0.0
44.csv_Day7_19h00m,0.0,0.0,0.0,0.0,0.0,0.0,0.0,0.0,0.0
44.csv_Day7_19h30m,0.0,0.0,0.0,0.0,0.0,0.0,0.0,0.0,0.0
44.csv_Day7_20h00m,0.0,0.0,0.0,0.0,0.0,0.0,0.0,0.0,0.0
44.csv_Day7_20h30m,0.0,0.0,0.0,0.0,0.0,0.0,0.0,0.0,0.0
44.csv_Day7_21h00m,0.0,0.0,0.0,0.0,0.0,0.0,0.0,0.0,0.0
44.csv_Day7_21h30m,0.0,0.0,0.0,0.0,0.0,0.0,0.0,0.0,0.0
44.csv_Day7_22h00m,0.0,0.0,0.0,0.0,0.0,0.0,0.0,0.0,0.0
44.csv_Day7_22h30m,0.0,0.0,0.0,0.0,0.0,0.0,0.0,0.0,0.0
44.csv_Day7_23h00m,0.0,0.0,0.0,0.0,0.0,0.0,0.0,0.0,0.0
44.csv_Day7_23h30m,0.0,0.0,0.0,0.0,0.0,0.0,0.0,0.0,0.0
44.csv_Day8_0h00m,0.0,0.0,0.0,0.0,0.0,0.0,0.0,0.0,0.0
44.csv_Day8_0h30m,0.0,0.0,0.0,0.0,0.0,0.0,0.0,0.0,0.0
44.csv_Day8_1h00m,0.0,0.0,0.0,0.0,0.0,0.0,0.0,0.0,0.0
44.csv_Day8_1h30m,0.0,0.0,0.0,0.0,0.0,0.0,0.0,0.0,0.0
44.csv_Day8_2h00m,0.0,0.0,0.0,0.0,0.0,0.0,0.0,0.0,0.0
44.csv_Day8_2h30m,0.0,0.0,0.0,0.0,0.0,0.0,0.0,0.0,0.0
44.csv_Day8_3h00m,0.0,0.0,0.0,0.0,0.0,0.0,0.0,0.0,0.0
44.csv_Day8_3h30m,0.0,0.0,0.0,0.0,0.0,0.0,0.0,0.0,0.0
44.csv_Day8_4h00m,0.0,0.0,0.0,0.0,0.0,0.0,0.0,0.0,0.0
44.csv_Day8_4h30m,0.0,0.0,0.0,0.0,0.0,0.0,0.0,0.0,0.0
44.csv_Day8_5h00m,0.0,0.0,0.0,0.0,0.0,0.0,0.0,0.0,0.0
44.csv_Day8_5h30m,0.0,0.0,0.0,0.0,0.0,0.0,0.0,0.0,0.0
44.csv_Day8_6h00m,0.0,0.0,0.0,0.0,0.0,0.0,0.0,0.0,0.0
44.csv_Day8_6h30m,0.0,0.0,0.0,0.0,0.0,0.0,0.0,0.0,0.0
44.csv_Day8_7h00m,0.8600000143051147,1.2699999809265137,4.670000076293945,1.809999942779541,3.9600000381469727,4.28000020980835,4.949999809265137,6.909999847412109,6.159999847412109
44.csv_Day8_7h30m,9.149999618530273,4.460000038146973,9.609999656677246,5.820000171661377,13.229999542236328,11.779999732971191,12.640000343322754,14.739999771118164,14.739999771118164
44.csv_Day8_8h00m,11.770000457763672,16.75,18.229999542236328,22.040000915527344,24.049999237060547,17.760000228881836,22.8799991607666,23.1200008392334,22.469999313354492
44.csv_Day8_8h30m,13.640000343322754,20.09000015258789,26.40999984741211,32.5,31.15999984741211,27.440000534057617,30.549999237060547,32.40999984741211,30.059999465942383
44.csv_Day8_9h00m,15.539999961853027,22.690000534057617,31.59000015258789,37.66999816894531,37.61000061035156,26.81999969482422,38.61000061035156,38.18000030517578,37.61000061035156
44.csv_Day8_9h30m,25.270000457763672,24.760000228881836,34.70000076293945,39.720001220703125,35.310001373291016,40.29999923706055,43.650001525878906,43.349998474121094,41.189998626708984
44.csv_Day8_10h00m,28.0,25.190000534057617,38.25,39.220001220703125,42.02000045776367,44.0,48.7400016784668,46.4900016784668,48.869998931884766
44.csv_Day8_10h30m,29.06999969482422,12.920000076293945,45.9900016784668,41.7599983215332,44.66999816894531,51.43000030517578,55.61000061035156,50.709999084472656,55.529998779296875
44.csv_Day8_11h00m,33.189998626708984,17.190000534057617,49.75,40.790000915527344,54.52000045776367,51.61000061035156,60.04999923706055,55.560001373291016,59.349998474121094
44.csv_Day8_11h30m,43.52000045776367,21.15999984741211,53.43000030517578,48.029998779296875,56.83000183105469,58.22999954223633,60.33000183105469,59.279998779296875,59.36000061035156
44.csv_Day8_12h00m,38.43000030517578,21.389999389648438,52.34000015258789,39.599998474121094,57.619998931884766,54.150001525878906,60.41999816894531,58.91999816894531,59.95000076293945
44.csv_Day8_12h30m,37.93000030517578,27.56999969482422,49.900001525878906,36.099998474121094,56.06999969482422,50.650001525878906,58.880001068115234,57.02000045776367,59.150001525878906
44.csv_Day8_13h00m,34.91999816894531,26.280000686645508,46.209999084472656,22.68000030517578,51.040000915527344,44.459999084472656,55.61000061035156,51.619998931884766,55.900001525878906
44.csv_Day8_13h30m,30.6200008392334,24.579999923706055,43.56999969482422,23.559999465942383,49.88999938964844,43.349998474121094,51.86000061035156,49.2599983215332,51.630001068115234
44.csv_Day8_14h00m,22.799999237060547,22.780000686645508,37.81999969482422,21.950000762939453,46.06999969482422,37.7599983215332,46.880001068115234,43.189998626708984,45.97999954223633
44.csv_Day8_14h30m,17.1299991607666,20.690000534057617,28.420000076293945,29.420000076293945,41.529998779296875,32.459999084472656,40.08000183105469,36.5,39.130001068115234
44.csv_Day8_15h00m,20.059999465942383,16.450000762939453,22.489999771118164,26.68000030517578,34.150001525878906,24.899999618530273,31.899999618530273,29.1200008392334,30.950000762939453
44.csv_Day8_15h30m,15.989999771118164,19.40999984741211,12.140000343322754,18.809999465942383,25.81999969482422,13.84000015258789,22.829999923706055,21.979999542236328,22.5
44.csv_Day8_16h00m,12.069999694824219,8.579999923706055,5.389999866485596,7.230000019073486,13.600000381469727,8.9399995803833,13.850000381469727,13.9399995803833,13.279999732971191
44.csv_Day8_16h30m,3.8499999046325684,2.559999942779541,2.6700000762939453,4.260000228881836,5.260000228881836,3.690000057220459,6.28000020980835,7.539999961853027,5.670000076293945
44.csv_Day8_17h00m,0.0,0.0,0.0,0.0,0.0,0.0,0.5199999809265137,0.029999999329447746,0.0
44.csv_Day8_17h30m,0.0,0.0,0.0,0.0,0.0,0.0,0.0,0.0,0.0
44.csv_Day8_18h00m,0.0,0.0,0.0,0.0,0.0,0.0,0.0,0.0,0.0
44.csv_Day8_18h30m,0.0,0.0,0.0,0.0,0.0,0.0,0.0,0.0,0.0
44.csv_Day8_19h00m,0.0,0.0,0.0,0.0,0.0,0.0,0.0,0.0,0.0
44.csv_Day8_19h30m,0.0,0.0,0.0,0.0,0.0,0.0,0.0,0.0,0.0
44.csv_Day8_20h00m,0.0,0.0,0.0,0.0,0.0,0.0,0.0,0.0,0.0
44.csv_Day8_20h30m,0.0,0.0,0.0,0.0,0.0,0.0,0.0,0.0,0.0
44.csv_Day8_21h00m,0.0,0.0,0.0,0.0,0.0,0.0,0.0,0.0,0.0
44.csv_Day8_21h30m,0.0,0.0,0.0,0.0,0.0,0.0,0.0,0.0,0.0
44.csv_Day8_22h00m,0.0,0.0,0.0,0.0,0.0,0.0,0.0,0.0,0.0
44.csv_Day8_22h30m,0.0,0.0,0.0,0.0,0.0,0.0,0.0,0.0,0.0
44.csv_Day8_23h00m,0.0,0.0,0.0,0.0,0.0,0.0,0.0,0.0,0.0
44.csv_Day8_23h30m,0.0,0.0,0.0,0.0,0.0,0.0,0.0,0.0,0.0
45.csv_Day7_0h00m,0.0,0.0,0.0,0.0,0.0,0.0,0.0,0.0,0.0
45.csv_Day7_0h30m,0.0,0.0,0.0,0.0,0.0,0.0,0.0,0.0,0.0
45.csv_Day7_1h00m,0.0,0.0,0.0,0.0,0.0,0.0,0.0,0.0,0.0
45.csv_Day7_1h30m,0.0,0.0,0.0,0.0,0.0,0.0,0.0,0.0,0.0
45.csv_Day7_2h00m,0.0,0.0,0.0,0.0,0.0,0.0,0.0,0.0,0.0
45.csv_Day7_2h30m,0.0,0.0,0.0,0.0,0.0,0.0,0.0,0.0,0.0
45.csv_Day7_3h00m,0.0,0.0,0.0,0.0,0.0,0.0,0.0,0.0,0.0
45.csv_Day7_3h30m,0.0,0.0,0.0,0.0,0.0,0.0,0.0,0.0,0.0
45.csv_Day7_4h00m,0.0,0.0,0.0,0.0,0.0,0.0,0.0,0.0,0.0
45.csv_Day7_4h30m,0.0,0.0,0.0,0.0,0.0,0.0,0.0,0.0,0.0
45.csv_Day7_5h00m,0.0,0.0,0.0,0.0,0.0,0.0,0.0,0.0,0.0
45.csv_Day7_5h30m,0.0,0.0,0.0,0.0,0.0,0.0,0.0,0.0,0.0
45.csv_Day7_6h00m,0.0,0.0,0.0,0.0,0.0,0.0,0.0,0.0,0.0
45.csv_Day7_6h30m,0.0,0.0,0.0,0.0,0.0,0.0,0.0,0.0,0.0
45.csv_Day7_7h00m,0.0,0.0,0.0,0.0,0.0,0.0,0.10999999940395355,0.6000000238418579,0.0
45.csv_Day7_7h30m,1.9500000476837158,7.559999942779541,4.369999885559082,6.239999771118164,8.029999732971191,6.789999961853027,7.579999923706055,8.489999771118164,8.4399995803833
45.csv_Day7_8h00m,11.5,11.369999885559082,13.329999923706055,15.520000457763672,16.920000076293945,16.610000610351562,18.469999313354492,18.979999542236328,17.969999313354492
45.csv_Day7_8h30m,17.959999084472656,18.200000762939453,19.190000534057617,25.1200008392334,24.1299991607666,24.239999771118164,25.860000610351562,28.290000915527344,26.520000457763672
45.csv_Day7_9h00m,24.1200008392334,23.1200008392334,21.899999618530273,30.969999313354492,27.84000015258789,32.380001068115234,33.470001220703125,36.20000076293945,34.02000045776367
45.csv_Day7_9h30m,29.280000686645508,26.420000076293945,26.5,33.209999084472656,33.79999923706055,40.040000915527344,41.130001068115234,42.790000915527344,43.11000061035156
45.csv_Day7_10h00m,35.439998626708984,28.239999771118164,33.90999984741211,35.66999816894531,39.34000015258789,46.25,46.9900016784668,48.16999816894531,50.310001373291016
45.csv_Day7_10h30m,42.16999816894531,26.56999969482422,44.869998931884766,40.439998626708984,43.849998474121094,53.400001525878906,54.70000076293945,56.91999816894531,56.959999084472656
45.csv_Day7_11h00m,44.630001068115234,26.270000457763672,49.45000076293945,38.66999816894531,53.20000076293945,56.189998626708984,58.9900016784668,62.33000183105469,60.939998626708984
45.csv_Day7_11h30m,34.40999984741211,27.600000381469727,43.439998626708984,43.349998474121094,47.040000915527344,48.52000045776367,56.83000183105469,58.349998474121094,62.79999923706055
45.csv_Day7_12h00m,35.939998626708984,32.959999084472656,41.18000030517578,51.84000015258789,54.400001525878906,53.9900016784668,57.619998931884766,60.65999984741211,65.30999755859375
45.csv_Day7_12h30m,36.9900016784668,35.5,40.189998626708984,53.11000061035156,58.04999923706055,58.33000183105469,58.81999969482422,61.59000015258789,65.9000015258789
45.csv_Day7_13h00m,39.880001068115234,35.220001220703125,44.08000183105469,51.4900016784668,60.619998931884766,58.33000183105469,60.61000061035156,62.5,64.7300033569336
45.csv_Day7_13h30m,44.43000030517578,35.72999954223633,50.5099983215332,50.11000061035156,58.91999816894531,57.66999816894531,58.63999938964844,60.689998626708984,61.25
45.csv_Day7_14h00m,43.349998474121094,37.7599983215332,50.849998474121094,42.91999816894531,52.91999816894531,52.040000915527344,59.13999938964844,59.15999984741211,57.06999969482422
45.csv_Day7_14h30m,34.09000015258789,42.099998474121094,43.59000015258789,34.7400016784668,47.459999084472656,47.22999954223633,52.91999816894531,51.959999084472656,51.790000915527344
45.csv_Day7_15h00m,24.639999389648438,34.619998931884766,37.810001373291016,27.25,37.540000915527344,38.880001068115234,42.209999084472656,42.529998779296875,43.130001068115234
45.csv_Day7_15h30m,21.559999465942383,34.61000061035156,31.270000457763672,15.329999923706055,31.139999389648438,33.279998779296875,30.84000015258789,33.900001525878906,37.119998931884766
45.csv_Day7_16h00m,13.569999694824219,17.459999084472656,22.219999313354492,18.3799991607666,24.540000915527344,25.700000762939453,23.889999389648438,28.239999771118164,27.610000610351562
45.csv_Day7_16h30m,1.4199999570846558,2.0299999713897705,15.649999618530273,12.489999771118164,15.079999923706055,17.489999771118164,18.56999969482422,18.81999969482422,18.579999923706055
45.csv_Day7_17h00m,0.7599999904632568,1.3200000524520874,1.3300000429153442,5.900000095367432,5.840000152587891,8.279999732971191,6.889999866485596,8.079999923706055,9.100000381469727
45.csv_Day7_17h30m,0.0,0.0,0.0,0.0,0.0,0.0,0.0,0.0,0.0
45.csv_Day7_18h00m,0.0,0.0,0.0,0.0,0.0,0.0,0.0,0.0,0.0
45.csv_Day7_18h30m,0.0,0.0,0.0,0.0,0.0,0.0,0.0,0.0,0.0
45.csv_Day7_19h00m,0.0,0.0,0.0,0.0,0.0,0.0,0.0,0.0,0.0
45.csv_Day7_19h30m,0.0,0.0,0.0,0.0,0.0,0.0,0.0,0.0,0.0
45.csv_Day7_20h00m,0.0,0.0,0.0,0.0,0.0,0.0,0.0,0.0,0.0
45.csv_Day7_20h30m,0.0,0.0,0.0,0.0,0.0,0.0,0.0,0.0,0.0
45.csv_Day7_21h00m,0.0,0.0,0.0,0.0,0.0,0.0,0.0,0.0,0.0
45.csv_Day7_21h30m,0.0,0.0,0.0,0.0,0.0,0.0,0.0,0.0,0.0
45.csv_Day7_22h00m,0.0,0.0,0.0,0.0,0.0,0.0,0.0,0.0,0.0
45.csv_Day7_22h30m,0.0,0.0,0.0,0.0,0.0,0.0,0.0,0.0,0.0
45.csv_Day7_23h00m,0.0,0.0,0.0,0.0,0.0,0.0,0.0,0.0,0.0
45.csv_Day7_23h30m,0.0,0.0,0.0,0.0,0.0,0.0,0.0,0.0,0.0
45.csv_Day8_0h00m,0.0,0.0,0.0,0.0,0.0,0.0,0.0,0.0,0.0
45.csv_Day8_0h30m,0.0,0.0,0.0,0.0,0.0,0.0,0.0,0.0,0.0
45.csv_Day8_1h00m,0.0,0.0,0.0,0.0,0.0,0.0,0.0,0.0,0.0
45.csv_Day8_1h30m,0.0,0.0,0.0,0.0,0.0,0.0,0.0,0.0,0.0
45.csv_Day8_2h00m,0.0,0.0,0.0,0.0,0.0,0.0,0.0,0.0,0.0
45.csv_Day8_2h30m,0.0,0.0,0.0,0.0,0.0,0.0,0.0,0.0,0.0
45.csv_Day8_3h00m,0.0,0.0,0.0,0.0,0.0,0.0,0.0,0.0,0.0
45.csv_Day8_3h30m,0.0,0.0,0.0,0.0,0.0,0.0,0.0,0.0,0.0
45.csv_Day8_4h00m,0.0,0.0,0.0,0.0,0.0,0.0,0.0,0.0,0.0
45.csv_Day8_4h30m,0.0,0.0,0.0,0.0,0.0,0.0,0.0,0.0,0.0
45.csv_Day8_5h00m,0.0,0.0,0.0,0.0,0.0,0.0,0.0,0.0,0.0
45.csv_Day8_5h30m,0.0,0.0,0.0,0.0,0.0,0.0,0.0,0.0,0.0
45.csv_Day8_6h00m,0.0,0.0,0.0,0.0,0.0,0.0,0.0,0.0,0.0
45.csv_Day8_6h30m,0.0,0.0,0.0,0.0,0.0,0.0,0.0,0.0,0.0
45.csv_Day8_7h00m,0.0,0.0,0.0,0.0,0.0,0.0,0.11999999731779099,0.019999999552965164,0.0
45.csv_Day8_7h30m,1.9199999570846558,7.599999904632568,4.849999904632568,6.199999809265137,8.029999732971191,8.029999732971191,7.46999979019165,8.350000381469727,8.430000305175781
45.csv_Day8_8h00m,9.90999984741211,11.4399995803833,4.769999980926514,15.430000305175781,16.940000534057617,17.34000015258789,18.280000686645508,18.559999465942383,17.959999084472656
45.csv_Day8_8h30m,16.06999969482422,18.299999237060547,11.220000267028809,24.959999084472656,24.149999618530273,24.809999465942383,25.610000610351562,26.520000457763672,26.510000228881836
45.csv_Day8_9h00m,18.110000610351562,23.25,19.399999618530273,30.780000686645508,27.860000610351562,31.049999237060547,33.150001525878906,32.75,34.0
45.csv_Day8_9h30m,23.440000534057617,26.56999969482422,30.549999237060547,33.0099983215332,33.83000183105469,32.439998626708984,40.7400016784668,40.02000045776367,43.09000015258789
45.csv_Day8_10h00m,30.770000457763672,28.399999618530273,36.33000183105469,35.459999084472656,39.369998931884766,27.969999313354492,46.54999923706055,42.619998931884766,50.290000915527344
45.csv_Day8_10h30m,16.489999771118164,26.719999313354492,37.150001525878906,40.20000076293945,43.880001068115234,37.59000015258789,54.20000076293945,48.97999954223633,56.939998626708984
45.csv_Day8_11h00m,20.6299991607666,26.40999984741211,42.529998779296875,38.43000030517578,53.25,53.279998779296875,58.459999084472656,52.65999984741211,60.90999984741211
45.csv_Day8_11h30m,11.619999885559082,27.760000228881836,39.279998779296875,43.09000015258789,47.08000183105469,52.4900016784668,58.970001220703125,51.97999954223633,62.77000045776367
45.csv_Day8_12h00m,20.530000686645508,33.150001525878906,38.119998931884766,51.529998779296875,54.439998626708984,57.529998779296875,60.380001068115234,58.95000076293945,65.27999877929688
45.csv_Day8_12h30m,25.1200008392334,35.70000076293945,39.86000061035156,52.790000915527344,58.099998474121094,59.95000076293945,61.599998474121094,60.61000061035156,65.87000274658203
45.csv_Day8_13h00m,18.65999984741211,35.40999984741211,39.959999084472656,51.18000030517578,60.66999816894531,59.90999984741211,63.310001373291016,60.43000030517578,64.69999694824219
45.csv_Day8_13h30m,6.099999904632568,35.93000030517578,35.040000915527344,49.810001373291016,58.970001220703125,58.52000045776367,60.599998474121094,57.22999954223633,61.22999954223633
45.csv_Day8_14h00m,13.989999771118164,37.970001220703125,35.150001525878906,42.65999984741211,52.959999084472656,51.88999938964844,58.619998931884766,54.689998626708984,57.040000915527344
45.csv_Day8_14h30m,35.61000061035156,42.34000015258789,34.88999938964844,34.529998779296875,47.5,47.25,52.45000076293945,49.68000030517578,51.77000045776367
45.csv_Day8_15h00m,34.97999954223633,34.81999969482422,32.790000915527344,27.09000015258789,37.56999969482422,39.380001068115234,41.81999969482422,42.099998474121094,43.11000061035156
45.csv_Day8_15h30m,30.920000076293945,34.810001373291016,29.860000610351562,15.239999771118164,31.15999984741211,34.88999938964844,31.239999771118164,34.86000061035156,37.099998474121094
45.csv_Day8_16h00m,13.1899995803833,17.559999465942383,18.75,18.270000457763672,24.559999465942383,25.690000534057617,23.649999618530273,28.5,27.59000015258789
45.csv_Day8_16h30m,3.609999895095825,2.0399999618530273,11.220000267028809,12.420000076293945,15.09000015258789,17.049999237060547,18.3700008392334,18.40999984741211,18.579999923706055
45.csv_Day8_17h00m,1.5099999904632568,1.3300000429153442,1.0099999904632568,5.860000133514404,5.849999904632568,7.860000133514404,6.789999961853027,7.849999904632568,9.100000381469727
45.csv_Day8_17h30m,0.0,0.0,0.0,0.0,0.0,0.0,0.0,0.0,0.0
45.csv_Day8_18h00m,0.0,0.0,0.0,0.0,0.0,0.0,0.0,0.0,0.0
45.csv_Day8_18h30m,0.0,0.0,0.0,0.0,0.0,0.0,0.0,0.0,0.0
45.csv_Day8_19h00m,0.0,0.0,0.0,0.0,0.0,0.0,0.0,0.0,0.0
45.csv_Day8_19h30m,0.0,0.0,0.0,0.0,0.0,0.0,0.0,0.0,0.0
45.csv_Day8_20h00m,0.0,0.0,0.0,0.0,0.0,0.0,0.0,0.0,0.0
45.csv_Day8_20h30m,0.0,0.0,0.0,0.0,0.0,0.0,0.0,0.0,0.0
45.csv_Day8_21h00m,0.0,0.0,0.0,0.0,0.0,0.0,0.0,0.0,0.0
45.csv_Day8_21h30m,0.0,0.0,0.0,0.0,0.0,0.0,0.0,0.0,0.0
45.csv_Day8_22h00m,0.0,0.0,0.0,0.0,0.0,0.0,0.0,0.0,0.0
45.csv_Day8_22h30m,0.0,0.0,0.0,0.0,0.0,0.0,0.0,0.0,0.0
45.csv_Day8_23h00m,0.0,0.0,0.0,0.0,0.0,0.0,0.0,0.0,0.0
45.csv_Day8_23h30m,0.0,0.0,0.0,0.0,0.0,0.0,0.0,0.0,0.0
46.csv_Day7_0h00m,0.0,0.0,0.0,0.0,0.0,0.0,0.0,0.0,0.0
46.csv_Day7_0h30m,0.0,0.0,0.0,0.0,0.0,0.0,0.0,0.0,0.0
46.csv_Day7_1h00m,0.0,0.0,0.0,0.0,0.0,0.0,0.0,0.0,0.0
46.csv_Day7_1h30m,0.0,0.0,0.0,0.0,0.0,0.0,0.0,0.0,0.0
46.csv_Day7_2h00m,0.0,0.0,0.0,0.0,0.0,0.0,0.0,0.0,0.0
46.csv_Day7_2h30m,0.0,0.0,0.0,0.0,0.0,0.0,0.0,0.0,0.0
46.csv_Day7_3h00m,0.0,0.0,0.0,0.0,0.0,0.0,0.0,0.0,0.0
46.csv_Day7_3h30m,0.0,0.0,0.0,0.0,0.0,0.0,0.0,0.0,0.0
46.csv_Day7_4h00m,0.0,0.0,0.0,0.0,0.0,0.0,0.0,0.0,0.0
46.csv_Day7_4h30m,0.0,0.0,0.0,0.0,0.0,0.0,0.0,0.0,0.0
46.csv_Day7_5h00m,0.0,0.0,0.0,0.0,0.12999999523162842,0.0,0.550000011920929,0.0,0.0
46.csv_Day7_5h30m,0.20000000298023224,1.2200000286102295,0.8600000143051147,4.150000095367432,5.389999866485596,4.599999904632568,5.96999979019165,6.590000152587891,6.679999828338623
46.csv_Day7_6h00m,2.7799999713897705,4.579999923706055,7.300000190734863,8.65999984741211,10.470000267028809,12.640000343322754,16.25,16.459999084472656,14.510000228881836
46.csv_Day7_6h30m,5.570000171661377,11.420000076293945,16.989999771118164,12.390000343322754,16.299999237060547,19.040000915527344,20.459999084472656,23.93000030517578,23.440000534057617
46.csv_Day7_7h00m,9.720000267028809,7.880000114440918,30.1299991607666,16.729999542236328,30.200000762939453,19.889999389648438,32.93000030517578,35.970001220703125,34.08000183105469
46.csv_Day7_7h30m,16.65999984741211,2.049999952316284,43.33000183105469,16.739999771118164,41.2400016784668,36.650001525878906,42.31999969482422,45.189998626708984,41.209999084472656
46.csv_Day7_8h00m,33.33000183105469,4.199999809265137,46.619998931884766,28.350000381469727,52.5099983215332,50.41999816894531,52.209999084472656,53.95000076293945,50.5099983215332
46.csv_Day7_8h30m,47.65999984741211,17.6200008392334,59.83000183105469,32.630001068115234,42.02000045776367,63.38999938964844,56.36000061035156,59.47999954223633,61.06999969482422
46.csv_Day7_9h00m,56.4900016784668,7.840000152587891,65.25,39.220001220703125,42.15999984741211,70.19000244140625,62.65999984741211,66.88999938964844,69.05000305175781
46.csv_Day7_9h30m,63.970001220703125,7.550000190734863,65.56999969482422,36.650001525878906,48.060001373291016,71.86000061035156,72.95999908447266,73.19999694824219,73.4000015258789
46.csv_Day7_10h00m,50.0,8.550000190734863,69.95999908447266,42.619998931884766,58.790000915527344,74.05000305175781,74.11000061035156,74.69999694824219,79.12000274658203
46.csv_Day7_10h30m,54.70000076293945,10.930000305175781,69.69000244140625,40.529998779296875,55.22999954223633,73.91999816894531,79.37000274658203,76.73999786376953,83.22000122070312
46.csv_Day7_11h00m,57.650001525878906,35.099998474121094,68.29000091552734,33.150001525878906,62.310001373291016,75.5999984741211,76.2300033569336,80.87999725341797,85.83999633789062
46.csv_Day7_11h30m,70.6500015258789,20.59000015258789,75.2699966430664,51.66999816894531,58.7400016784668,77.87000274658203,79.51000213623047,83.11000061035156,91.55000305175781
46.csv_Day7_12h00m,68.4000015258789,26.309999465942383,69.38999938964844,48.7400016784668,55.38999938964844,65.58999633789062,76.45999908447266,78.12000274658203,89.22000122070312
46.csv_Day7_12h30m,76.61000061035156,39.0099983215332,70.80000305175781,47.130001068115234,67.83999633789062,56.5099983215332,79.38999938964844,82.4000015258789,91.25
46.csv_Day7_13h00m,72.31999969482422,40.11000061035156,71.19000244140625,50.11000061035156,63.91999816894531,56.400001525878906,72.12000274658203,72.55999755859375,86.97000122070312
46.csv_Day7_13h30m,63.369998931884766,39.2599983215332,76.87000274658203,48.06999969482422,67.0199966430664,68.47000122070312,71.2699966430664,70.61000061035156,84.16000366210938
46.csv_Day7_14h00m,39.88999938964844,55.349998474121094,74.3499984741211,72.76000213623047,74.4800033569336,78.68000030517578,74.86000061035156,78.91000366210938,78.75
46.csv_Day7_14h30m,39.38999938964844,25.209999084472656,61.869998931884766,42.90999984741211,54.02000045776367,59.45000076293945,61.83000183105469,65.94000244140625,72.95999908447266
46.csv_Day7_15h00m,21.010000228881836,24.8799991607666,60.88999938964844,48.599998474121094,56.470001220703125,64.54000091552734,59.290000915527344,57.38999938964844,66.31999969482422
46.csv_Day7_15h30m,24.420000076293945,17.75,54.9900016784668,54.040000915527344,51.130001068115234,59.70000076293945,57.41999816894531,51.90999984741211,58.61000061035156
46.csv_Day7_16h00m,37.119998931884766,12.529999732971191,46.68000030517578,48.36000061035156,49.25,51.02000045776367,49.380001068115234,47.810001373291016,50.70000076293945
46.csv_Day7_16h30m,28.969999313354492,5.449999809265137,35.90999984741211,34.130001068115234,37.77000045776367,41.709999084472656,38.13999938964844,38.25,41.31999969482422
46.csv_Day7_17h00m,21.920000076293945,13.350000381469727,26.540000915527344,31.149999618530273,35.099998474121094,33.06999969482422,31.6299991607666,31.5,32.22999954223633
46.csv_Day7_17h30m,8.369999885559082,2.5299999713897705,15.789999961853027,7.28000020980835,17.56999969482422,21.829999923706055,21.149999618530273,21.3700008392334,21.360000610351562
46.csv_Day7_18h00m,2.119999885559082,1.8899999856948853,8.199999809265137,4.349999904632568,9.09000015258789,10.390000343322754,11.079999923706055,11.779999732971191,11.430000305175781
46.csv_Day7_18h30m,0.6600000262260437,0.949999988079071,0.8700000047683716,3.2100000381469727,3.7799999713897705,5.389999866485596,4.46999979019165,3.9100000858306885,4.909999847412109
46.csv_Day7_19h00m,0.0,0.0,0.0,0.0,0.0,0.0,0.0,0.0,0.0
46.csv_Day7_19h30m,0.0,0.0,0.0,0.0,0.0,0.0,0.0,0.0,0.0
46.csv_Day7_20h00m,0.0,0.0,0.0,0.0,0.0,0.0,0.0,0.0,0.0
46.csv_Day7_20h30m,0.0,0.0,0.0,0.0,0.0,0.0,0.0,0.0,0.0
46.csv_Day7_21h00m,0.0,0.0,0.0,0.0,0.0,0.0,0.0,0.0,0.0
46.csv_Day7_21h30m,0.0,0.0,0.0,0.0,0.0,0.0,0.0,0.0,0.0
46.csv_Day7_22h00m,0.0,0.0,0.0,0.0,0.0,0.0,0.0,0.0,0.0
46.csv_Day7_22h30m,0.0,0.0,0.0,0.0,0.0,0.0,0.0,0.0,0.0
46.csv_Day7_23h00m,0.0,0.0,0.0,0.0,0.0,0.0,0.0,0.0,0.0
46.csv_Day7_23h30m,0.0,0.0,0.0,0.0,0.0,0.0,0.0,0.0,0.0
46.csv_Day8_0h00m,0.0,0.0,0.0,0.0,0.0,0.0,0.0,0.0,0.0
46.csv_Day8_0h30m,0.0,0.0,0.0,0.0,0.0,0.0,0.0,0.0,0.0
46.csv_Day8_1h00m,0.0,0.0,0.0,0.0,0.0,0.0,0.0,0.0,0.0
46.csv_Day8_1h30m,0.0,0.0,0.0,0.0,0.0,0.0,0.0,0.0,0.0
46.csv_Day8_2h00m,0.0,0.0,0.0,0.0,0.0,0.0,0.0,0.0,0.0
46.csv_Day8_2h30m,0.0,0.0,0.0,0.0,0.0,0.0,0.0,0.0,0.0
46.csv_Day8_3h00m,0.0,0.0,0.0,0.0,0.0,0.0,0.0,0.0,0.0
46.csv_Day8_3h30m,0.0,0.0,0.0,0.0,0.0,0.0,0.0,0.0,0.0
46.csv_Day8_4h00m,0.0,0.0,0.0,0.0,0.0,0.0,0.0,0.0,0.0
46.csv_Day8_4h30m,0.0,0.0,0.0,0.0,0.0,0.0,0.0,0.0,0.0
46.csv_Day8_5h00m,0.0,0.0,0.0,0.0,0.12999999523162842,0.0,0.5799999833106995,0.0,0.0
46.csv_Day8_5h30m,0.1599999964237213,1.2200000286102295,0.8299999833106995,4.119999885559082,5.400000095367432,4.46999979019165,5.869999885559082,7.210000038146973,6.670000076293945
46.csv_Day8_6h00m,0.7400000095367432,4.599999904632568,2.009999990463257,8.609999656677246,10.470000267028809,12.779999732971191,16.079999923706055,11.0600004196167,14.5
46.csv_Day8_6h30m,3.3499999046325684,11.479999542236328,6.639999866485596,12.319999694824219,16.309999465942383,19.0,20.25,17.540000915527344,23.43000030517578
46.csv_Day8_7h00m,8.789999961853027,7.920000076293945,7.539999961853027,16.6200008392334,30.229999542236328,20.219999313354492,32.619998931884766,29.3700008392334,34.060001373291016
46.csv_Day8_7h30m,14.170000076293945,2.059999942779541,22.459999084472656,16.639999389648438,41.27000045776367,33.06999969482422,41.93000030517578,26.920000076293945,41.189998626708984
46.csv_Day8_8h00m,9.529999732971191,4.230000019073486,14.399999618530273,28.18000030517578,52.54999923706055,40.18000030517578,51.7400016784668,27.649999618530273,50.4900016784668
46.csv_Day8_8h30m,5.960000038146973,17.709999084472656,15.100000381469727,32.439998626708984,42.060001373291016,50.810001373291016,55.849998474121094,24.450000762939453,61.04999923706055
46.csv_Day8_9h00m,7.75,7.889999866485596,16.3700008392334,38.97999954223633,42.189998626708984,48.119998931884766,62.09000015258789,31.329999923706055,69.0199966430664
46.csv_Day8_9h30m,25.170000076293945,7.590000152587891,19.809999465942383,36.43000030517578,48.099998474121094,57.95000076293945,72.30999755859375,48.81999969482422,73.37000274658203
46.csv_Day8_10h00m,47.02000045776367,8.59000015258789,14.539999961853027,42.36000061035156,58.83000183105469,59.119998931884766,73.44000244140625,63.380001068115234,79.08999633789062
46.csv_Day8_10h30m,44.369998931884766,10.989999771118164,24.059999465942383,40.279998779296875,55.27000045776367,65.05000305175781,78.66000366210938,63.290000915527344,83.19000244140625
46.csv_Day8_11h00m,30.920000076293945,35.29999923706055,33.20000076293945,32.95000076293945,62.36000061035156,39.220001220703125,75.54000091552734,55.369998931884766,85.80000305175781
46.csv_Day8_11h30m,36.900001525878906,20.709999084472656,50.560001373291016,51.36000061035156,58.790000915527344,73.8499984741211,78.80000305175781,73.63999938964844,91.51000213623047
46.csv_Day8_12h00m,39.959999084472656,26.459999084472656,52.150001525878906,48.45000076293945,55.439998626708984,75.61000061035156,75.76000213623047,75.95999908447266,89.18000030517578
46.csv_Day8_12h30m,44.459999084472656,39.220001220703125,33.22999954223633,46.84000015258789,67.88999938964844,81.56999969482422,78.66999816894531,81.30000305175781,91.20999908447266
46.csv_Day8_13h00m,43.540000915527344,40.33000183105469,61.349998474121094,49.810001373291016,63.970001220703125,83.20999908447266,71.45999908447266,78.37999725341797,86.93000030517578
46.csv_Day8_13h30m,48.2400016784668,39.47999954223633,73.4000015258789,47.779998779296875,67.08000183105469,82.54000091552734,70.62000274658203,76.93000030517578,84.12000274658203
46.csv_Day8_14h00m,52.16999816894531,55.65999984741211,68.79000091552734,72.31999969482422,74.54000091552734,77.98999786376953,74.19000244140625,78.62999725341797,78.72000122070312
46.csv_Day8_14h30m,47.61000061035156,25.350000381469727,59.400001525878906,42.650001525878906,54.060001373291016,71.83999633789062,61.2599983215332,63.599998474121094,72.93000030517578
46.csv_Day8_15h00m,41.45000076293945,25.020000457763672,58.68000030517578,48.29999923706055,56.52000045776367,67.68000030517578,58.75,61.0099983215332,66.29000091552734
46.csv_Day8_15h30m,30.510000228881836,17.850000381469727,54.18000030517578,53.720001220703125,51.16999816894531,61.54999923706055,56.900001525878906,54.22999954223633,58.58000183105469
46.csv_Day8_16h00m,26.979999542236328,12.600000381469727,40.90999984741211,48.06999969482422,49.290000915527344,50.9900016784668,48.93000030517578,48.63999938964844,50.68000030517578
46.csv_Day8_16h30m,14.989999771118164,5.489999771118164,29.15999984741211,33.93000030517578,37.79999923706055,38.849998474121094,37.779998779296875,37.349998474121094,41.29999923706055
46.csv_Day8_17h00m,4.940000057220459,13.430000305175781,17.100000381469727,30.969999313354492,35.130001068115234,33.25,31.329999923706055,31.389999389648438,32.209999084472656
46.csv_Day8_17h30m,2.25,2.5399999618530273,5.739999771118164,7.230000019073486,17.579999923706055,22.520000457763672,20.93000030517578,19.479999542236328,21.350000381469727
46.csv_Day8_18h00m,2.0199999809265137,1.899999976158142,7.940000057220459,4.329999923706055,9.100000381469727,11.529999732971191,10.949999809265137,11.020000457763672,11.430000305175781
46.csv_Day8_18h30m,0.6399999856948853,0.949999988079071,0.8299999833106995,3.190000057220459,3.7899999618530273,4.349999904632568,4.400000095367432,4.320000171661377,4.909999847412109
46.csv_Day8_19h00m,0.0,0.0,0.0,0.0,0.0,0.0,0.0,0.0,0.0
46.csv_Day8_19h30m,0.0,0.0,0.0,0.0,0.0,0.0,0.0,0.0,0.0
46.csv_Day8_20h00m,0.0,0.0,0.0,0.0,0.0,0.0,0.0,0.0,0.0
46.csv_Day8_20h30m,0.0,0.0,0.0,0.0,0.0,0.0,0.0,0.0,0.0
46.csv_Day8_21h00m,0.0,0.0,0.0,0.0,0.0,0.0,0.0,0.0,0.0
46.csv_Day8_21h30m,0.0,0.0,0.0,0.0,0.0,0.0,0.0,0.0,0.0
46.csv_Day8_22h00m,0.0,0.0,0.0,0.0,0.0,0.0,0.0,0.0,0.0
46.csv_Day8_22h30m,0.0,0.0,0.0,0.0,0.0,0.0,0.0,0.0,0.0
46.csv_Day8_23h00m,0.0,0.0,0.0,0.0,0.0,0.0,0.0,0.0,0.0
46.csv_Day8_23h30m,0.0,0.0,0.0,0.0,0.0,0.0,0.0,0.0,0.0
47.csv_Day7_0h00m,0.0,0.0,0.0,0.0,0.0,0.0,0.0,0.0,0.0
47.csv_Day7_0h30m,0.0,0.0,0.0,0.0,0.0,0.0,0.0,0.0,0.0
47.csv_Day7_1h00m,0.0,0.0,0.0,0.0,0.0,0.0,0.0,0.0,0.0
47.csv_Day7_1h30m,0.0,0.0,0.0,0.0,0.0,0.0,0.0,0.0,0.0
47.csv_Day7_2h00m,0.0,0.0,0.0,0.0,0.0,0.0,0.0,0.0,0.0
47.csv_Day7_2h30m,0.0,0.0,0.0,0.0,0.0,0.0,0.0,0.0,0.0
47.csv_Day7_3h00m,0.0,0.0,0.0,0.0,0.0,0.0,0.0,0.0,0.0
47.csv_Day7_3h30m,0.0,0.0,0.0,0.0,0.0,0.0,0.0,0.0,0.0
47.csv_Day7_4h00m,0.0,0.0,0.0,0.0,0.0,0.0,0.0,0.0,0.0
47.csv_Day7_4h30m,0.0,0.0,0.0,0.0,0.0,0.0,0.0,0.0,0.0
47.csv_Day7_5h00m,0.0,0.0,0.0,0.0,0.0,0.0,0.0,0.0,0.0
47.csv_Day7_5h30m,0.0,0.0,0.0,0.0,0.0,0.0,0.0,0.0,0.0
47.csv_Day7_6h00m,0.0,0.0,0.0,0.0,0.0,0.0,0.0,0.0,0.0
47.csv_Day7_6h30m,0.0,0.0,0.0,0.0,0.0,0.0,0.0,0.0,0.0
47.csv_Day7_7h00m,0.0,0.0,0.0,0.0,0.0,0.0,0.0,0.0,0.0
47.csv_Day7_7h30m,0.0,0.0,0.0,3.509999990463257,1.7799999713897705,1.8799999952316284,2.799999952316284,2.619999885559082,2.6600000858306885
47.csv_Day7_8h00m,1.0199999809265137,1.2300000190734863,5.269999980926514,7.489999771118164,8.710000038146973,7.03000020980835,7.579999923706055,8.729999542236328,10.100000381469727
47.csv_Day7_8h30m,8.180000305175781,7.599999904632568,19.510000228881836,18.040000915527344,17.780000686645508,11.25,21.329999923706055,21.18000030517578,21.149999618530273
47.csv_Day7_9h00m,12.279999732971191,12.3100004196167,27.559999465942383,28.65999984741211,26.350000381469727,22.65999984741211,27.030000686645508,25.989999771118164,28.610000610351562
47.csv_Day7_9h30m,20.84000015258789,22.969999313354492,33.0099983215332,28.149999618530273,30.3799991607666,34.380001068115234,32.84000015258789,30.170000076293945,33.40999984741211
47.csv_Day7_10h00m,20.229999542236328,29.1200008392334,43.400001525878906,37.2599983215332,41.56999969482422,42.630001068115234,43.5099983215332,33.310001373291016,43.29999923706055
47.csv_Day7_10h30m,20.6200008392334,24.43000030517578,46.29999923706055,41.68000030517578,46.56999969482422,44.970001220703125,48.709999084472656,32.4900016784668,48.11000061035156
47.csv_Day7_11h00m,35.83000183105469,30.030000686645508,49.099998474121094,49.0099983215332,48.9900016784668,50.27000045776367,53.220001220703125,43.119998931884766,53.790000915527344
47.csv_Day7_11h30m,39.439998626708984,33.16999816894531,53.029998779296875,50.369998931884766,53.5,56.58000183105469,54.189998626708984,51.36000061035156,56.34000015258789
47.csv_Day7_12h00m,30.239999771118164,23.5,55.779998779296875,42.380001068115234,54.08000183105469,57.150001525878906,56.779998779296875,51.880001068115234,58.029998779296875
47.csv_Day7_12h30m,29.479999542236328,18.170000076293945,55.720001220703125,53.060001373291016,55.369998931884766,56.810001373291016,58.66999816894531,53.81999969482422,57.09000015258789
47.csv_Day7_13h00m,17.989999771118164,27.440000534057617,51.2599983215332,45.59000015258789,52.13999938964844,55.34000015258789,54.27000045776367,45.97999954223633,54.43000030517578
47.csv_Day7_13h30m,25.459999084472656,28.989999771118164,51.560001373291016,44.560001373291016,47.59000015258789,52.4900016784668,53.06999969482422,42.68000030517578,52.11000061035156
47.csv_Day7_14h00m,15.710000038146973,31.0,45.41999816894531,37.0099983215332,44.689998626708984,48.77000045776367,49.02000045776367,44.810001373291016,47.29999923706055
47.csv_Day7_14h30m,9.270000457763672,27.739999771118164,36.7599983215332,18.100000381469727,33.959999084472656,42.029998779296875,42.220001220703125,41.25,42.7599983215332
47.csv_Day7_15h00m,19.90999984741211,27.719999313354492,32.189998626708984,16.040000915527344,33.16999816894531,34.939998626708984,35.72999954223633,33.93000030517578,37.150001525878906
47.csv_Day7_15h30m,1.6699999570846558,10.880000114440918,20.989999771118164,9.539999961853027,31.469999313354492,26.719999313354492,27.510000228881836,27.350000381469727,28.3799991607666
47.csv_Day7_16h00m,8.079999923706055,3.740000009536743,15.529999732971191,16.600000381469727,21.459999084472656,15.680000305175781,17.40999984741211,20.6200008392334,18.68000030517578
47.csv_Day7_16h30m,1.0800000429153442,1.3200000524520874,5.550000190734863,7.849999904632568,8.390000343322754,4.900000095367432,8.3100004196167,11.539999961853027,10.380000114440918
47.csv_Day7_17h00m,0.0,0.0,0.0,1.7100000381469727,1.6799999475479126,1.409999966621399,1.9700000286102295,2.630000114440918,2.309999942779541
47.csv_Day7_17h30m,0.0,0.0,0.0,0.0,0.0,0.0,0.0,0.0,0.0
47.csv_Day7_18h00m,0.0,0.0,0.0,0.0,0.0,0.0,0.0,0.0,0.0
47.csv_Day7_18h30m,0.0,0.0,0.0,0.0,0.0,0.0,0.0,0.0,0.0
47.csv_Day7_19h00m,0.0,0.0,0.0,0.0,0.0,0.0,0.0,0.0,0.0
47.csv_Day7_19h30m,0.0,0.0,0.0,0.0,0.0,0.0,0.0,0.0,0.0
47.csv_Day7_20h00m,0.0,0.0,0.0,0.0,0.0,0.0,0.0,0.0,0.0
47.csv_Day7_20h30m,0.0,0.0,0.0,0.0,0.0,0.0,0.0,0.0,0.0
47.csv_Day7_21h00m,0.0,0.0,0.0,0.0,0.0,0.0,0.0,0.0,0.0
47.csv_Day7_21h30m,0.0,0.0,0.0,0.0,0.0,0.0,0.0,0.0,0.0
47.csv_Day7_22h00m,0.0,0.0,0.0,0.0,0.0,0.0,0.0,0.0,0.0
47.csv_Day7_22h30m,0.0,0.0,0.0,0.0,0.0,0.0,0.0,0.0,0.0
47.csv_Day7_23h00m,0.0,0.0,0.0,0.0,0.0,0.0,0.0,0.0,0.0
47.csv_Day7_23h30m,0.0,0.0,0.0,0.0,0.0,0.0,0.0,0.0,0.0
47.csv_Day8_0h00m,0.0,0.0,0.0,0.0,0.0,0.0,0.0,0.0,0.0
47.csv_Day8_0h30m,0.0,0.0,0.0,0.0,0.0,0.0,0.0,0.0,0.0
47.csv_Day8_1h00m,0.0,0.0,0.0,0.0,0.0,0.0,0.0,0.0,0.0
47.csv_Day8_1h30m,0.0,0.0,0.0,0.0,0.0,0.0,0.0,0.0,0.0
47.csv_Day8_2h00m,0.0,0.0,0.0,0.0,0.0,0.0,0.0,0.0,0.0
47.csv_Day8_2h30m,0.0,0.0,0.0,0.0,0.0,0.0,0.0,0.0,0.0
47.csv_Day8_3h00m,0.0,0.0,0.0,0.0,0.0,0.0,0.0,0.0,0.0
47.csv_Day8_3h30m,0.0,0.0,0.0,0.0,0.0,0.0,0.0,0.0,0.0
47.csv_Day8_4h00m,0.0,0.0,0.0,0.0,0.0,0.0,0.0,0.0,0.0
47.csv_Day8_4h30m,0.0,0.0,0.0,0.0,0.0,0.0,0.0,0.0,0.0
47.csv_Day8_5h00m,0.0,0.0,0.0,0.0,0.0,0.0,0.0,0.0,0.0
47.csv_Day8_5h30m,0.0,0.0,0.0,0.0,0.0,0.0,0.0,0.0,0.0
47.csv_Day8_6h00m,0.0,0.0,0.0,0.0,0.0,0.0,0.0,0.0,0.0
47.csv_Day8_6h30m,0.0,0.0,0.0,0.0,0.0,0.0,0.0,0.0,0.0
47.csv_Day8_7h00m,0.0,0.0,0.0,0.0,0.0,0.0,0.0,0.0,0.0
47.csv_Day8_7h30m,0.0,0.0,0.0,3.490000009536743,1.7799999713897705,2.8499999046325684,2.7300000190734863,2.9000000953674316,2.6600000858306885
47.csv_Day8_8h00m,0.8899999856948853,1.2400000095367432,4.050000190734863,7.449999809265137,8.720000267028809,6.989999771118164,7.460000038146973,10.270000457763672,10.09000015258789
47.csv_Day8_8h30m,4.730000019073486,7.639999866485596,17.549999237060547,17.93000030517578,17.790000915527344,18.34000015258789,21.1200008392334,22.299999237060547,21.139999389648438
47.csv_Day8_9h00m,4.739999771118164,12.380000114440918,28.770000457763672,28.489999771118164,26.3700008392334,29.270000457763672,26.760000228881836,28.110000610351562,28.600000381469727
47.csv_Day8_9h30m,18.639999389648438,23.100000381469727,28.610000610351562,27.979999542236328,30.399999618530273,32.400001525878906,32.529998779296875,32.810001373291016,33.400001525878906
47.csv_Day8_10h00m,29.059999465942383,29.290000915527344,39.810001373291016,37.029998779296875,41.599998474121094,41.20000076293945,43.11000061035156,43.52000045776367,43.279998779296875
47.csv_Day8_10h30m,28.719999313354492,24.56999969482422,45.16999816894531,41.41999816894531,46.61000061035156,45.189998626708984,48.2599983215332,46.91999816894531,48.09000015258789
47.csv_Day8_11h00m,35.189998626708984,30.190000534057617,52.2599983215332,48.709999084472656,49.029998779296875,48.220001220703125,52.7400016784668,50.34000015258789,53.77000045776367
47.csv_Day8_11h30m,40.36000061035156,33.36000061035156,54.41999816894531,50.06999969482422,53.540000915527344,51.720001220703125,53.70000076293945,53.7599983215332,56.31999969482422
47.csv_Day8_12h00m,39.9900016784668,23.6299991607666,55.060001373291016,42.130001068115234,54.119998931884766,58.41999816894531,56.27000045776367,55.15999984741211,58.0099983215332
47.csv_Day8_12h30m,38.970001220703125,18.270000457763672,52.130001068115234,52.7400016784668,55.40999984741211,53.540000915527344,58.150001525878906,56.34000015258789,57.06999969482422
47.csv_Day8_13h00m,43.75,27.59000015258789,49.75,45.31999969482422,52.18000030517578,50.689998626708984,53.790000915527344,51.810001373291016,54.40999984741211
47.csv_Day8_13h30m,38.88999938964844,29.15999984741211,48.02000045776367,44.290000915527344,47.619998931884766,52.18000030517578,52.61000061035156,50.11000061035156,52.09000015258789
47.csv_Day8_14h00m,37.47999954223633,31.18000030517578,47.2400016784668,36.790000915527344,44.720001220703125,49.95000076293945,48.59000015258789,49.619998931884766,47.279998779296875
47.csv_Day8_14h30m,34.16999816894531,27.889999389648438,34.029998779296875,17.989999771118164,33.9900016784668,39.900001525878906,41.83000183105469,42.52000045776367,42.7400016784668
47.csv_Day8_15h00m,26.719999313354492,27.8799991607666,27.420000076293945,15.949999809265137,33.20000076293945,31.15999984741211,35.38999938964844,35.59000015258789,37.130001068115234
47.csv_Day8_15h30m,6.5,10.9399995803833,23.170000076293945,9.479999542236328,31.489999771118164,27.229999542236328,27.239999771118164,26.040000915527344,28.3700008392334
47.csv_Day8_16h00m,1.6200000047683716,3.759999990463257,13.6899995803833,16.5,21.469999313354492,14.949999809265137,17.229999542236328,21.920000076293945,18.670000076293945
47.csv_Day8_16h30m,0.699999988079071,1.3300000429153442,5.599999904632568,7.800000190734863,8.399999618530273,7.679999828338623,8.1899995803833,9.210000038146973,10.380000114440918
47.csv_Day8_17h00m,0.0,0.0,0.0,1.7000000476837158,1.690000057220459,1.340000033378601,2.009999990463257,2.569999933242798,2.309999942779541
47.csv_Day8_17h30m,0.0,0.0,0.0,0.0,0.0,0.0,0.0,0.0,0.0
47.csv_Day8_18h00m,0.0,0.0,0.0,0.0,0.0,0.0,0.0,0.0,0.0
47.csv_Day8_18h30m,0.0,0.0,0.0,0.0,0.0,0.0,0.0,0.0,0.0
47.csv_Day8_19h00m,0.0,0.0,0.0,0.0,0.0,0.0,0.0,0.0,0.0
47.csv_Day8_19h30m,0.0,0.0,0.0,0.0,0.0,0.0,0.0,0.0,0.0
47.csv_Day8_20h00m,0.0,0.0,0.0,0.0,0.0,0.0,0.0,0.0,0.0
47.csv_Day8_20h30m,0.0,0.0,0.0,0.0,0.0,0.0,0.0,0.0,0.0
47.csv_Day8_21h00m,0.0,0.0,0.0,0.0,0.0,0.0,0.0,0.0,0.0
47.csv_Day8_21h30m,0.0,0.0,0.0,0.0,0.0,0.0,0.0,0.0,0.0
47.csv_Day8_22h00m,0.0,0.0,0.0,0.0,0.0,0.0,0.0,0.0,0.0
47.csv_Day8_22h30m,0.0,0.0,0.0,0.0,0.0,0.0,0.0,0.0,0.0
47.csv_Day8_23h00m,0.0,0.0,0.0,0.0,0.0,0.0,0.0,0.0,0.0
47.csv_Day8_23h30m,0.0,0.0,0.0,0.0,0.0,0.0,0.0,0.0,0.0
48.csv_Day7_0h00m,0.0,0.0,0.0,0.0,0.0,0.0,0.0,0.0,0.0
48.csv_Day7_0h30m,0.0,0.0,0.0,0.0,0.0,0.0,0.0,0.0,0.0
48.csv_Day7_1h00m,0.0,0.0,0.0,0.0,0.0,0.0,0.0,0.0,0.0
48.csv_Day7_1h30m,0.0,0.0,0.0,0.0,0.0,0.0,0.0,0.0,0.0
48.csv_Day7_2h00m,0.0,0.0,0.0,0.0,0.0,0.0,0.0,0.0,0.0
48.csv_Day7_2h30m,0.0,0.0,0.0,0.0,0.0,0.0,0.0,0.0,0.0
48.csv_Day7_3h00m,0.0,0.0,0.0,0.0,0.0,0.0,0.0,0.0,0.0
48.csv_Day7_3h30m,0.0,0.0,0.0,0.0,0.0,0.0,0.0,0.0,0.0
48.csv_Day7_4h00m,0.0,0.0,0.0,0.0,0.0,0.0,0.0,0.0,0.0
48.csv_Day7_4h30m,0.0,0.0,0.0,0.0,0.0,0.0,0.0,0.0,0.0
48.csv_Day7_5h00m,0.0,0.0,0.0,0.0,0.0,0.0,0.0,0.0,0.0
48.csv_Day7_5h30m,0.0,0.0,0.0,0.0,0.0,0.0,0.0,0.0,0.0
48.csv_Day7_6h00m,0.0,0.0,0.0,0.0,0.0,0.0,0.0,0.0,0.0
48.csv_Day7_6h30m,0.0,0.0,0.0,0.0,0.0,0.0,0.0,0.0,0.0
48.csv_Day7_7h00m,0.0,0.0,0.0,0.0,0.0,0.0,0.0,0.0,0.0
48.csv_Day7_7h30m,0.0,0.0,0.0,0.0,0.5,0.0,0.029999999329447746,0.0,0.0
48.csv_Day7_8h00m,1.0299999713897705,2.25,1.9600000381469727,5.820000171661377,3.1600000858306885,5.789999961853027,6.150000095367432,7.170000076293945,6.760000228881836
48.csv_Day7_8h30m,0.8700000047683716,4.96999979019165,10.5,12.399999618530273,12.960000038146973,11.380000114440918,12.359999656677246,14.140000343322754,14.789999961853027
48.csv_Day7_9h00m,0.5799999833106995,12.920000076293945,12.550000190734863,18.15999984741211,17.940000534057617,20.25,20.469999313354492,20.450000762939453,23.170000076293945
48.csv_Day7_9h30m,0.6899999976158142,18.190000534057617,18.770000457763672,24.0,26.489999771118164,24.34000015258789,28.020000457763672,28.239999771118164,30.40999984741211
48.csv_Day7_10h00m,1.350000023841858,19.610000610351562,22.84000015258789,26.0,27.3700008392334,27.770000457763672,33.5099983215332,33.209999084472656,37.41999816894531
48.csv_Day7_10h30m,1.840000033378601,23.360000610351562,26.829999923706055,32.209999084472656,29.149999618530273,30.739999771118164,38.650001525878906,38.52000045776367,42.61000061035156
48.csv_Day7_11h00m,2.2699999809265137,24.260000228881836,30.450000762939453,36.2400016784668,32.5099983215332,31.459999084472656,44.119998931884766,43.709999084472656,47.060001373291016
48.csv_Day7_11h30m,8.579999923706055,25.780000686645508,31.780000686645508,34.15999984741211,33.45000076293945,39.630001068115234,46.88999938964844,45.52000045776367,50.029998779296875
48.csv_Day7_12h00m,8.529999732971191,27.739999771118164,34.81999969482422,36.880001068115234,36.619998931884766,36.33000183105469,48.4900016784668,48.400001525878906,50.470001220703125
48.csv_Day7_12h30m,7.230000019073486,26.209999084472656,32.13999938964844,37.880001068115234,37.099998474121094,40.09000015258789,48.130001068115234,47.36000061035156,51.41999816894531
48.csv_Day7_13h00m,7.230000019073486,23.540000915527344,32.77000045776367,35.599998474121094,37.11000061035156,37.09000015258789,46.18000030517578,45.06999969482422,49.97999954223633
48.csv_Day7_13h30m,11.039999961853027,25.93000030517578,32.33000183105469,33.65999984741211,37.25,35.02000045776367,43.95000076293945,42.459999084472656,46.150001525878906
48.csv_Day7_14h00m,3.299999952316284,15.399999618530273,28.81999969482422,29.09000015258789,33.93000030517578,27.639999389648438,38.439998626708984,37.099998474121094,41.380001068115234
48.csv_Day7_14h30m,3.200000047683716,17.020000457763672,23.260000228881836,23.040000915527344,27.309999465942383,19.770000457763672,33.04999923706055,29.899999618530273,35.22999954223633
48.csv_Day7_15h00m,1.309999942779541,15.289999961853027,11.90999984741211,18.200000762939453,22.139999389648438,18.34000015258789,27.969999313354492,23.850000381469727,27.309999465942383
48.csv_Day7_15h30m,4.309999942779541,6.079999923706055,9.609999656677246,13.869999885559082,13.430000305175781,18.709999084472656,20.860000610351562,18.56999969482422,19.75
48.csv_Day7_16h00m,2.5799999237060547,3.9000000953674316,5.150000095367432,9.3100004196167,9.789999961853027,11.449999809265137,10.359999656677246,11.329999923706055,12.079999923706055
48.csv_Day7_16h30m,0.029999999329447746,0.9100000262260437,0.0,4.239999771118164,2.259999990463257,1.8600000143051147,3.5999999046325684,2.759999990463257,3.759999990463257
48.csv_Day7_17h00m,0.0,0.0,0.0,0.0,0.0,0.0,0.0,0.0,0.0
48.csv_Day7_17h30m,0.0,0.0,0.0,0.0,0.0,0.0,0.0,0.0,0.0
48.csv_Day7_18h00m,0.0,0.0,0.0,0.0,0.0,0.0,0.0,0.0,0.0
48.csv_Day7_18h30m,0.0,0.0,0.0,0.0,0.0,0.0,0.0,0.0,0.0
48.csv_Day7_19h00m,0.0,0.0,0.0,0.0,0.0,0.0,0.0,0.0,0.0
48.csv_Day7_19h30m,0.0,0.0,0.0,0.0,0.0,0.0,0.0,0.0,0.0
48.csv_Day7_20h00m,0.0,0.0,0.0,0.0,0.0,0.0,0.0,0.0,0.0
48.csv_Day7_20h30m,0.0,0.0,0.0,0.0,0.0,0.0,0.0,0.0,0.0
48.csv_Day7_21h00m,0.0,0.0,0.0,0.0,0.0,0.0,0.0,0.0,0.0
48.csv_Day7_21h30m,0.0,0.0,0.0,0.0,0.0,0.0,0.0,0.0,0.0
48.csv_Day7_22h00m,0.0,0.0,0.0,0.0,0.0,0.0,0.0,0.0,0.0
48.csv_Day7_22h30m,0.0,0.0,0.0,0.0,0.0,0.0,0.0,0.0,0.0
48.csv_Day7_23h00m,0.0,0.0,0.0,0.0,0.0,0.0,0.0,0.0,0.0
48.csv_Day7_23h30m,0.0,0.0,0.0,0.0,0.0,0.0,0.0,0.0,0.0
48.csv_Day8_0h00m,0.0,0.0,0.0,0.0,0.0,0.0,0.0,0.0,0.0
48.csv_Day8_0h30m,0.0,0.0,0.0,0.0,0.0,0.0,0.0,0.0,0.0
48.csv_Day8_1h00m,0.0,0.0,0.0,0.0,0.0,0.0,0.0,0.0,0.0
48.csv_Day8_1h30m,0.0,0.0,0.0,0.0,0.0,0.0,0.0,0.0,0.0
48.csv_Day8_2h00m,0.0,0.0,0.0,0.0,0.0,0.0,0.0,0.0,0.0
48.csv_Day8_2h30m,0.0,0.0,0.0,0.0,0.0,0.0,0.0,0.0,0.0
48.csv_Day8_3h00m,0.0,0.0,0.0,0.0,0.0,0.0,0.0,0.0,0.0
48.csv_Day8_3h30m,0.0,0.0,0.0,0.0,0.0,0.0,0.0,0.0,0.0
48.csv_Day8_4h00m,0.0,0.0,0.0,0.0,0.0,0.0,0.0,0.0,0.0
48.csv_Day8_4h30m,0.0,0.0,0.0,0.0,0.0,0.0,0.0,0.0,0.0
48.csv_Day8_5h00m,0.0,0.0,0.0,0.0,0.0,0.0,0.0,0.0,0.0
48.csv_Day8_5h30m,0.0,0.0,0.0,0.0,0.0,0.0,0.0,0.0,0.0
48.csv_Day8_6h00m,0.0,0.0,0.0,0.0,0.0,0.0,0.0,0.0,0.0
48.csv_Day8_6h30m,0.0,0.0,0.0,0.0,0.0,0.0,0.0,0.0,0.0
48.csv_Day8_7h00m,0.0,0.0,0.0,0.0,0.0,0.0,0.0,0.0,0.0
48.csv_Day8_7h30m,0.0,0.0,0.0,0.0,0.5,0.0,0.029999999329447746,0.0,0.0
48.csv_Day8_8h00m,0.949999988079071,2.259999990463257,1.9700000286102295,5.789999961853027,3.1600000858306885,5.96999979019165,6.190000057220459,7.369999885559082,6.760000228881836
48.csv_Day8_8h30m,8.140000343322754,4.989999771118164,13.069999694824219,12.319999694824219,12.970000267028809,13.529999732971191,12.649999618530273,14.859999656677246,14.789999961853027
48.csv_Day8_9h00m,6.28000020980835,12.989999771118164,13.670000076293945,18.049999237060547,17.950000762939453,22.540000915527344,21.170000076293945,22.81999969482422,23.15999984741211
48.csv_Day8_9h30m,10.220000267028809,18.290000915527344,18.450000762939453,23.860000610351562,26.510000228881836,29.549999237060547,29.200000762939453,31.139999389648438,30.399999618530273
48.csv_Day8_10h00m,20.190000534057617,19.719999313354492,26.299999237060547,25.84000015258789,27.389999389648438,31.350000381469727,34.939998626708984,37.41999816894531,37.400001525878906
48.csv_Day8_10h30m,23.760000228881836,23.489999771118164,30.65999984741211,32.02000045776367,29.170000076293945,35.130001068115234,40.310001373291016,42.650001525878906,42.59000015258789
48.csv_Day8_11h00m,27.770000457763672,24.389999389648438,35.720001220703125,36.02000045776367,32.540000915527344,42.0099983215332,45.9900016784668,47.630001068115234,47.040000915527344
48.csv_Day8_11h30m,32.349998474121094,25.920000076293945,37.75,33.95000076293945,33.470001220703125,45.2400016784668,48.66999816894531,49.34000015258789,50.0099983215332
48.csv_Day8_12h00m,33.150001525878906,27.899999618530273,39.779998779296875,36.65999984741211,36.63999938964844,46.209999084472656,50.2599983215332,51.58000183105469,50.45000076293945
48.csv_Day8_12h30m,31.899999618530273,26.360000610351562,39.4900016784668,37.650001525878906,37.130001068115234,46.529998779296875,50.02000045776367,50.869998931884766,51.400001525878906
48.csv_Day8_13h00m,32.029998779296875,23.68000030517578,38.56999969482422,35.380001068115234,37.13999938964844,45.2400016784668,47.880001068115234,47.790000915527344,49.959999084472656
48.csv_Day8_13h30m,33.060001373291016,26.079999923706055,35.97999954223633,33.459999084472656,37.279998779296875,41.4900016784668,45.470001220703125,44.36000061035156,46.130001068115234
48.csv_Day8_14h00m,30.489999771118164,15.479999542236328,33.31999969482422,28.90999984741211,33.95000076293945,39.2599983215332,39.70000076293945,38.45000076293945,41.36000061035156
48.csv_Day8_14h30m,21.170000076293945,17.1200008392334,30.6200008392334,22.899999618530273,27.329999923706055,36.529998779296875,34.2400016784668,30.170000076293945,35.209999084472656
48.csv_Day8_15h00m,6.860000133514404,15.380000114440918,22.270000457763672,18.09000015258789,22.149999618530273,29.989999771118164,29.100000381469727,25.06999969482422,27.299999237060547
48.csv_Day8_15h30m,4.110000133514404,6.110000133514404,18.8799991607666,13.789999961853027,13.4399995803833,24.489999771118164,21.6299991607666,19.209999084472656,19.739999771118164
48.csv_Day8_16h00m,2.130000114440918,3.930000066757202,9.079999923706055,9.260000228881836,9.800000190734863,11.850000381469727,10.600000381469727,11.289999961853027,12.079999923706055
48.csv_Day8_16h30m,0.0,0.9200000166893005,0.0,4.21999979019165,2.2699999809265137,1.1799999475479126,3.549999952316284,2.319999933242798,3.759999990463257
48.csv_Day8_17h00m,0.0,0.0,0.0,0.0,0.0,0.0,0.0,0.0,0.0
48.csv_Day8_17h30m,0.0,0.0,0.0,0.0,0.0,0.0,0.0,0.0,0.0
48.csv_Day8_18h00m,0.0,0.0,0.0,0.0,0.0,0.0,0.0,0.0,0.0
48.csv_Day8_18h30m,0.0,0.0,0.0,0.0,0.0,0.0,0.0,0.0,0.0
48.csv_Day8_19h00m,0.0,0.0,0.0,0.0,0.0,0.0,0.0,0.0,0.0
48.csv_Day8_19h30m,0.0,0.0,0.0,0.0,0.0,0.0,0.0,0.0,0.0
48.csv_Day8_20h00m,0.0,0.0,0.0,0.0,0.0,0.0,0.0,0.0,0.0
48.csv_Day8_20h30m,0.0,0.0,0.0,0.0,0.0,0.0,0.0,0.0,0.0
48.csv_Day8_21h00m,0.0,0.0,0.0,0.0,0.0,0.0,0.0,0.0,0.0
48.csv_Day8_21h30m,0.0,0.0,0.0,0.0,0.0,0.0,0.0,0.0,0.0
48.csv_Day8_22h00m,0.0,0.0,0.0,0.0,0.0,0.0,0.0,0.0,0.0
48.csv_Day8_22h30m,0.0,0.0,0.0,0.0,0.0,0.0,0.0,0.0,0.0
48.csv_Day8_23h00m,0.0,0.0,0.0,0.0,0.0,0.0,0.0,0.0,0.0
48.csv_Day8_23h30m,0.0,0.0,0.0,0.0,0.0,0.0,0.0,0.0,0.0
49.csv_Day7_0h00m,0.0,0.0,0.0,0.0,0.0,0.0,0.0,0.0,0.0
49.csv_Day7_0h30m,0.0,0.0,0.0,0.0,0.0,0.0,0.0,0.0,0.0
49.csv_Day7_1h00m,0.0,0.0,0.0,0.0,0.0,0.0,0.0,0.0,0.0
49.csv_Day7_1h30m,0.0,0.0,0.0,0.0,0.0,0.0,0.0,0.0,0.0
49.csv_Day7_2h00m,0.0,0.0,0.0,0.0,0.0,0.0,0.0,0.0,0.0
49.csv_Day7_2h30m,0.0,0.0,0.0,0.0,0.0,0.0,0.0,0.0,0.0
49.csv_Day7_3h00m,0.0,0.0,0.0,0.0,0.0,0.0,0.0,0.0,0.0
49.csv_Day7_3h30m,0.0,0.0,0.0,0.0,0.0,0.0,0.0,0.0,0.0
49.csv_Day7_4h00m,0.0,0.0,0.0,0.0,0.0,0.0,0.0,0.0,0.0
49.csv_Day7_4h30m,0.0,0.0,0.0,0.0,0.0,0.0,0.0,0.0,0.0
49.csv_Day7_5h00m,0.0,0.0,0.0,0.0,0.9300000071525574,0.0,0.8999999761581421,0.49000000953674316,0.0
49.csv_Day7_5h30m,1.0099999904632568,2.7799999713897705,2.450000047683716,4.340000152587891,5.050000190734863,5.050000190734863,5.340000152587891,5.460000038146973,5.940000057220459
49.csv_Day7_6h00m,4.119999885559082,7.110000133514404,11.239999771118164,11.9399995803833,11.949999809265137,13.109999656677246,12.989999771118164,13.920000076293945,13.449999809265137
49.csv_Day7_6h30m,11.40999984741211,16.8700008392334,19.649999618530273,17.579999923706055,19.290000915527344,21.81999969482422,22.209999084472656,22.579999923706055,22.139999389648438
49.csv_Day7_7h00m,8.029999732971191,19.729999542236328,29.059999465942383,14.390000343322754,25.0,30.3700008392334,31.139999389648438,31.31999969482422,31.729999542236328
49.csv_Day7_7h30m,17.969999313354492,33.310001373291016,39.18000030517578,27.079999923706055,39.02000045776367,39.52000045776367,40.70000076293945,41.41999816894531,41.4900016784668
49.csv_Day7_8h00m,30.450000762939453,32.93000030517578,45.540000915527344,44.540000915527344,45.52000045776367,47.650001525878906,49.849998474121094,50.79999923706055,50.65999984741211
49.csv_Day7_8h30m,46.25,38.68000030517578,56.130001068115234,53.22999954223633,57.099998474121094,57.439998626708984,58.83000183105469,60.290000915527344,59.91999816894531
49.csv_Day7_9h00m,51.72999954223633,43.65999984741211,65.83999633789062,59.97999954223633,64.16000366210938,66.16999816894531,67.70999908447266,68.51000213623047,68.27999877929688
49.csv_Day7_9h30m,51.810001373291016,53.959999084472656,73.20999908447266,69.41000366210938,70.8499984741211,73.5199966430664,74.26000213623047,75.27999877929688,74.22000122070312
49.csv_Day7_10h00m,58.90999984741211,51.220001220703125,75.6500015258789,76.47000122070312,77.22000122070312,77.33999633789062,78.97000122070312,80.62000274658203,78.48999786376953
49.csv_Day7_10h30m,49.81999969482422,39.40999984741211,77.06999969482422,78.58000183105469,73.41000366210938,80.31999969482422,81.33999633789062,82.2300033569336,83.91999816894531
49.csv_Day7_11h00m,45.34000015258789,47.7400016784668,79.04000091552734,74.9800033569336,70.68000030517578,80.45999908447266,83.51000213623047,84.04000091552734,86.62000274658203
49.csv_Day7_11h30m,47.09000015258789,44.52000045776367,80.55000305175781,70.87000274658203,71.08000183105469,81.38999938964844,83.52999877929688,83.83000183105469,86.05999755859375
49.csv_Day7_12h00m,62.04999923706055,54.959999084472656,82.69000244140625,81.80999755859375,68.97000122070312,83.91999816894531,88.52999877929688,87.91000366210938,88.16000366210938
49.csv_Day7_12h30m,55.77000045776367,57.400001525878906,86.2699966430664,86.12999725341797,82.52999877929688,85.91000366210938,90.29000091552734,92.81999969482422,90.94000244140625
49.csv_Day7_13h00m,5.400000095367432,28.940000534057617,77.95999908447266,74.66000366210938,67.87000274658203,78.0999984741211,85.58999633789062,88.2300033569336,86.97000122070312
49.csv_Day7_13h30m,32.09000015258789,45.900001525878906,72.58000183105469,63.630001068115234,69.43000030517578,74.5999984741211,81.25,82.08000183105469,84.27999877929688
49.csv_Day7_14h00m,41.220001220703125,13.75,41.790000915527344,45.939998626708984,24.920000076293945,67.7300033569336,70.26000213623047,72.75,75.63999938964844
49.csv_Day7_14h30m,37.90999984741211,5.849999904632568,55.63999938964844,23.950000762939453,47.58000183105469,61.369998931884766,63.59000015258789,73.47000122070312,73.20999908447266
49.csv_Day7_15h00m,33.540000915527344,2.4200000762939453,55.86000061035156,24.670000076293945,33.47999954223633,62.36000061035156,61.27000045776367,67.43000030517578,70.23999786376953
49.csv_Day7_15h30m,32.540000915527344,5.619999885559082,39.29999923706055,11.569999694824219,32.70000076293945,49.54999923706055,34.880001068115234,38.4900016784668,61.209999084472656
49.csv_Day7_16h00m,10.050000190734863,10.949999809265137,45.86000061035156,23.559999465942383,22.450000762939453,13.75,28.93000030517578,27.920000076293945,52.470001220703125
49.csv_Day7_16h30m,5.760000228881836,7.650000095367432,12.619999885559082,9.289999961853027,28.450000762939453,5.409999847412109,30.170000076293945,12.579999923706055,42.04999923706055
49.csv_Day7_17h00m,5.139999866485596,1.909999966621399,12.979999542236328,5.25,5.489999771118164,2.5,27.979999542236328,6.559999942779541,32.310001373291016
49.csv_Day7_17h30m,3.1600000858306885,7.53000020980835,2.7699999809265137,10.90999984741211,5.21999979019165,2.990000009536743,16.459999084472656,11.600000381469727,24.540000915527344
49.csv_Day7_18h00m,2.4800000190734863,10.960000038146973,1.440000057220459,1.149999976158142,9.649999618530273,4.78000020980835,12.520000457763672,9.119999885559082,16.760000228881836
49.csv_Day7_18h30m,0.9800000190734863,4.059999942779541,0.5799999833106995,1.149999976158142,6.920000076293945,4.010000228881836,7.840000152587891,4.690000057220459,9.25
49.csv_Day7_19h00m,0.0,0.47999998927116394,0.8999999761581421,0.1599999964237213,2.059999942779541,1.3300000429153442,2.2699999809265137,2.1600000858306885,2.5199999809265137
49.csv_Day7_19h30m,0.0,0.0,0.0,0.0,0.0,0.0,0.0,0.0,0.0
49.csv_Day7_20h00m,0.0,0.0,0.0,0.0,0.0,0.0,0.0,0.0,0.0
49.csv_Day7_20h30m,0.0,0.0,0.0,0.0,0.0,0.0,0.0,0.0,0.0
49.csv_Day7_21h00m,0.0,0.0,0.0,0.0,0.0,0.0,0.0,0.0,0.0
49.csv_Day7_21h30m,0.0,0.0,0.0,0.0,0.0,0.0,0.0,0.0,0.0
49.csv_Day7_22h00m,0.0,0.0,0.0,0.0,0.0,0.0,0.0,0.0,0.0
49.csv_Day7_22h30m,0.0,0.0,0.0,0.0,0.0,0.0,0.0,0.0,0.0
49.csv_Day7_23h00m,0.0,0.0,0.0,0.0,0.0,0.0,0.0,0.0,0.0
49.csv_Day7_23h30m,0.0,0.0,0.0,0.0,0.0,0.0,0.0,0.0,0.0
49.csv_Day8_0h00m,0.0,0.0,0.0,0.0,0.0,0.0,0.0,0.0,0.0
49.csv_Day8_0h30m,0.0,0.0,0.0,0.0,0.0,0.0,0.0,0.0,0.0
49.csv_Day8_1h00m,0.0,0.0,0.0,0.0,0.0,0.0,0.0,0.0,0.0
49.csv_Day8_1h30m,0.0,0.0,0.0,0.0,0.0,0.0,0.0,0.0,0.0
49.csv_Day8_2h00m,0.0,0.0,0.0,0.0,0.0,0.0,0.0,0.0,0.0
49.csv_Day8_2h30m,0.0,0.0,0.0,0.0,0.0,0.0,0.0,0.0,0.0
49.csv_Day8_3h00m,0.0,0.0,0.0,0.0,0.0,0.0,0.0,0.0,0.0
49.csv_Day8_3h30m,0.0,0.0,0.0,0.0,0.0,0.0,0.0,0.0,0.0
49.csv_Day8_4h00m,0.0,0.0,0.0,0.0,0.0,0.0,0.0,0.0,0.0
49.csv_Day8_4h30m,0.0,0.0,0.0,0.0,0.0,0.0,0.0,0.0,0.0
49.csv_Day8_5h00m,0.0,0.0,0.0,0.0,0.9300000071525574,0.0,0.9599999785423279,0.019999999552965164,0.0
49.csv_Day8_5h30m,1.0700000524520874,2.799999952316284,2.990000009536743,4.309999942779541,5.050000190734863,5.0,5.25,5.389999866485596,5.940000057220459
49.csv_Day8_6h00m,2.190000057220459,7.150000095367432,9.460000038146973,11.859999656677246,11.960000038146973,12.720000267028809,12.84000015258789,13.600000381469727,13.4399995803833
49.csv_Day8_6h30m,8.5600004196167,16.969999313354492,18.049999237060547,17.469999313354492,19.309999465942383,21.510000228881836,21.979999542236328,21.719999313354492,22.1299991607666
49.csv_Day8_7h00m,3.9200000762939453,19.84000015258789,23.860000610351562,14.3100004196167,25.020000457763672,30.290000915527344,30.84000015258789,30.31999969482422,31.719999313354492
49.csv_Day8_7h30m,14.920000076293945,33.5,38.31999969482422,26.920000076293945,39.04999923706055,38.95000076293945,40.31999969482422,39.47999954223633,41.47999954223633
49.csv_Day8_8h00m,21.989999771118164,33.119998931884766,42.88999938964844,44.279998779296875,45.560001373291016,47.130001068115234,49.38999938964844,49.40999984741211,50.63999938964844
49.csv_Day8_8h30m,17.639999389648438,38.900001525878906,52.36000061035156,52.90999984741211,57.13999938964844,54.9900016784668,58.29999923706055,59.380001068115234,59.88999938964844
49.csv_Day8_9h00m,38.40999984741211,43.900001525878906,61.689998626708984,59.619998931884766,64.20999908447266,62.95000076293945,67.0999984741211,69.01000213623047,68.25
49.csv_Day8_9h30m,53.119998931884766,54.2599983215332,68.43000030517578,68.98999786376953,70.91000366210938,70.56999969482422,73.61000061035156,75.12999725341797,74.19000244140625
49.csv_Day8_10h00m,56.709999084472656,51.5,73.20999908447266,76.01000213623047,77.27999877929688,75.12999725341797,78.2699966430664,79.5,78.45999908447266
49.csv_Day8_10h30m,34.83000183105469,39.630001068115234,75.30999755859375,78.11000061035156,73.47000122070312,83.51000213623047,80.62000274658203,80.94000244140625,83.88999938964844
49.csv_Day8_11h00m,41.459999084472656,48.0099983215332,73.19999694824219,74.52999877929688,70.73999786376953,82.22000122070312,82.77999877929688,81.93000030517578,86.58000183105469
49.csv_Day8_11h30m,30.34000015258789,44.77000045776367,74.30999755859375,70.44000244140625,71.12999725341797,82.13999938964844,82.80000305175781,82.25,86.02999877929688
49.csv_Day8_12h00m,28.81999969482422,55.27000045776367,67.69999694824219,81.31999969482422,69.0199966430664,87.6500015258789,87.76000213623047,86.87000274658203,88.12000274658203
49.csv_Day8_12h30m,56.11000061035156,57.720001220703125,80.16000366210938,85.61000061035156,82.58999633789062,88.31999969482422,89.5,91.55999755859375,90.9000015258789
49.csv_Day8_13h00m,14.140000343322754,29.110000610351562,75.95999908447266,74.20999908447266,67.91999816894531,85.05000305175781,84.83000183105469,84.9800033569336,86.93000030517578
49.csv_Day8_13h30m,32.41999816894531,46.15999984741211,72.05999755859375,63.25,69.48999786376953,81.5199966430664,80.52999877929688,80.19999694824219,84.25
49.csv_Day8_14h00m,8.779999732971191,13.829999923706055,50.7400016784668,45.65999984741211,24.940000534057617,69.5,69.62999725341797,69.04000091552734,75.5999984741211
49.csv_Day8_14h30m,4.369999885559082,5.880000114440918,40.54999923706055,23.799999237060547,47.619998931884766,59.88999938964844,63.0099983215332,72.0,73.18000030517578
49.csv_Day8_15h00m,21.209999084472656,2.430000066757202,42.81999969482422,24.520000457763672,33.5099983215332,39.20000076293945,60.709999084472656,65.87999725341797,70.20999908447266
49.csv_Day8_15h30m,5.940000057220459,5.650000095367432,43.09000015258789,11.5,32.72999954223633,13.710000038146973,34.47999954223633,56.52000045776367,61.18000030517578
49.csv_Day8_16h00m,10.779999732971191,11.010000228881836,48.08000183105469,23.420000076293945,22.469999313354492,27.299999237060547,28.59000015258789,45.06999969482422,52.45000076293945
49.csv_Day8_16h30m,8.449999809265137,7.699999809265137,28.290000915527344,9.229999542236328,28.469999313354492,21.020000457763672,29.8700008392334,33.13999938964844,42.029998779296875
49.csv_Day8_17h00m,1.090000033378601,1.9299999475479126,23.09000015258789,5.21999979019165,5.489999771118164,16.229999542236328,27.700000762939453,25.31999969482422,32.290000915527344
49.csv_Day8_17h30m,0.6700000166893005,7.579999923706055,21.030000686645508,10.84000015258789,5.230000019073486,13.289999961853027,16.260000228881836,23.170000076293945,24.530000686645508
49.csv_Day8_18h00m,2.6600000858306885,11.020000457763672,8.489999771118164,1.1399999856948853,9.649999618530273,11.979999542236328,12.359999656677246,17.100000381469727,16.75
49.csv_Day8_18h30m,1.350000023841858,4.090000152587891,4.480000019073486,1.1399999856948853,6.929999828338623,6.519999980926514,7.739999771118164,9.630000114440918,9.25
49.csv_Day8_19h00m,0.0,0.47999998927116394,1.5800000429153442,0.1599999964237213,2.059999942779541,1.7400000095367432,2.259999990463257,2.2899999618530273,2.5199999809265137
49.csv_Day8_19h30m,0.0,0.0,0.0,0.0,0.0,0.0,0.0,0.0,0.0
49.csv_Day8_20h00m,0.0,0.0,0.0,0.0,0.0,0.0,0.0,0.0,0.0
49.csv_Day8_20h30m,0.0,0.0,0.0,0.0,0.0,0.0,0.0,0.0,0.0
49.csv_Day8_21h00m,0.0,0.0,0.0,0.0,0.0,0.0,0.0,0.0,0.0
49.csv_Day8_21h30m,0.0,0.0,0.0,0.0,0.0,0.0,0.0,0.0,0.0
49.csv_Day8_22h00m,0.0,0.0,0.0,0.0,0.0,0.0,0.0,0.0,0.0
49.csv_Day8_22h30m,0.0,0.0,0.0,0.0,0.0,0.0,0.0,0.0,0.0
49.csv_Day8_23h00m,0.0,0.0,0.0,0.0,0.0,0.0,0.0,0.0,0.0
49.csv_Day8_23h30m,0.0,0.0,0.0,0.0,0.0,0.0,0.0,0.0,0.0
50.csv_Day7_0h00m,0.0,0.0,0.0,0.0,0.0,0.0,0.0,0.0,0.0
50.csv_Day7_0h30m,0.0,0.0,0.0,0.0,0.0,0.0,0.0,0.0,0.0
50.csv_Day7_1h00m,0.0,0.0,0.0,0.0,0.0,0.0,0.0,0.0,0.0
50.csv_Day7_1h30m,0.0,0.0,0.0,0.0,0.0,0.0,0.0,0.0,0.0
50.csv_Day7_2h00m,0.0,0.0,0.0,0.0,0.0,0.0,0.0,0.0,0.0
50.csv_Day7_2h30m,0.0,0.0,0.0,0.0,0.0,0.0,0.0,0.0,0.0
50.csv_Day7_3h00m,0.0,0.0,0.0,0.0,0.0,0.0,0.0,0.0,0.0
50.csv_Day7_3h30m,0.0,0.0,0.0,0.0,0.0,0.0,0.0,0.0,0.0
50.csv_Day7_4h00m,0.0,0.0,0.0,0.0,0.0,0.0,0.0,0.0,0.0
50.csv_Day7_4h30m,0.0,0.0,0.0,0.0,0.0,0.0,0.0,0.0,0.0
50.csv_Day7_5h00m,0.0,0.0,0.0,0.0,0.0,0.0,0.0,0.0,0.0
50.csv_Day7_5h30m,0.0,0.0,0.0,0.0,0.0,0.0,0.0,0.0,0.0
50.csv_Day7_6h00m,0.0,0.0,0.0,0.0,0.0,0.0,0.0,0.0,0.0
50.csv_Day7_6h30m,0.0,0.0,0.0,0.0,0.0,0.0,0.0,0.0,0.0
50.csv_Day7_7h00m,0.0,0.0,0.0,0.0,0.0,0.0,0.0,0.0,0.0
50.csv_Day7_7h30m,0.0,0.0,0.0,0.0,1.5099999904632568,0.6200000047683716,0.8799999952316284,0.0,1.0399999618530273
50.csv_Day7_8h00m,0.6200000047683716,2.359999895095825,2.569999933242798,6.179999828338623,5.190000057220459,4.960000038146973,5.900000095367432,7.639999866485596,6.960000038146973
50.csv_Day7_8h30m,5.150000095367432,4.110000133514404,8.140000343322754,11.550000190734863,14.039999961853027,11.460000038146973,12.779999732971191,15.670000076293945,13.350000381469727
50.csv_Day7_9h00m,12.270000457763672,13.680000305175781,15.680000305175781,15.979999542236328,20.260000228881836,20.530000686645508,22.479999542236328,24.920000076293945,21.479999542236328
50.csv_Day7_9h30m,19.0,21.34000015258789,21.030000686645508,26.979999542236328,26.110000610351562,27.1299991607666,27.110000610351562,30.350000381469727,29.420000076293945
50.csv_Day7_10h00m,21.809999465942383,19.09000015258789,28.1200008392334,31.139999389648438,31.90999984741211,34.45000076293945,32.849998474121094,35.15999984741211,35.4900016784668
50.csv_Day7_10h30m,25.420000076293945,30.579999923706055,35.86000061035156,38.95000076293945,38.849998474121094,39.599998474121094,39.86000061035156,40.04999923706055,40.040000915527344
50.csv_Day7_11h00m,25.639999389648438,26.25,35.400001525878906,41.459999084472656,40.380001068115234,42.529998779296875,44.189998626708984,44.029998779296875,43.40999984741211
50.csv_Day7_11h30m,26.989999771118164,30.709999084472656,36.869998931884766,43.86000061035156,41.720001220703125,44.0,46.58000183105469,46.4900016784668,45.689998626708984
50.csv_Day7_12h00m,30.420000076293945,21.239999771118164,38.06999969482422,45.4900016784668,41.04999923706055,42.70000076293945,46.150001525878906,45.38999938964844,46.040000915527344
50.csv_Day7_12h30m,24.940000534057617,31.719999313354492,34.040000915527344,41.81999969482422,40.720001220703125,39.189998626708984,43.529998779296875,44.900001525878906,40.540000915527344
50.csv_Day7_13h00m,23.899999618530273,26.479999542236328,32.029998779296875,33.439998626708984,35.25,33.20000076293945,36.02000045776367,39.84000015258789,35.7400016784668
50.csv_Day7_13h30m,25.65999984741211,22.420000076293945,31.790000915527344,37.970001220703125,36.7599983215332,36.41999816894531,36.2400016784668,39.130001068115234,38.970001220703125
50.csv_Day7_14h00m,22.84000015258789,20.719999313354492,25.09000015258789,31.979999542236328,34.630001068115234,31.260000228881836,31.959999084472656,34.04999923706055,34.41999816894531
50.csv_Day7_14h30m,20.3700008392334,12.199999809265137,18.729999542236328,23.389999389648438,28.6200008392334,22.510000228881836,26.770000457763672,27.31999969482422,28.399999618530273
50.csv_Day7_15h00m,18.84000015258789,12.920000076293945,14.609999656677246,17.93000030517578,21.389999389648438,9.470000267028809,20.010000228881836,20.6200008392334,22.3700008392334
50.csv_Day7_15h30m,1.7300000190734863,7.480000019073486,9.270000457763672,13.239999771118164,13.25,9.359999656677246,14.520000457763672,14.640000343322754,15.289999961853027
50.csv_Day7_16h00m,2.509999990463257,6.539999961853027,5.510000228881836,7.260000228881836,6.579999923706055,6.46999979019165,6.840000152587891,8.039999961853027,8.220000267028809
50.csv_Day7_16h30m,0.5699999928474426,1.309999942779541,1.0199999809265137,1.6200000047683716,1.7000000476837158,0.5899999737739563,1.6699999570846558,1.7200000286102295,1.909999966621399
50.csv_Day7_17h00m,0.0,0.0,0.0,0.0,0.0,0.0,0.0,0.0,0.0
50.csv_Day7_17h30m,0.0,0.0,0.0,0.0,0.0,0.0,0.0,0.0,0.0
50.csv_Day7_18h00m,0.0,0.0,0.0,0.0,0.0,0.0,0.0,0.0,0.0
50.csv_Day7_18h30m,0.0,0.0,0.0,0.0,0.0,0.0,0.0,0.0,0.0
50.csv_Day7_19h00m,0.0,0.0,0.0,0.0,0.0,0.0,0.0,0.0,0.0
50.csv_Day7_19h30m,0.0,0.0,0.0,0.0,0.0,0.0,0.0,0.0,0.0
50.csv_Day7_20h00m,0.0,0.0,0.0,0.0,0.0,0.0,0.0,0.0,0.0
50.csv_Day7_20h30m,0.0,0.0,0.0,0.0,0.0,0.0,0.0,0.0,0.0
50.csv_Day7_21h00m,0.0,0.0,0.0,0.0,0.0,0.0,0.0,0.0,0.0
50.csv_Day7_21h30m,0.0,0.0,0.0,0.0,0.0,0.0,0.0,0.0,0.0
50.csv_Day7_22h00m,0.0,0.0,0.0,0.0,0.0,0.0,0.0,0.0,0.0
50.csv_Day7_22h30m,0.0,0.0,0.0,0.0,0.0,0.0,0.0,0.0,0.0
50.csv_Day7_23h00m,0.0,0.0,0.0,0.0,0.0,0.0,0.0,0.0,0.0
50.csv_Day7_23h30m,0.0,0.0,0.0,0.0,0.0,0.0,0.0,0.0,0.0
50.csv_Day8_0h00m,0.0,0.0,0.0,0.0,0.0,0.0,0.0,0.0,0.0
50.csv_Day8_0h30m,0.0,0.0,0.0,0.0,0.0,0.0,0.0,0.0,0.0
50.csv_Day8_1h00m,0.0,0.0,0.0,0.0,0.0,0.0,0.0,0.0,0.0
50.csv_Day8_1h30m,0.0,0.0,0.0,0.0,0.0,0.0,0.0,0.0,0.0
50.csv_Day8_2h00m,0.0,0.0,0.0,0.0,0.0,0.0,0.0,0.0,0.0
50.csv_Day8_2h30m,0.0,0.0,0.0,0.0,0.0,0.0,0.0,0.0,0.0
50.csv_Day8_3h00m,0.0,0.0,0.0,0.0,0.0,0.0,0.0,0.0,0.0
50.csv_Day8_3h30m,0.0,0.0,0.0,0.0,0.0,0.0,0.0,0.0,0.0
50.csv_Day8_4h00m,0.0,0.0,0.0,0.0,0.0,0.0,0.0,0.0,0.0
50.csv_Day8_4h30m,0.0,0.0,0.0,0.0,0.0,0.0,0.0,0.0,0.0
50.csv_Day8_5h00m,0.0,0.0,0.0,0.0,0.0,0.0,0.0,0.0,0.0
50.csv_Day8_5h30m,0.0,0.0,0.0,0.0,0.0,0.0,0.0,0.0,0.0
50.csv_Day8_6h00m,0.0,0.0,0.0,0.0,0.0,0.0,0.0,0.0,0.0
50.csv_Day8_6h30m,0.0,0.0,0.0,0.0,0.0,0.0,0.0,0.0,0.0
50.csv_Day8_7h00m,0.0,0.0,0.0,0.0,0.0,0.0,0.0,0.0,0.0
50.csv_Day8_7h30m,0.0,0.0,0.0,0.0,1.5099999904632568,1.0800000429153442,0.9300000071525574,0.0,1.0399999618530273
50.csv_Day8_8h00m,1.3700000047683716,2.369999885559082,2.559999942779541,6.139999866485596,5.190000057220459,8.350000381469727,5.809999942779541,7.570000171661377,6.960000038146973
50.csv_Day8_8h30m,4.889999866485596,4.139999866485596,7.269999980926514,11.479999542236328,14.050000190734863,13.239999771118164,12.630000114440918,11.529999732971191,13.350000381469727
50.csv_Day8_9h00m,12.0600004196167,13.760000228881836,14.329999923706055,15.880000114440918,20.280000686645508,19.809999465942383,22.260000228881836,22.030000686645508,21.469999313354492
50.csv_Day8_9h30m,20.520000457763672,21.459999084472656,24.440000534057617,26.81999969482422,26.1299991607666,29.700000762939453,26.84000015258789,29.31999969482422,29.40999984741211
50.csv_Day8_10h00m,23.450000762939453,19.190000534057617,31.239999771118164,30.950000762939453,31.93000030517578,36.20000076293945,32.529998779296875,35.59000015258789,35.470001220703125
50.csv_Day8_10h30m,28.229999542236328,30.75,36.81999969482422,38.720001220703125,38.880001068115234,41.5,39.4900016784668,40.54999923706055,40.029998779296875
50.csv_Day8_11h00m,27.43000030517578,26.399999618530273,37.31999969482422,41.209999084472656,40.40999984741211,42.08000183105469,43.779998779296875,43.47999954223633,43.38999938964844
50.csv_Day8_11h30m,29.56999969482422,30.8799991607666,38.790000915527344,43.599998474121094,41.75,43.33000183105469,46.150001525878906,45.79999923706055,45.66999816894531
50.csv_Day8_12h00m,31.829999923706055,21.360000610351562,38.540000915527344,45.220001220703125,41.09000015258789,42.310001373291016,45.72999954223633,45.38999938964844,46.02000045776367
50.csv_Day8_12h30m,26.1299991607666,31.899999618530273,33.40999984741211,41.56999969482422,40.75,38.79999923706055,43.130001068115234,43.0,40.52000045776367
50.csv_Day8_13h00m,23.450000762939453,26.6299991607666,28.8700008392334,33.2400016784668,35.279998779296875,32.59000015258789,36.43000030517578,35.2599983215332,35.720001220703125
50.csv_Day8_13h30m,27.170000076293945,22.549999237060547,29.8700008392334,37.75,36.790000915527344,35.0,35.900001525878906,38.029998779296875,38.95000076293945
50.csv_Day8_14h00m,24.959999084472656,20.829999923706055,24.760000228881836,31.780000686645508,34.65999984741211,30.520000457763672,31.65999984741211,33.099998474121094,34.40999984741211
50.csv_Day8_14h30m,21.219999313354492,12.270000457763672,21.34000015258789,23.239999771118164,28.639999389648438,24.200000762939453,26.510000228881836,27.290000915527344,28.389999389648438
50.csv_Day8_15h00m,17.790000915527344,13.0,15.140000343322754,17.829999923706055,21.40999984741211,17.760000228881836,19.799999237060547,20.450000762939453,22.360000610351562
50.csv_Day8_15h30m,5.829999923706055,7.53000020980835,8.65999984741211,13.15999984741211,13.260000228881836,12.079999923706055,14.359999656677246,14.350000381469727,15.289999961853027
50.csv_Day8_16h00m,3.869999885559082,6.570000171661377,4.800000190734863,7.21999979019165,6.579999923706055,6.739999771118164,6.730000019073486,7.920000076293945,8.220000267028809
50.csv_Day8_16h30m,1.100000023841858,1.3200000524520874,1.1200000047683716,1.6100000143051147,1.7000000476837158,0.7599999904632568,1.7599999904632568,1.8200000524520874,1.909999966621399
50.csv_Day8_17h00m,0.0,0.0,0.0,0.0,0.0,0.0,0.0,0.0,0.0
50.csv_Day8_17h30m,0.0,0.0,0.0,0.0,0.0,0.0,0.0,0.0,0.0
50.csv_Day8_18h00m,0.0,0.0,0.0,0.0,0.0,0.0,0.0,0.0,0.0
50.csv_Day8_18h30m,0.0,0.0,0.0,0.0,0.0,0.0,0.0,0.0,0.0
50.csv_Day8_19h00m,0.0,0.0,0.0,0.0,0.0,0.0,0.0,0.0,0.0
50.csv_Day8_19h30m,0.0,0.0,0.0,0.0,0.0,0.0,0.0,0.0,0.0
50.csv_Day8_20h00m,0.0,0.0,0.0,0.0,0.0,0.0,0.0,0.0,0.0
50.csv_Day8_20h30m,0.0,0.0,0.0,0.0,0.0,0.0,0.0,0.0,0.0
50.csv_Day8_21h00m,0.0,0.0,0.0,0.0,0.0,0.0,0.0,0.0,0.0
50.csv_Day8_21h30m,0.0,0.0,0.0,0.0,0.0,0.0,0.0,0.0,0.0
50.csv_Day8_22h00m,0.0,0.0,0.0,0.0,0.0,0.0,0.0,0.0,0.0
50.csv_Day8_22h30m,0.0,0.0,0.0,0.0,0.0,0.0,0.0,0.0,0.0
50.csv_Day8_23h00m,0.0,0.0,0.0,0.0,0.0,0.0,0.0,0.0,0.0
50.csv_Day8_23h30m,0.0,0.0,0.0,0.0,0.0,0.0,0.0,0.0,0.0
51.csv_Day7_0h00m,0.0,0.0,0.0,0.0,0.0,0.0,0.0,0.0,0.0
51.csv_Day7_0h30m,0.0,0.0,0.0,0.0,0.0,0.0,0.0,0.0,0.0
51.csv_Day7_1h00m,0.0,0.0,0.0,0.0,0.0,0.0,0.0,0.0,0.0
51.csv_Day7_1h30m,0.0,0.0,0.0,0.0,0.0,0.0,0.0,0.0,0.0
51.csv_Day7_2h00m,0.0,0.0,0.0,0.0,0.0,0.0,0.0,0.0,0.0
51.csv_Day7_2h30m,0.0,0.0,0.0,0.0,0.0,0.0,0.0,0.0,0.0
51.csv_Day7_3h00m,0.0,0.0,0.0,0.0,0.0,0.0,0.0,0.0,0.0
51.csv_Day7_3h30m,0.0,0.0,0.0,0.0,0.0,0.0,0.0,0.0,0.0
51.csv_Day7_4h00m,0.0,0.0,0.0,0.0,0.0,0.0,0.0,0.0,0.0
51.csv_Day7_4h30m,0.0,0.0,0.0,0.0,0.0,0.0,0.0,0.0,0.0
51.csv_Day7_5h00m,0.0,0.0,0.0,0.0,0.0,0.0,0.0,0.0,0.0
51.csv_Day7_5h30m,0.0,0.0,0.0,0.0,0.0,0.0,0.0,0.0,0.0
51.csv_Day7_6h00m,0.0,0.0,0.0,0.0,0.0,0.0,0.0,0.0,0.0
51.csv_Day7_6h30m,0.0,0.0,0.0,0.0,0.0,0.0,0.0,0.0,0.0
51.csv_Day7_7h00m,0.0,0.0,0.0,0.0,0.0,0.0,0.0,0.0,0.0
51.csv_Day7_7h30m,0.0,0.0,0.0,1.5,1.909999966621399,1.4700000286102295,1.2599999904632568,1.7100000381469727,0.1899999976158142
51.csv_Day7_8h00m,1.3200000524520874,5.820000171661377,2.75,6.610000133514404,8.680000305175781,5.840000152587891,7.46999979019165,9.229999542236328,9.020000457763672
51.csv_Day7_8h30m,5.519999980926514,7.900000095367432,12.300000190734863,11.529999732971191,16.84000015258789,12.859999656677246,14.829999923706055,16.09000015258789,16.219999313354492
51.csv_Day7_9h00m,10.1899995803833,10.350000381469727,17.5,12.819999694824219,19.920000076293945,22.059999465942383,22.479999542236328,23.489999771118164,24.209999084472656
51.csv_Day7_9h30m,16.790000915527344,12.75,20.940000534057617,19.760000228881836,22.40999984741211,28.100000381469727,28.5,29.809999465942383,29.979999542236328
51.csv_Day7_10h00m,13.279999732971191,20.510000228881836,22.790000915527344,27.690000534057617,28.450000762939453,33.06999969482422,35.65999984741211,36.09000015258789,36.13999938964844
51.csv_Day7_10h30m,15.890000343322754,23.989999771118164,21.25,30.25,34.97999954223633,34.93000030517578,40.470001220703125,39.869998931884766,41.040000915527344
51.csv_Day7_11h00m,24.6200008392334,27.139999389648438,31.969999313354492,32.77000045776367,35.77000045776367,39.2400016784668,42.9900016784668,42.68000030517578,44.70000076293945
51.csv_Day7_11h30m,20.639999389648438,24.760000228881836,30.09000015258789,29.020000457763672,39.2400016784668,41.65999984741211,44.7400016784668,45.09000015258789,46.540000915527344
51.csv_Day7_12h00m,16.540000915527344,22.09000015258789,32.40999984741211,26.290000915527344,41.77000045776367,40.65999984741211,44.90999984741211,45.06999969482422,46.68000030517578
51.csv_Day7_12h30m,16.149999618530273,22.770000457763672,32.79999923706055,24.34000015258789,41.790000915527344,38.58000183105469,44.4900016784668,44.20000076293945,45.79999923706055
51.csv_Day7_13h00m,18.84000015258789,26.09000015258789,30.969999313354492,22.56999969482422,39.63999938964844,31.170000076293945,41.36000061035156,41.369998931884766,43.380001068115234
51.csv_Day7_13h30m,17.0,21.450000762939453,28.350000381469727,17.5,37.099998474121094,27.6299991607666,38.45000076293945,38.5099983215332,39.90999984741211
51.csv_Day7_14h00m,18.18000030517578,18.610000610351562,23.059999465942383,29.219999313354492,29.719999313354492,28.950000762939453,33.59000015258789,33.43000030517578,34.7400016784668
51.csv_Day7_14h30m,11.65999984741211,7.429999828338623,14.170000076293945,21.75,20.68000030517578,23.809999465942383,26.969999313354492,26.309999465942383,28.719999313354492
51.csv_Day7_15h00m,10.390000343322754,7.309999942779541,10.289999961853027,17.6299991607666,15.319999694824219,17.5,20.43000030517578,20.010000228881836,21.709999084472656
51.csv_Day7_15h30m,5.0,5.940000057220459,8.220000267028809,12.5600004196167,10.449999809265137,8.5600004196167,13.869999885559082,12.739999771118164,14.75
51.csv_Day7_16h00m,1.8799999952316284,2.9600000381469727,2.200000047683716,5.599999904632568,5.420000076293945,6.300000190734863,5.340000152587891,8.470000267028809,7.019999980926514
51.csv_Day7_16h30m,0.0,0.0,0.0,0.0,0.0,0.0,0.7400000095367432,0.8799999952316284,0.0
51.csv_Day7_17h00m,0.0,0.0,0.0,0.0,0.0,0.0,0.0,0.0,0.0
51.csv_Day7_17h30m,0.0,0.0,0.0,0.0,0.0,0.0,0.0,0.0,0.0
51.csv_Day7_18h00m,0.0,0.0,0.0,0.0,0.0,0.0,0.0,0.0,0.0
51.csv_Day7_18h30m,0.0,0.0,0.0,0.0,0.0,0.0,0.0,0.0,0.0
51.csv_Day7_19h00m,0.0,0.0,0.0,0.0,0.0,0.0,0.0,0.0,0.0
51.csv_Day7_19h30m,0.0,0.0,0.0,0.0,0.0,0.0,0.0,0.0,0.0
51.csv_Day7_20h00m,0.0,0.0,0.0,0.0,0.0,0.0,0.0,0.0,0.0
51.csv_Day7_20h30m,0.0,0.0,0.0,0.0,0.0,0.0,0.0,0.0,0.0
51.csv_Day7_21h00m,0.0,0.0,0.0,0.0,0.0,0.0,0.0,0.0,0.0
51.csv_Day7_21h30m,0.0,0.0,0.0,0.0,0.0,0.0,0.0,0.0,0.0
51.csv_Day7_22h00m,0.0,0.0,0.0,0.0,0.0,0.0,0.0,0.0,0.0
51.csv_Day7_22h30m,0.0,0.0,0.0,0.0,0.0,0.0,0.0,0.0,0.0
51.csv_Day7_23h00m,0.0,0.0,0.0,0.0,0.0,0.0,0.0,0.0,0.0
51.csv_Day7_23h30m,0.0,0.0,0.0,0.0,0.0,0.0,0.0,0.0,0.0
51.csv_Day8_0h00m,0.0,0.0,0.0,0.0,0.0,0.0,0.0,0.0,0.0
51.csv_Day8_0h30m,0.0,0.0,0.0,0.0,0.0,0.0,0.0,0.0,0.0
51.csv_Day8_1h00m,0.0,0.0,0.0,0.0,0.0,0.0,0.0,0.0,0.0
51.csv_Day8_1h30m,0.0,0.0,0.0,0.0,0.0,0.0,0.0,0.0,0.0
51.csv_Day8_2h00m,0.0,0.0,0.0,0.0,0.0,0.0,0.0,0.0,0.0
51.csv_Day8_2h30m,0.0,0.0,0.0,0.0,0.0,0.0,0.0,0.0,0.0
51.csv_Day8_3h00m,0.0,0.0,0.0,0.0,0.0,0.0,0.0,0.0,0.0
51.csv_Day8_3h30m,0.0,0.0,0.0,0.0,0.0,0.0,0.0,0.0,0.0
51.csv_Day8_4h00m,0.0,0.0,0.0,0.0,0.0,0.0,0.0,0.0,0.0
51.csv_Day8_4h30m,0.0,0.0,0.0,0.0,0.0,0.0,0.0,0.0,0.0
51.csv_Day8_5h00m,0.0,0.0,0.0,0.0,0.0,0.0,0.0,0.0,0.0
51.csv_Day8_5h30m,0.0,0.0,0.0,0.0,0.0,0.0,0.0,0.0,0.0
51.csv_Day8_6h00m,0.0,0.0,0.0,0.0,0.0,0.0,0.0,0.0,0.0
51.csv_Day8_6h30m,0.0,0.0,0.0,0.0,0.0,0.0,0.0,0.0,0.0
51.csv_Day8_7h00m,0.0,0.0,0.0,0.0,0.0,0.0,0.0,0.0,0.0
51.csv_Day8_7h30m,0.0,0.0,0.0,1.4900000095367432,1.909999966621399,1.350000023841858,1.340000033378601,1.5299999713897705,0.1899999976158142
51.csv_Day8_8h00m,2.819999933242798,5.860000133514404,3.7699999809265137,6.570000171661377,8.680000305175781,5.570000171661377,7.369999885559082,9.15999984741211,9.010000228881836
51.csv_Day8_8h30m,9.779999732971191,7.949999809265137,7.659999847412109,11.460000038146973,16.860000610351562,13.289999961853027,14.65999984741211,14.930000305175781,16.219999313354492
51.csv_Day8_9h00m,11.880000114440918,10.399999618530273,12.539999961853027,12.75,19.940000534057617,15.829999923706055,22.25,22.809999465942383,24.200000762939453
51.csv_Day8_9h30m,18.579999923706055,12.819999694824219,13.600000381469727,19.639999389648438,22.420000076293945,22.489999771118164,28.219999313354492,28.969999313354492,29.959999084472656
51.csv_Day8_10h00m,18.139999389648438,20.6200008392334,16.860000610351562,27.520000457763672,28.469999313354492,22.209999084472656,35.31999969482422,35.4900016784668,36.119998931884766
51.csv_Day8_10h30m,21.34000015258789,24.1299991607666,21.889999389648438,30.06999969482422,35.0099983215332,25.190000534057617,40.09000015258789,41.08000183105469,41.029998779296875
51.csv_Day8_11h00m,20.520000457763672,27.290000915527344,21.15999984741211,32.58000183105469,35.79999923706055,25.81999969482422,42.59000015258789,43.599998474121094,44.68000030517578
51.csv_Day8_11h30m,25.020000457763672,24.899999618530273,30.229999542236328,28.850000381469727,39.27000045776367,36.02000045776367,44.33000183105469,46.209999084472656,46.52000045776367
51.csv_Day8_12h00m,20.860000610351562,22.219999313354492,27.90999984741211,26.139999389648438,41.79999923706055,33.709999084472656,44.4900016784668,46.560001373291016,46.65999984741211
51.csv_Day8_12h30m,22.739999771118164,22.889999389648438,28.770000457763672,24.190000534057617,41.81999969482422,30.010000228881836,44.08000183105469,45.689998626708984,45.779998779296875
51.csv_Day8_13h00m,23.0,26.239999771118164,23.579999923706055,22.43000030517578,39.66999816894531,24.270000457763672,40.970001220703125,42.7400016784668,43.36000061035156
51.csv_Day8_13h30m,24.200000762939453,21.56999969482422,26.290000915527344,17.389999389648438,37.130001068115234,20.0,38.08000183105469,39.61000061035156,39.900001525878906
51.csv_Day8_14h00m,19.239999771118164,18.719999313354492,10.779999732971191,29.049999237060547,29.739999771118164,19.6299991607666,33.27000045776367,34.2599983215332,34.720001220703125
51.csv_Day8_14h30m,12.479999542236328,7.46999979019165,2.7200000286102295,21.6200008392334,20.690000534057617,11.020000457763672,26.700000762939453,25.829999923706055,28.709999084472656
51.csv_Day8_15h00m,11.260000228881836,7.349999904632568,5.039999961853027,17.520000457763672,15.329999923706055,12.149999618530273,20.219999313354492,18.079999923706055,21.700000762939453
51.csv_Day8_15h30m,4.829999923706055,5.96999979019165,7.920000076293945,12.489999771118164,10.460000038146973,10.329999923706055,13.710000038146973,13.0,14.75
51.csv_Day8_16h00m,2.700000047683716,2.9700000286102295,2.5899999141693115,5.559999942779541,5.429999828338623,6.519999980926514,5.28000020980835,8.479999542236328,7.010000228881836
51.csv_Day8_16h30m,0.0,0.0,0.0,0.0,0.0,0.0,0.7900000214576721,0.38999998569488525,0.0
51.csv_Day8_17h00m,0.0,0.0,0.0,0.0,0.0,0.0,0.0,0.0,0.0
51.csv_Day8_17h30m,0.0,0.0,0.0,0.0,0.0,0.0,0.0,0.0,0.0
51.csv_Day8_18h00m,0.0,0.0,0.0,0.0,0.0,0.0,0.0,0.0,0.0
51.csv_Day8_18h30m,0.0,0.0,0.0,0.0,0.0,0.0,0.0,0.0,0.0
51.csv_Day8_19h00m,0.0,0.0,0.0,0.0,0.0,0.0,0.0,0.0,0.0
51.csv_Day8_19h30m,0.0,0.0,0.0,0.0,0.0,0.0,0.0,0.0,0.0
51.csv_Day8_20h00m,0.0,0.0,0.0,0.0,0.0,0.0,0.0,0.0,0.0
51.csv_Day8_20h30m,0.0,0.0,0.0,0.0,0.0,0.0,0.0,0.0,0.0
51.csv_Day8_21h00m,0.0,0.0,0.0,0.0,0.0,0.0,0.0,0.0,0.0
51.csv_Day8_21h30m,0.0,0.0,0.0,0.0,0.0,0.0,0.0,0.0,0.0
51.csv_Day8_22h00m,0.0,0.0,0.0,0.0,0.0,0.0,0.0,0.0,0.0
51.csv_Day8_22h30m,0.0,0.0,0.0,0.0,0.0,0.0,0.0,0.0,0.0
51.csv_Day8_23h00m,0.0,0.0,0.0,0.0,0.0,0.0,0.0,0.0,0.0
51.csv_Day8_23h30m,0.0,0.0,0.0,0.0,0.0,0.0,0.0,0.0,0.0
52.csv_Day7_0h00m,0.0,0.0,0.0,0.0,0.0,0.0,0.0,0.0,0.0
52.csv_Day7_0h30m,0.0,0.0,0.0,0.0,0.0,0.0,0.0,0.0,0.0
52.csv_Day7_1h00m,0.0,0.0,0.0,0.0,0.0,0.0,0.0,0.0,0.0
52.csv_Day7_1h30m,0.0,0.0,0.0,0.0,0.0,0.0,0.0,0.0,0.0
52.csv_Day7_2h00m,0.0,0.0,0.0,0.0,0.0,0.0,0.0,0.0,0.0
52.csv_Day7_2h30m,0.0,0.0,0.0,0.0,0.0,0.0,0.0,0.0,0.0
52.csv_Day7_3h00m,0.0,0.0,0.0,0.0,0.0,0.0,0.0,0.0,0.0
52.csv_Day7_3h30m,0.0,0.0,0.0,0.0,0.0,0.0,0.0,0.0,0.0
52.csv_Day7_4h00m,0.0,0.0,0.0,0.0,0.0,0.0,0.0,0.0,0.0
52.csv_Day7_4h30m,0.0,0.0,0.0,0.0,0.0,0.0,0.0,0.0,0.0
52.csv_Day7_5h00m,0.0,0.0,0.0,0.0,0.0,0.0,0.0,0.0,0.0
52.csv_Day7_5h30m,0.0,0.0,0.0,0.0,0.0,0.0,0.0,0.0,0.0
52.csv_Day7_6h00m,0.0,0.0,0.0,0.0,0.0,0.0,0.0,0.0,0.0
52.csv_Day7_6h30m,0.0,0.0,0.0,0.0,0.0,0.0,0.0,0.0,0.0
52.csv_Day7_7h00m,0.0,0.0,0.0,0.0,0.0,0.0,0.0,0.0,0.0
52.csv_Day7_7h30m,0.7099999785423279,2.7300000190734863,7.090000152587891,6.28000020980835,4.059999942779541,5.619999885559082,6.260000228881836,4.980000019073486,5.909999847412109
52.csv_Day7_8h00m,2.759999990463257,6.010000228881836,16.139999389648438,12.789999961853027,15.0,14.489999771118164,13.069999694824219,15.050000190734863,14.479999542236328
52.csv_Day7_8h30m,12.229999542236328,14.199999809265137,21.360000610351562,23.3700008392334,25.59000015258789,23.670000076293945,22.350000381469727,22.889999389648438,22.600000381469727
52.csv_Day7_9h00m,17.389999389648438,16.360000610351562,26.149999618530273,26.889999389648438,32.77000045776367,29.290000915527344,31.530000686645508,27.81999969482422,31.979999542236328
52.csv_Day7_9h30m,15.960000038146973,22.34000015258789,32.529998779296875,38.560001373291016,39.08000183105469,37.97999954223633,38.599998474121094,36.060001373291016,39.689998626708984
52.csv_Day7_10h00m,12.279999732971191,29.549999237060547,35.75,43.06999969482422,45.06999969482422,45.099998474121094,46.970001220703125,40.2400016784668,46.40999984741211
52.csv_Day7_10h30m,12.289999961853027,29.270000457763672,30.0,44.08000183105469,46.459999084472656,47.369998931884766,50.06999969482422,41.91999816894531,53.2599983215332
52.csv_Day7_11h00m,11.869999885559082,32.630001068115234,18.719999313354492,45.130001068115234,50.220001220703125,48.77000045776367,52.560001373291016,48.36000061035156,58.619998931884766
52.csv_Day7_11h30m,14.109999656677246,32.529998779296875,41.0,51.2599983215332,58.27000045776367,51.900001525878906,59.279998779296875,56.7400016784668,62.15999984741211
52.csv_Day7_12h00m,10.489999771118164,28.399999618530273,45.70000076293945,55.95000076293945,57.970001220703125,55.02000045776367,61.540000915527344,59.84000015258789,63.41999816894531
52.csv_Day7_12h30m,15.699999809265137,23.43000030517578,43.65999984741211,52.560001373291016,54.0,53.5,62.20000076293945,57.41999816894531,62.56999969482422
52.csv_Day7_13h00m,17.68000030517578,23.479999542236328,44.45000076293945,46.380001068115234,52.380001068115234,53.150001525878906,57.66999816894531,56.130001068115234,60.400001525878906
52.csv_Day7_13h30m,19.5,22.899999618530273,43.56999969482422,33.689998626708984,47.06999969482422,45.790000915527344,53.52000045776367,54.380001068115234,55.7599983215332
52.csv_Day7_14h00m,17.829999923706055,20.649999618530273,43.59000015258789,31.020000457763672,43.04999923706055,44.5,49.47999954223633,50.209999084472656,52.93000030517578
52.csv_Day7_14h30m,15.979999542236328,17.649999618530273,37.2599983215332,17.760000228881836,37.130001068115234,35.25,42.099998474121094,43.560001373291016,45.68000030517578
52.csv_Day7_15h00m,17.489999771118164,21.670000076293945,32.689998626708984,21.860000610351562,30.110000610351562,30.510000228881836,33.79999923706055,37.209999084472656,39.310001373291016
52.csv_Day7_15h30m,20.229999542236328,15.529999732971191,26.530000686645508,18.020000457763672,22.700000762939453,20.700000762939453,27.6200008392334,30.1299991607666,31.549999237060547
52.csv_Day7_16h00m,15.510000228881836,7.78000020980835,19.510000228881836,6.760000228881836,12.279999732971191,18.200000762939453,19.579999923706055,23.299999237060547,23.200000762939453
52.csv_Day7_16h30m,9.470000267028809,4.639999866485596,14.119999885559082,4.03000020980835,6.550000190734863,12.09000015258789,11.3100004196167,14.630000114440918,14.869999885559082
52.csv_Day7_17h00m,0.7599999904632568,2.25,1.3799999952316284,4.309999942779541,3.0299999713897705,5.96999979019165,6.28000020980835,6.829999923706055,7.190000057220459
52.csv_Day7_17h30m,0.0,0.0,0.0,0.0,0.0,0.0,0.0,0.0,0.0
52.csv_Day7_18h00m,0.0,0.0,0.0,0.0,0.0,0.0,0.0,0.0,0.0
52.csv_Day7_18h30m,0.0,0.0,0.0,0.0,0.0,0.0,0.0,0.0,0.0
52.csv_Day7_19h00m,0.0,0.0,0.0,0.0,0.0,0.0,0.0,0.0,0.0
52.csv_Day7_19h30m,0.0,0.0,0.0,0.0,0.0,0.0,0.0,0.0,0.0
52.csv_Day7_20h00m,0.0,0.0,0.0,0.0,0.0,0.0,0.0,0.0,0.0
52.csv_Day7_20h30m,0.0,0.0,0.0,0.0,0.0,0.0,0.0,0.0,0.0
52.csv_Day7_21h00m,0.0,0.0,0.0,0.0,0.0,0.0,0.0,0.0,0.0
52.csv_Day7_21h30m,0.0,0.0,0.0,0.0,0.0,0.0,0.0,0.0,0.0
52.csv_Day7_22h00m,0.0,0.0,0.0,0.0,0.0,0.0,0.0,0.0,0.0
52.csv_Day7_22h30m,0.0,0.0,0.0,0.0,0.0,0.0,0.0,0.0,0.0
52.csv_Day7_23h00m,0.0,0.0,0.0,0.0,0.0,0.0,0.0,0.0,0.0
52.csv_Day7_23h30m,0.0,0.0,0.0,0.0,0.0,0.0,0.0,0.0,0.0
52.csv_Day8_0h00m,0.0,0.0,0.0,0.0,0.0,0.0,0.0,0.0,0.0
52.csv_Day8_0h30m,0.0,0.0,0.0,0.0,0.0,0.0,0.0,0.0,0.0
52.csv_Day8_1h00m,0.0,0.0,0.0,0.0,0.0,0.0,0.0,0.0,0.0
52.csv_Day8_1h30m,0.0,0.0,0.0,0.0,0.0,0.0,0.0,0.0,0.0
52.csv_Day8_2h00m,0.0,0.0,0.0,0.0,0.0,0.0,0.0,0.0,0.0
52.csv_Day8_2h30m,0.0,0.0,0.0,0.0,0.0,0.0,0.0,0.0,0.0
52.csv_Day8_3h00m,0.0,0.0,0.0,0.0,0.0,0.0,0.0,0.0,0.0
52.csv_Day8_3h30m,0.0,0.0,0.0,0.0,0.0,0.0,0.0,0.0,0.0
52.csv_Day8_4h00m,0.0,0.0,0.0,0.0,0.0,0.0,0.0,0.0,0.0
52.csv_Day8_4h30m,0.0,0.0,0.0,0.0,0.0,0.0,0.0,0.0,0.0
52.csv_Day8_5h00m,0.0,0.0,0.0,0.0,0.0,0.0,0.0,0.0,0.0
52.csv_Day8_5h30m,0.0,0.0,0.0,0.0,0.0,0.0,0.0,0.0,0.0
52.csv_Day8_6h00m,0.0,0.0,0.0,0.0,0.0,0.0,0.0,0.0,0.0
52.csv_Day8_6h30m,0.0,0.0,0.0,0.0,0.0,0.0,0.0,0.0,0.0
52.csv_Day8_7h00m,0.0,0.0,0.0,0.0,0.0,0.0,0.0,0.0,0.0
52.csv_Day8_7h30m,1.1200000047683716,2.740000009536743,4.590000152587891,6.239999771118164,4.070000171661377,7.760000228881836,6.159999847412109,5.099999904632568,5.909999847412109
52.csv_Day8_8h00m,5.010000228881836,6.039999961853027,12.489999771118164,12.720000267028809,15.010000228881836,14.050000190734863,12.90999984741211,11.670000076293945,14.479999542236328
52.csv_Day8_8h30m,17.969999313354492,14.279999732971191,19.059999465942383,23.229999542236328,25.610000610351562,21.610000610351562,22.1200008392334,18.860000610351562,22.59000015258789
52.csv_Day8_9h00m,21.809999465942383,16.450000762939453,24.989999771118164,26.729999542236328,32.790000915527344,29.940000534057617,31.450000762939453,28.59000015258789,31.969999313354492
52.csv_Day8_9h30m,27.030000686645508,22.469999313354492,31.010000228881836,38.33000183105469,39.11000061035156,39.630001068115234,38.22999954223633,37.70000076293945,39.66999816894531
52.csv_Day8_10h00m,29.540000915527344,29.709999084472656,36.630001068115234,42.810001373291016,45.11000061035156,49.560001373291016,46.52000045776367,45.290000915527344,46.38999938964844
52.csv_Day8_10h30m,28.68000030517578,29.43000030517578,38.310001373291016,43.810001373291016,46.5,54.29999923706055,51.56999969482422,46.95000076293945,53.2400016784668
52.csv_Day8_11h00m,28.729999542236328,32.810001373291016,42.65999984741211,44.86000061035156,50.2599983215332,54.7400016784668,54.540000915527344,50.0,58.59000015258789
52.csv_Day8_11h30m,36.66999816894531,32.709999084472656,44.900001525878906,50.95000076293945,58.31999969482422,59.5099983215332,58.720001220703125,58.099998474121094,62.13999938964844
52.csv_Day8_12h00m,35.36000061035156,28.559999465942383,49.189998626708984,55.619998931884766,58.0099983215332,60.47999954223633,60.970001220703125,61.939998626708984,63.38999938964844
52.csv_Day8_12h30m,32.540000915527344,23.56999969482422,47.040000915527344,52.2400016784668,54.04999923706055,59.459999084472656,61.619998931884766,58.720001220703125,62.54999923706055
52.csv_Day8_13h00m,26.360000610351562,23.610000610351562,43.959999084472656,46.099998474121094,52.41999816894531,50.400001525878906,58.619998931884766,57.27000045776367,60.369998931884766
52.csv_Day8_13h30m,31.1200008392334,23.030000686645508,41.619998931884766,33.4900016784668,47.11000061035156,41.630001068115234,55.38999938964844,55.119998931884766,55.72999954223633
52.csv_Day8_14h00m,27.1299991607666,20.770000457763672,38.15999984741211,30.829999923706055,43.08000183105469,31.469999313354492,49.220001220703125,50.56999969482422,52.90999984741211
52.csv_Day8_14h30m,24.06999969482422,17.75,33.13999938964844,17.65999984741211,37.15999984741211,26.6299991607666,41.689998626708984,45.849998474121094,45.65999984741211
52.csv_Day8_15h00m,18.190000534057617,21.790000915527344,24.389999389648438,21.729999542236328,30.1299991607666,20.299999237060547,33.459999084472656,39.41999816894531,39.29999923706055
52.csv_Day8_15h30m,15.880000114440918,15.619999885559082,20.559999465942383,17.90999984741211,22.709999084472656,19.110000610351562,27.329999923706055,31.68000030517578,31.530000686645508
52.csv_Day8_16h00m,4.820000171661377,7.829999923706055,5.920000076293945,6.710000038146973,12.289999961853027,8.34000015258789,19.3700008392334,23.959999084472656,23.190000534057617
52.csv_Day8_16h30m,3.450000047683716,4.659999847412109,2.1700000762939453,4.0,6.559999942779541,6.360000133514404,11.170000076293945,15.100000381469727,14.859999656677246
52.csv_Day8_17h00m,1.7899999618530273,2.259999990463257,0.9800000190734863,4.289999961853027,3.0299999713897705,5.28000020980835,6.179999828338623,8.239999771118164,7.190000057220459
52.csv_Day8_17h30m,0.0,0.0,0.0,0.0,0.0,0.0,0.0,0.0,0.0
52.csv_Day8_18h00m,0.0,0.0,0.0,0.0,0.0,0.0,0.0,0.0,0.0
52.csv_Day8_18h30m,0.0,0.0,0.0,0.0,0.0,0.0,0.0,0.0,0.0
52.csv_Day8_19h00m,0.0,0.0,0.0,0.0,0.0,0.0,0.0,0.0,0.0
52.csv_Day8_19h30m,0.0,0.0,0.0,0.0,0.0,0.0,0.0,0.0,0.0
52.csv_Day8_20h00m,0.0,0.0,0.0,0.0,0.0,0.0,0.0,0.0,0.0
52.csv_Day8_20h30m,0.0,0.0,0.0,0.0,0.0,0.0,0.0,0.0,0.0
52.csv_Day8_21h00m,0.0,0.0,0.0,0.0,0.0,0.0,0.0,0.0,0.0
52.csv_Day8_21h30m,0.0,0.0,0.0,0.0,0.0,0.0,0.0,0.0,0.0
52.csv_Day8_22h00m,0.0,0.0,0.0,0.0,0.0,0.0,0.0,0.0,0.0
52.csv_Day8_22h30m,0.0,0.0,0.0,0.0,0.0,0.0,0.0,0.0,0.0
52.csv_Day8_23h00m,0.0,0.0,0.0,0.0,0.0,0.0,0.0,0.0,0.0
52.csv_Day8_23h30m,0.0,0.0,0.0,0.0,0.0,0.0,0.0,0.0,0.0
53.csv_Day7_0h00m,0.0,0.0,0.0,0.0,0.0,0.0,0.0,0.0,0.0
53.csv_Day7_0h30m,0.0,0.0,0.0,0.0,0.0,0.0,0.0,0.0,0.0
53.csv_Day7_1h00m,0.0,0.0,0.0,0.0,0.0,0.0,0.0,0.0,0.0
53.csv_Day7_1h30m,0.0,0.0,0.0,0.0,0.0,0.0,0.0,0.0,0.0
53.csv_Day7_2h00m,0.0,0.0,0.0,0.0,0.0,0.0,0.0,0.0,0.0
53.csv_Day7_2h30m,0.0,0.0,0.0,0.0,0.0,0.0,0.0,0.0,0.0
53.csv_Day7_3h00m,0.0,0.0,0.0,0.0,0.0,0.0,0.0,0.0,0.0
53.csv_Day7_3h30m,0.0,0.0,0.0,0.0,0.0,0.0,0.0,0.0,0.0
53.csv_Day7_4h00m,0.0,0.0,0.0,0.0,0.0,0.0,0.0,0.0,0.0
53.csv_Day7_4h30m,0.0,0.0,0.0,0.0,0.0,0.0,0.0,0.0,0.0
53.csv_Day7_5h00m,1.1699999570846558,2.390000104904175,2.0399999618530273,3.75,3.7699999809265137,4.5,3.9100000858306885,4.75,4.239999771118164
53.csv_Day7_5h30m,5.260000228881836,2.2200000286102295,8.229999542236328,9.59000015258789,10.890000343322754,12.420000076293945,10.569999694824219,12.25,11.649999618530273
53.csv_Day7_6h00m,13.550000190734863,13.300000190734863,17.09000015258789,14.260000228881836,14.640000343322754,19.040000915527344,18.170000076293945,19.229999542236328,19.329999923706055
53.csv_Day7_6h30m,16.280000686645508,17.6200008392334,26.219999313354492,23.5,25.1200008392334,26.389999389648438,26.889999389648438,28.600000381469727,28.670000076293945
53.csv_Day7_7h00m,14.949999809265137,10.199999809265137,34.900001525878906,30.889999389648438,32.33000183105469,36.15999984741211,37.130001068115234,38.5,38.13999938964844
53.csv_Day7_7h30m,34.68000030517578,13.079999923706055,43.650001525878906,40.220001220703125,37.2400016784668,45.40999984741211,46.880001068115234,48.15999984741211,47.63999938964844
53.csv_Day7_8h00m,39.2400016784668,11.079999923706055,49.959999084472656,34.95000076293945,46.52000045776367,54.72999954223633,55.849998474121094,56.65999984741211,56.900001525878906
53.csv_Day7_8h30m,45.970001220703125,13.600000381469727,57.619998931884766,39.099998474121094,42.970001220703125,62.29999923706055,64.95999908447266,65.29000091552734,65.68000030517578
53.csv_Day7_9h00m,51.86000061035156,45.79999923706055,57.130001068115234,49.40999984741211,59.040000915527344,70.44999694824219,72.94000244140625,73.55000305175781,73.58000183105469
53.csv_Day7_9h30m,55.70000076293945,59.9900016784668,68.44000244140625,66.33999633789062,66.8499984741211,76.95999908447266,80.0,80.12999725341797,80.9800033569336
53.csv_Day7_10h00m,53.540000915527344,61.84000015258789,73.5999984741211,72.77999877929688,80.61000061035156,83.55999755859375,85.13999938964844,87.04000091552734,87.56999969482422
53.csv_Day7_10h30m,60.779998779296875,65.76000213623047,81.58999633789062,74.16999816894531,69.75,87.8499984741211,88.62000274658203,90.5999984741211,92.0199966430664
53.csv_Day7_11h00m,63.5,50.29999923706055,74.62999725341797,72.73999786376953,77.79000091552734,91.16000366210938,91.22000122070312,92.37999725341797,94.44999694824219
53.csv_Day7_11h30m,51.36000061035156,44.45000076293945,69.38999938964844,78.30999755859375,84.69999694824219,93.38999938964844,90.8499984741211,94.2300033569336,94.37999725341797
53.csv_Day7_12h00m,53.060001373291016,41.400001525878906,74.02999877929688,71.38999938964844,68.2699966430664,91.5999984741211,90.38999938964844,93.29000091552734,94.41999816894531
53.csv_Day7_12h30m,46.560001373291016,37.47999954223633,67.6500015258789,73.3499984741211,73.08999633789062,90.4000015258789,89.88999938964844,90.31999969482422,94.55999755859375
53.csv_Day7_13h00m,48.33000183105469,42.41999816894531,58.869998931884766,71.18000030517578,68.91999816894531,88.54000091552734,85.62000274658203,87.72000122070312,91.13999938964844
53.csv_Day7_13h30m,56.93000030517578,51.130001068115234,71.9800033569336,70.9800033569336,70.48999786376953,87.3499984741211,84.37999725341797,84.33000183105469,88.51000213623047
53.csv_Day7_14h00m,46.77000045776367,43.52000045776367,51.529998779296875,55.27000045776367,66.79000091552734,80.16000366210938,78.47000122070312,76.3499984741211,79.47000122070312
53.csv_Day7_14h30m,30.440000534057617,21.739999771118164,59.70000076293945,39.119998931884766,69.3499984741211,73.16999816894531,73.62999725341797,73.33000183105469,76.23999786376953
53.csv_Day7_15h00m,11.640000343322754,8.859999656677246,54.84000015258789,25.549999237060547,43.02000045776367,53.540000915527344,59.7400016784668,58.310001373291016,65.11000061035156
53.csv_Day7_15h30m,3.309999942779541,4.659999847412109,42.810001373291016,21.43000030517578,26.950000762939453,30.540000915527344,34.2599983215332,38.060001373291016,59.400001525878906
53.csv_Day7_16h00m,19.600000381469727,19.809999465942383,48.13999938964844,53.72999954223633,40.220001220703125,50.349998474121094,39.130001068115234,43.959999084472656,45.810001373291016
53.csv_Day7_16h30m,30.18000030517578,26.709999084472656,48.5099983215332,53.18000030517578,42.77000045776367,48.150001525878906,42.61000061035156,43.959999084472656,44.290000915527344
53.csv_Day7_17h00m,20.809999465942383,27.809999465942383,35.540000915527344,40.15999984741211,33.22999954223633,40.29999923706055,35.459999084472656,33.02000045776367,34.869998931884766
53.csv_Day7_17h30m,19.270000457763672,17.90999984741211,26.93000030517578,26.31999969482422,24.989999771118164,24.989999771118164,25.649999618530273,24.399999618530273,25.959999084472656
53.csv_Day7_18h00m,10.010000228881836,13.210000038146973,20.579999923706055,16.0,16.8700008392334,17.25,18.459999084472656,16.65999984741211,17.649999618530273
53.csv_Day7_18h30m,2.5199999809265137,4.679999828338623,7.860000133514404,5.559999942779541,7.170000076293945,9.739999771118164,9.390000343322754,9.149999618530273,9.65999984741211
53.csv_Day7_19h00m,0.47999998927116394,0.5400000214576721,1.059999942779541,0.5699999928474426,1.090000033378601,2.619999885559082,2.180000066757202,2.8399999141693115,2.0199999809265137
53.csv_Day7_19h30m,0.0,0.0,0.0,0.0,0.0,0.0,0.0,0.0,0.0
53.csv_Day7_20h00m,0.0,0.0,0.0,0.0,0.0,0.0,0.0,0.0,0.0
53.csv_Day7_20h30m,0.0,0.0,0.0,0.0,0.0,0.0,0.0,0.0,0.0
53.csv_Day7_21h00m,0.0,0.0,0.0,0.0,0.0,0.0,0.0,0.0,0.0
53.csv_Day7_21h30m,0.0,0.0,0.0,0.0,0.0,0.0,0.0,0.0,0.0
53.csv_Day7_22h00m,0.0,0.0,0.0,0.0,0.0,0.0,0.0,0.0,0.0
53.csv_Day7_22h30m,0.0,0.0,0.0,0.0,0.0,0.0,0.0,0.0,0.0
53.csv_Day7_23h00m,0.0,0.0,0.0,0.0,0.0,0.0,0.0,0.0,0.0
53.csv_Day7_23h30m,0.0,0.0,0.0,0.0,0.0,0.0,0.0,0.0,0.0
53.csv_Day8_0h00m,0.0,0.0,0.0,0.0,0.0,0.0,0.0,0.0,0.0
53.csv_Day8_0h30m,0.0,0.0,0.0,0.0,0.0,0.0,0.0,0.0,0.0
53.csv_Day8_1h00m,0.0,0.0,0.0,0.0,0.0,0.0,0.0,0.0,0.0
53.csv_Day8_1h30m,0.0,0.0,0.0,0.0,0.0,0.0,0.0,0.0,0.0
53.csv_Day8_2h00m,0.0,0.0,0.0,0.0,0.0,0.0,0.0,0.0,0.0
53.csv_Day8_2h30m,0.0,0.0,0.0,0.0,0.0,0.0,0.0,0.0,0.0
53.csv_Day8_3h00m,0.0,0.0,0.0,0.0,0.0,0.0,0.0,0.0,0.0
53.csv_Day8_3h30m,0.0,0.0,0.0,0.0,0.0,0.0,0.0,0.0,0.0
53.csv_Day8_4h00m,0.0,0.0,0.0,0.0,0.0,0.0,0.0,0.0,0.0
53.csv_Day8_4h30m,0.0,0.0,0.0,0.0,0.0,0.0,0.0,0.0,0.0
53.csv_Day8_5h00m,0.7900000214576721,2.4000000953674316,1.8899999856948853,3.7200000286102295,3.7699999809265137,4.260000228881836,3.880000114440918,4.519999980926514,4.239999771118164
53.csv_Day8_5h30m,2.0,2.2300000190734863,6.130000114440918,9.529999732971191,10.899999618530273,11.90999984741211,10.4399995803833,11.510000228881836,11.640000343322754
53.csv_Day8_6h00m,13.449999809265137,13.369999885559082,16.1200008392334,14.180000305175781,14.649999618530273,18.459999084472656,17.969999313354492,19.170000076293945,19.31999969482422
53.csv_Day8_6h30m,20.020000457763672,17.719999313354492,24.979999542236328,23.360000610351562,25.139999389648438,26.84000015258789,26.6299991607666,28.190000534057617,28.65999984741211
53.csv_Day8_7h00m,5.329999923706055,10.260000228881836,30.6299991607666,30.700000762939453,32.349998474121094,35.2400016784668,36.77000045776367,37.86000061035156,38.130001068115234
53.csv_Day8_7h30m,16.1299991607666,13.15999984741211,36.22999954223633,39.97999954223633,37.27000045776367,42.130001068115234,46.439998626708984,47.43000030517578,47.619998931884766
53.csv_Day8_8h00m,5.849999904632568,11.140000343322754,22.100000381469727,34.7400016784668,46.560001373291016,51.099998474121094,55.349998474121094,56.15999984741211,56.880001068115234
53.csv_Day8_8h30m,21.770000457763672,13.670000076293945,29.6200008392334,38.869998931884766,43.0099983215332,59.36000061035156,64.37999725341797,64.23999786376953,65.6500015258789
53.csv_Day8_9h00m,38.08000183105469,46.060001373291016,29.540000915527344,49.11000061035156,59.09000015258789,69.58999633789062,72.29000091552734,71.44000244140625,73.55000305175781
53.csv_Day8_9h30m,45.7400016784668,60.33000183105469,65.0,65.94000244140625,66.9000015258789,76.2300033569336,79.29000091552734,77.93000030517578,80.94999694824219
53.csv_Day8_10h00m,55.43000030517578,62.189998626708984,76.80999755859375,72.33999633789062,80.66999816894531,83.1500015258789,84.38999938964844,85.91000366210938,87.52999877929688
53.csv_Day8_10h30m,57.709999084472656,66.12999725341797,79.27999877929688,73.7300033569336,69.80000305175781,86.27999877929688,87.83999633789062,89.44000244140625,91.9800033569336
53.csv_Day8_11h00m,59.4900016784668,50.58000183105469,73.7300033569336,72.30999755859375,77.8499984741211,90.37000274658203,90.41999816894531,92.1500015258789,94.41000366210938
53.csv_Day8_11h30m,53.06999969482422,44.70000076293945,83.75,77.83999633789062,84.7699966430664,88.3499984741211,90.05000305175781,92.44000244140625,94.33999633789062
53.csv_Day8_12h00m,50.119998931884766,41.63999938964844,79.4000015258789,70.95999908447266,68.33000183105469,88.44000244140625,89.5999984741211,92.66999816894531,94.37999725341797
53.csv_Day8_12h30m,48.04999923706055,37.689998626708984,76.87999725341797,72.91000366210938,73.1500015258789,85.77999877929688,89.0999984741211,90.08000183105469,94.5199966430664
53.csv_Day8_13h00m,38.84000015258789,42.65999984741211,78.08000183105469,70.75,68.97000122070312,83.91000366210938,84.86000061035156,86.12000274658203,91.0999984741211
53.csv_Day8_13h30m,38.529998779296875,51.40999984741211,79.44999694824219,70.55999755859375,70.55000305175781,83.9800033569336,83.63999938964844,82.95999908447266,88.47000122070312
53.csv_Day8_14h00m,19.84000015258789,43.7599983215332,66.83000183105469,54.939998626708984,66.83999633789062,76.68000030517578,77.7699966430664,72.37999725341797,79.43000030517578
53.csv_Day8_14h30m,36.43000030517578,21.860000610351562,63.84000015258789,38.880001068115234,69.41000366210938,71.37999725341797,72.9800033569336,73.30999755859375,76.20999908447266
53.csv_Day8_15h00m,24.139999389648438,8.90999984741211,29.690000534057617,25.389999389648438,43.04999923706055,58.290000915527344,59.20000076293945,54.880001068115234,65.08000183105469
53.csv_Day8_15h30m,20.3799991607666,4.690000057220459,8.869999885559082,21.299999237060547,26.969999313354492,28.0,33.90999984741211,51.34000015258789,59.369998931884766
53.csv_Day8_16h00m,9.260000228881836,19.920000076293945,33.380001068115234,53.40999984741211,40.25,49.2400016784668,38.77000045776367,44.20000076293945,45.790000915527344
53.csv_Day8_16h30m,11.470000267028809,26.860000610351562,42.369998931884766,52.86000061035156,42.79999923706055,42.45000076293945,43.779998779296875,44.119998931884766,44.27000045776367
53.csv_Day8_17h00m,1.0700000524520874,27.969999313354492,5.070000171661377,39.91999816894531,33.25,34.09000015258789,36.4900016784668,34.27000045776367,34.86000061035156
53.csv_Day8_17h30m,2.0799999237060547,18.010000228881836,2.569999933242798,26.15999984741211,25.010000228881836,9.609999656677246,26.3799991607666,26.450000762939453,25.940000534057617
53.csv_Day8_18h00m,1.4800000190734863,13.279999732971191,10.569999694824219,15.899999618530273,16.8799991607666,15.390000343322754,18.969999313354492,18.489999771118164,17.639999389648438
53.csv_Day8_18h30m,0.5799999833106995,4.699999809265137,1.7100000381469727,5.53000020980835,7.170000076293945,5.579999923706055,9.529999732971191,13.539999961853027,9.649999618530273
53.csv_Day8_19h00m,1.4800000190734863,0.5400000214576721,1.2799999713897705,0.5600000023841858,1.100000023841858,1.1200000047683716,2.2699999809265137,2.7899999618530273,2.009999990463257
53.csv_Day8_19h30m,0.0,0.0,0.0,0.0,0.0,0.0,0.0,0.0,0.0
53.csv_Day8_20h00m,0.0,0.0,0.0,0.0,0.0,0.0,0.0,0.0,0.0
53.csv_Day8_20h30m,0.0,0.0,0.0,0.0,0.0,0.0,0.0,0.0,0.0
53.csv_Day8_21h00m,0.0,0.0,0.0,0.0,0.0,0.0,0.0,0.0,0.0
53.csv_Day8_21h30m,0.0,0.0,0.0,0.0,0.0,0.0,0.0,0.0,0.0
53.csv_Day8_22h00m,0.0,0.0,0.0,0.0,0.0,0.0,0.0,0.0,0.0
53.csv_Day8_22h30m,0.0,0.0,0.0,0.0,0.0,0.0,0.0,0.0,0.0
53.csv_Day8_23h00m,0.0,0.0,0.0,0.0,0.0,0.0,0.0,0.0,0.0
53.csv_Day8_23h30m,0.0,0.0,0.0,0.0,0.0,0.0,0.0,0.0,0.0
54.csv_Day7_0h00m,0.0,0.0,0.0,0.0,0.0,0.0,0.0,0.0,0.0
54.csv_Day7_0h30m,0.0,0.0,0.0,0.0,0.0,0.0,0.0,0.0,0.0
54.csv_Day7_1h00m,0.0,0.0,0.0,0.0,0.0,0.0,0.0,0.0,0.0
54.csv_Day7_1h30m,0.0,0.0,0.0,0.0,0.0,0.0,0.0,0.0,0.0
54.csv_Day7_2h00m,0.0,0.0,0.0,0.0,0.0,0.0,0.0,0.0,0.0
54.csv_Day7_2h30m,0.0,0.0,0.0,0.0,0.0,0.0,0.0,0.0,0.0
54.csv_Day7_3h00m,0.0,0.0,0.0,0.0,0.0,0.0,0.0,0.0,0.0
54.csv_Day7_3h30m,0.0,0.0,0.0,0.0,0.0,0.0,0.0,0.0,0.0
54.csv_Day7_4h00m,0.0,0.0,0.0,0.0,0.0,0.0,0.0,0.0,0.0
54.csv_Day7_4h30m,0.0,0.0,0.0,0.0,0.0,0.0,0.0,0.0,0.0
54.csv_Day7_5h00m,0.7900000214576721,2.0,2.490000009536743,2.3299999237060547,3.180000066757202,2.8399999141693115,3.8499999046325684,3.690000057220459,4.349999904632568
54.csv_Day7_5h30m,4.670000076293945,2.7799999713897705,7.730000019073486,8.25,8.039999961853027,9.319999694824219,10.84000015258789,10.789999961853027,11.600000381469727
54.csv_Day7_6h00m,9.210000038146973,2.319999933242798,14.529999732971191,11.850000381469727,9.539999961853027,4.630000114440918,18.469999313354492,18.459999084472656,19.229999542236328
54.csv_Day7_6h30m,3.2699999809265137,3.509999990463257,15.6899995803833,23.110000610351562,14.449999809265137,10.359999656677246,26.59000015258789,27.84000015258789,29.010000228881836
54.csv_Day7_7h00m,3.890000104904175,3.2899999618530273,5.460000038146973,29.6299991607666,19.56999969482422,18.1299991607666,36.220001220703125,38.65999984741211,39.279998779296875
54.csv_Day7_7h30m,17.350000381469727,4.210000038146973,9.899999618530273,34.97999954223633,29.110000610351562,37.47999954223633,45.52000045776367,48.56999969482422,48.880001068115234
54.csv_Day7_8h00m,35.150001525878906,14.930000305175781,41.279998779296875,42.709999084472656,33.16999816894531,55.810001373291016,55.66999816894531,58.88999938964844,58.040000915527344
54.csv_Day7_8h30m,51.470001220703125,13.949999809265137,55.400001525878906,48.540000915527344,39.70000076293945,63.869998931884766,64.79000091552734,66.68000030517578,66.69000244140625
54.csv_Day7_9h00m,55.16999816894531,11.359999656677246,68.9000015258789,62.619998931884766,48.5099983215332,72.2699966430664,73.43000030517578,74.45999908447266,74.37999725341797
54.csv_Day7_9h30m,62.380001068115234,10.680000305175781,76.87000274658203,68.20999908447266,54.18000030517578,78.62999725341797,80.13999938964844,80.06999969482422,80.93000030517578
54.csv_Day7_10h00m,69.3499984741211,11.600000381469727,84.62999725341797,73.33999633789062,59.849998474121094,83.98999786376953,84.98999786376953,85.30999755859375,86.55999755859375
54.csv_Day7_10h30m,74.30000305175781,12.039999961853027,87.16000366210938,75.41999816894531,62.83000183105469,87.43000030517578,89.05999755859375,88.95999908447266,90.9000015258789
54.csv_Day7_11h00m,69.3499984741211,9.819999694824219,86.04000091552734,76.0999984741211,62.08000183105469,88.5,88.86000061035156,89.56999969482422,92.0999984741211
54.csv_Day7_11h30m,64.4800033569336,10.069999694824219,82.20999908447266,72.80999755859375,63.119998931884766,87.01000213623047,89.2699966430664,88.16999816894531,90.48999786376953
54.csv_Day7_12h00m,60.33000183105469,11.5600004196167,82.95999908447266,73.06999969482422,70.5,87.38999938964844,92.30000305175781,89.36000061035156,93.58999633789062
54.csv_Day7_12h30m,40.11000061035156,15.739999771118164,70.47000122070312,48.88999938964844,45.7400016784668,74.97000122070312,80.80000305175781,81.61000061035156,91.9800033569336
54.csv_Day7_13h00m,46.380001068115234,40.52000045776367,69.5,26.899999618530273,53.79999923706055,82.16000366210938,75.12000274658203,83.91999816894531,92.83000183105469
54.csv_Day7_13h30m,47.33000183105469,49.47999954223633,65.66000366210938,43.77000045776367,64.27999877929688,77.0999984741211,75.44999694824219,80.88999938964844,87.08999633789062
54.csv_Day7_14h00m,41.650001525878906,53.439998626708984,57.9900016784668,36.439998626708984,46.81999969482422,71.19000244140625,68.31999969482422,72.61000061035156,82.80999755859375
54.csv_Day7_14h30m,48.220001220703125,44.90999984741211,51.40999984741211,35.2599983215332,40.939998626708984,65.19999694824219,64.01000213623047,69.33999633789062,74.77999877929688
54.csv_Day7_15h00m,27.790000915527344,41.08000183105469,51.41999816894531,35.220001220703125,55.72999954223633,56.63999938964844,65.23999786376953,65.29000091552734,69.5199966430664
54.csv_Day7_15h30m,29.280000686645508,11.760000228881836,51.06999969482422,45.04999923706055,33.959999084472656,50.68000030517578,55.540000915527344,57.209999084472656,61.5
54.csv_Day7_16h00m,11.40999984741211,10.819999694824219,32.2400016784668,35.34000015258789,20.209999084472656,42.58000183105469,49.689998626708984,48.90999984741211,52.83000183105469
54.csv_Day7_16h30m,2.569999933242798,6.789999961853027,3.069999933242798,28.59000015258789,15.289999961853027,34.310001373291016,40.0,37.91999816894531,41.119998931884766
54.csv_Day7_17h00m,10.899999618530273,18.780000686645508,19.719999313354492,29.530000686645508,17.969999313354492,31.530000686645508,33.63999938964844,32.970001220703125,34.27000045776367
54.csv_Day7_17h30m,11.9399995803833,11.479999542236328,18.469999313354492,22.530000686645508,23.170000076293945,21.030000686645508,22.489999771118164,23.1200008392334,25.09000015258789
54.csv_Day7_18h00m,3.0299999713897705,8.729999542236328,5.730000019073486,15.479999542236328,14.640000343322754,13.520000457763672,14.430000305175781,14.819999694824219,15.609999656677246
54.csv_Day7_18h30m,0.3499999940395355,2.190000057220459,2.9700000286102295,4.409999847412109,5.010000228881836,6.929999828338623,7.349999904632568,6.230000019073486,7.940000057220459
54.csv_Day7_19h00m,0.0,0.0,1.1399999856948853,1.149999976158142,1.6799999475479126,1.4700000286102295,1.7899999618530273,2.0899999141693115,2.180000066757202
54.csv_Day7_19h30m,0.0,0.0,0.0,0.0,0.0,0.0,0.0,0.0,0.0
54.csv_Day7_20h00m,0.0,0.0,0.0,0.0,0.0,0.0,0.0,0.0,0.0
54.csv_Day7_20h30m,0.0,0.0,0.0,0.0,0.0,0.0,0.0,0.0,0.0
54.csv_Day7_21h00m,0.0,0.0,0.0,0.0,0.0,0.0,0.0,0.0,0.0
54.csv_Day7_21h30m,0.0,0.0,0.0,0.0,0.0,0.0,0.0,0.0,0.0
54.csv_Day7_22h00m,0.0,0.0,0.0,0.0,0.0,0.0,0.0,0.0,0.0
54.csv_Day7_22h30m,0.0,0.0,0.0,0.0,0.0,0.0,0.0,0.0,0.0
54.csv_Day7_23h00m,0.0,0.0,0.0,0.0,0.0,0.0,0.0,0.0,0.0
54.csv_Day7_23h30m,0.0,0.0,0.0,0.0,0.0,0.0,0.0,0.0,0.0
54.csv_Day8_0h00m,0.0,0.0,0.0,0.0,0.0,0.0,0.0,0.0,0.0
54.csv_Day8_0h30m,0.0,0.0,0.0,0.0,0.0,0.0,0.0,0.0,0.0
54.csv_Day8_1h00m,0.0,0.0,0.0,0.0,0.0,0.0,0.0,0.0,0.0
54.csv_Day8_1h30m,0.0,0.0,0.0,0.0,0.0,0.0,0.0,0.0,0.0
54.csv_Day8_2h00m,0.0,0.0,0.0,0.0,0.0,0.0,0.0,0.0,0.0
54.csv_Day8_2h30m,0.0,0.0,0.0,0.0,0.0,0.0,0.0,0.0,0.0
54.csv_Day8_3h00m,0.0,0.0,0.0,0.0,0.0,0.0,0.0,0.0,0.0
54.csv_Day8_3h30m,0.0,0.0,0.0,0.0,0.0,0.0,0.0,0.0,0.0
54.csv_Day8_4h00m,0.0,0.0,0.0,0.0,0.0,0.0,0.0,0.0,0.0
54.csv_Day8_4h30m,0.0,0.0,0.0,0.0,0.0,0.0,0.0,0.0,0.0
54.csv_Day8_5h00m,0.8999999761581421,2.009999990463257,2.8299999237060547,2.309999942779541,3.190000057220459,2.5899999141693115,3.8299999237060547,3.7300000190734863,4.349999904632568
54.csv_Day8_5h30m,0.6399999856948853,2.7899999618530273,3.9100000858306885,8.199999809265137,8.039999961853027,7.039999961853027,10.710000038146973,10.800000190734863,11.600000381469727
54.csv_Day8_6h00m,11.59000015258789,2.3399999141693115,8.520000457763672,11.779999732971191,9.539999961853027,4.019999980926514,18.280000686645508,18.239999771118164,19.219999313354492
54.csv_Day8_6h30m,15.300000190734863,3.5299999713897705,13.5,22.969999313354492,14.460000038146973,7.360000133514404,26.329999923706055,27.90999984741211,29.0
54.csv_Day8_7h00m,20.020000457763672,3.309999942779541,23.100000381469727,29.450000762939453,19.59000015258789,21.469999313354492,35.869998931884766,38.04999923706055,39.27000045776367
54.csv_Day8_7h30m,29.1299991607666,4.230000019073486,35.189998626708984,34.77000045776367,29.1299991607666,44.029998779296875,45.09000015258789,48.13999938964844,48.86000061035156
54.csv_Day8_8h00m,31.190000534057617,15.020000457763672,25.959999084472656,42.459999084472656,33.189998626708984,53.68000030517578,55.15999984741211,58.060001373291016,58.02000045776367
54.csv_Day8_8h30m,28.229999542236328,14.029999732971191,30.59000015258789,48.25,39.72999954223633,61.7400016784668,64.20999908447266,66.45999908447266,66.66000366210938
54.csv_Day8_9h00m,8.220000267028809,11.420000076293945,27.149999618530273,62.2400016784668,48.54999923706055,57.09000015258789,72.7699966430664,74.16999816894531,74.3499984741211
54.csv_Day8_9h30m,7.699999809265137,10.739999771118164,26.6299991607666,67.80000305175781,54.220001220703125,59.31999969482422,79.43000030517578,80.47000122070312,80.9000015258789
54.csv_Day8_10h00m,6.550000190734863,11.65999984741211,23.690000534057617,72.9000015258789,59.900001525878906,38.400001525878906,84.23999786376953,85.26000213623047,86.5199966430664
54.csv_Day8_10h30m,7.349999904632568,12.109999656677246,21.450000762939453,74.97000122070312,62.880001068115234,35.68000030517578,88.27999877929688,88.72000122070312,90.86000061035156
54.csv_Day8_11h00m,5.110000133514404,9.880000114440918,12.720000267028809,75.63999938964844,62.130001068115234,22.43000030517578,88.06999969482422,89.11000061035156,92.05999755859375
54.csv_Day8_11h30m,4.239999771118164,10.130000114440918,6.75,72.37000274658203,63.16999816894531,19.739999771118164,88.48999786376953,87.55999755859375,90.44999694824219
54.csv_Day8_12h00m,3.759999990463257,11.619999885559082,6.800000190734863,72.62999725341797,70.55999755859375,19.229999542236328,91.48999786376953,88.52999877929688,93.55000305175781
54.csv_Day8_12h30m,0.6899999976158142,15.819999694824219,10.15999984741211,48.59000015258789,45.779998779296875,29.540000915527344,83.62999725341797,77.51000213623047,91.94000244140625
54.csv_Day8_13h00m,27.84000015258789,40.75,65.44000244140625,26.729999542236328,53.849998474121094,87.98999786376953,74.44000244140625,80.97000122070312,92.79000091552734
54.csv_Day8_13h30m,45.58000183105469,49.75,68.95999908447266,43.5099983215332,64.33000183105469,83.19000244140625,74.77999877929688,80.19000244140625,87.05000305175781
54.csv_Day8_14h00m,36.52000045776367,53.7400016784668,53.540000915527344,36.220001220703125,46.849998474121094,78.19999694824219,69.80000305175781,73.55000305175781,82.7699966430664
54.csv_Day8_14h30m,29.350000381469727,45.15999984741211,22.1299991607666,35.04999923706055,40.970001220703125,72.66999816894531,66.30000305175781,67.62999725341797,74.73999786376953
54.csv_Day8_15h00m,13.319999694824219,41.310001373291016,13.5,35.0099983215332,55.77000045776367,65.87999725341797,67.55999755859375,64.68000030517578,69.48999786376953
54.csv_Day8_15h30m,13.199999809265137,11.829999923706055,13.84000015258789,44.779998779296875,33.97999954223633,43.41999816894531,57.689998626708984,55.04999923706055,61.47999954223633
54.csv_Day8_16h00m,10.630000114440918,10.880000114440918,19.149999618530273,35.130001068115234,20.229999542236328,50.7599983215332,51.52000045776367,49.09000015258789,52.79999923706055
54.csv_Day8_16h30m,18.709999084472656,6.829999923706055,23.65999984741211,28.420000076293945,15.300000190734863,41.59000015258789,41.29999923706055,38.33000183105469,41.099998474121094
54.csv_Day8_17h00m,23.350000381469727,18.889999389648438,31.110000610351562,29.350000381469727,17.979999542236328,24.8700008392334,33.31999969482422,32.279998779296875,34.2599983215332
54.csv_Day8_17h30m,12.579999923706055,11.539999961853027,19.479999542236328,22.389999389648438,23.190000534057617,21.690000534057617,23.280000686645508,22.43000030517578,25.079999923706055
54.csv_Day8_18h00m,4.25,8.779999732971191,9.989999771118164,15.390000343322754,14.649999618530273,11.1899995803833,14.260000228881836,14.069999694824219,15.600000381469727
54.csv_Day8_18h30m,0.699999988079071,2.200000047683716,4.179999828338623,4.380000114440918,5.010000228881836,5.960000038146973,7.25,6.119999885559082,7.940000057220459
54.csv_Day8_19h00m,0.0,0.0,0.8500000238418579,1.1399999856948853,1.6799999475479126,1.5800000429153442,1.8700000047683716,1.9199999570846558,2.180000066757202
54.csv_Day8_19h30m,0.0,0.0,0.0,0.0,0.0,0.0,0.0,0.0,0.0
54.csv_Day8_20h00m,0.0,0.0,0.0,0.0,0.0,0.0,0.0,0.0,0.0
54.csv_Day8_20h30m,0.0,0.0,0.0,0.0,0.0,0.0,0.0,0.0,0.0
54.csv_Day8_21h00m,0.0,0.0,0.0,0.0,0.0,0.0,0.0,0.0,0.0
54.csv_Day8_21h30m,0.0,0.0,0.0,0.0,0.0,0.0,0.0,0.0,0.0
54.csv_Day8_22h00m,0.0,0.0,0.0,0.0,0.0,0.0,0.0,0.0,0.0
54.csv_Day8_22h30m,0.0,0.0,0.0,0.0,0.0,0.0,0.0,0.0,0.0
54.csv_Day8_23h00m,0.0,0.0,0.0,0.0,0.0,0.0,0.0,0.0,0.0
54.csv_Day8_23h30m,0.0,0.0,0.0,0.0,0.0,0.0,0.0,0.0,0.0
55.csv_Day7_0h00m,0.0,0.0,0.0,0.0,0.0,0.0,0.0,0.0,0.0
55.csv_Day7_0h30m,0.0,0.0,0.0,0.0,0.0,0.0,0.0,0.0,0.0
55.csv_Day7_1h00m,0.0,0.0,0.0,0.0,0.0,0.0,0.0,0.0,0.0
55.csv_Day7_1h30m,0.0,0.0,0.0,0.0,0.0,0.0,0.0,0.0,0.0
55.csv_Day7_2h00m,0.0,0.0,0.0,0.0,0.0,0.0,0.0,0.0,0.0
55.csv_Day7_2h30m,0.0,0.0,0.0,0.0,0.0,0.0,0.0,0.0,0.0
55.csv_Day7_3h00m,0.0,0.0,0.0,0.0,0.0,0.0,0.0,0.0,0.0
55.csv_Day7_3h30m,0.0,0.0,0.0,0.0,0.0,0.0,0.0,0.0,0.0
55.csv_Day7_4h00m,0.0,0.0,0.0,0.0,0.0,0.0,0.0,0.0,0.0
55.csv_Day7_4h30m,0.0,0.0,0.0,0.0,0.0,0.0,0.0,0.0,0.0
55.csv_Day7_5h00m,0.0,0.0,0.8899999856948853,1.149999976158142,1.6299999952316284,1.2799999713897705,1.5800000429153442,2.0999999046325684,2.7200000286102295
55.csv_Day7_5h30m,1.399999976158142,4.940000057220459,4.980000019073486,6.25,6.21999979019165,7.21999979019165,8.0600004196167,8.0,8.789999961853027
55.csv_Day7_6h00m,4.710000038146973,6.820000171661377,12.119999885559082,11.539999961853027,14.039999961853027,14.229999542236328,15.90999984741211,15.390000343322754,15.529999732971191
55.csv_Day7_6h30m,5.889999866485596,9.170000076293945,11.680000305175781,21.520000457763672,20.440000534057617,16.15999984741211,21.799999237060547,22.079999923706055,19.950000762939453
55.csv_Day7_7h00m,17.360000610351562,13.430000305175781,16.450000762939453,26.280000686645508,28.920000076293945,28.809999465942383,28.5,30.93000030517578,28.280000686645508
55.csv_Day7_7h30m,19.299999237060547,22.829999923706055,37.0099983215332,29.489999771118164,34.63999938964844,36.38999938964844,35.939998626708984,38.97999954223633,35.029998779296875
55.csv_Day7_8h00m,18.280000686645508,15.670000076293945,35.29999923706055,29.600000381469727,34.4900016784668,45.25,44.970001220703125,46.18000030517578,46.099998474121094
55.csv_Day7_8h30m,13.100000381469727,9.5600004196167,40.70000076293945,34.77000045776367,48.939998626708984,56.220001220703125,56.83000183105469,61.810001373291016,61.380001068115234
55.csv_Day7_9h00m,17.190000534057617,8.880000114440918,36.16999816894531,35.720001220703125,36.119998931884766,66.91999816894531,65.16000366210938,70.62000274658203,74.26000213623047
55.csv_Day7_9h30m,13.65999984741211,11.550000190734863,41.380001068115234,34.880001068115234,39.279998779296875,60.439998626708984,71.05999755859375,74.77999877929688,77.43000030517578
55.csv_Day7_10h00m,2.869999885559082,7.179999828338623,16.450000762939453,26.889999389648438,39.060001373291016,37.54999923706055,75.91999816894531,83.4000015258789,86.98999786376953
55.csv_Day7_10h30m,4.269999980926514,6.699999809265137,19.729999542236328,34.040000915527344,43.7599983215332,46.529998779296875,75.52999877929688,83.62000274658203,84.83999633789062
55.csv_Day7_11h00m,6.0,7.46999979019165,6.510000228881836,43.369998931884766,38.130001068115234,36.70000076293945,76.18000030517578,89.01000213623047,91.44999694824219
55.csv_Day7_11h30m,3.2899999618530273,10.180000305175781,5.630000114440918,35.93000030517578,49.529998779296875,38.709999084472656,80.33999633789062,90.94999694824219,94.54000091552734
55.csv_Day7_12h00m,2.200000047683716,11.359999656677246,5.789999961853027,30.59000015258789,44.2599983215332,31.209999084472656,75.83000183105469,89.08000183105469,93.37000274658203
55.csv_Day7_12h30m,5.199999809265137,12.850000381469727,8.619999885559082,28.440000534057617,27.290000915527344,34.209999084472656,72.44000244140625,83.19000244140625,95.12999725341797
55.csv_Day7_13h00m,17.549999237060547,15.050000190734863,8.0600004196167,26.270000457763672,33.689998626708984,40.369998931884766,71.66999816894531,85.19999694824219,93.5
55.csv_Day7_13h30m,3.0799999237060547,21.709999084472656,3.630000114440918,23.360000610351562,48.18000030517578,28.40999984741211,67.38999938964844,80.91000366210938,84.54000091552734
55.csv_Day7_14h00m,3.4800000190734863,11.210000038146973,4.340000152587891,37.97999954223633,52.34000015258789,17.18000030517578,66.77999877929688,77.19999694824219,83.08999633789062
55.csv_Day7_14h30m,3.2300000190734863,11.25,4.53000020980835,36.59000015258789,36.27000045776367,15.25,65.52999877929688,69.30999755859375,75.44999694824219
55.csv_Day7_15h00m,2.0899999141693115,14.569999694824219,3.940000057220459,43.75,38.0,13.479999542236328,58.439998626708984,57.630001068115234,65.91999816894531
55.csv_Day7_15h30m,3.4200000762939453,14.420000076293945,7.909999847412109,48.58000183105469,44.72999954223633,15.029999732971191,57.43000030517578,52.380001068115234,55.970001220703125
55.csv_Day7_16h00m,11.010000228881836,19.190000534057617,12.3100004196167,50.650001525878906,33.65999984741211,14.649999618530273,50.029998779296875,49.119998931884766,45.59000015258789
55.csv_Day7_16h30m,3.0899999141693115,13.079999923706055,13.199999809265137,40.209999084472656,23.8799991607666,14.84000015258789,43.61000061035156,41.83000183105469,38.04999923706055
55.csv_Day7_17h00m,0.36000001430511475,2.3499999046325684,20.040000915527344,6.130000114440918,9.170000076293945,19.799999237060547,28.290000915527344,28.75,25.8799991607666
55.csv_Day7_17h30m,10.59000015258789,7.010000228881836,13.390000343322754,6.809999942779541,3.880000114440918,18.459999084472656,21.31999969482422,23.530000686645508,19.6200008392334
55.csv_Day7_18h00m,1.2200000286102295,2.609999895095825,4.820000171661377,9.850000381469727,7.329999923706055,11.220000267028809,9.960000038146973,15.779999732971191,12.069999694824219
55.csv_Day7_18h30m,0.0,0.10000000149011612,1.9199999570846558,1.149999976158142,2.619999885559082,2.740000009536743,3.940000057220459,5.349999904632568,5.960000038146973
55.csv_Day7_19h00m,0.0,0.0,0.0,0.0,0.0,0.0,0.0,0.0,0.0
55.csv_Day7_19h30m,0.0,0.0,0.0,0.0,0.0,0.0,0.0,0.0,0.0
55.csv_Day7_20h00m,0.0,0.0,0.0,0.0,0.0,0.0,0.0,0.0,0.0
55.csv_Day7_20h30m,0.0,0.0,0.0,0.0,0.0,0.0,0.0,0.0,0.0
55.csv_Day7_21h00m,0.0,0.0,0.0,0.0,0.0,0.0,0.0,0.0,0.0
55.csv_Day7_21h30m,0.0,0.0,0.0,0.0,0.0,0.0,0.0,0.0,0.0
55.csv_Day7_22h00m,0.0,0.0,0.0,0.0,0.0,0.0,0.0,0.0,0.0
55.csv_Day7_22h30m,0.0,0.0,0.0,0.0,0.0,0.0,0.0,0.0,0.0
55.csv_Day7_23h00m,0.0,0.0,0.0,0.0,0.0,0.0,0.0,0.0,0.0
55.csv_Day7_23h30m,0.0,0.0,0.0,0.0,0.0,0.0,0.0,0.0,0.0
55.csv_Day8_0h00m,0.0,0.0,0.0,0.0,0.0,0.0,0.0,0.0,0.0
55.csv_Day8_0h30m,0.0,0.0,0.0,0.0,0.0,0.0,0.0,0.0,0.0
55.csv_Day8_1h00m,0.0,0.0,0.0,0.0,0.0,0.0,0.0,0.0,0.0
55.csv_Day8_1h30m,0.0,0.0,0.0,0.0,0.0,0.0,0.0,0.0,0.0
55.csv_Day8_2h00m,0.0,0.0,0.0,0.0,0.0,0.0,0.0,0.0,0.0
55.csv_Day8_2h30m,0.0,0.0,0.0,0.0,0.0,0.0,0.0,0.0,0.0
55.csv_Day8_3h00m,0.0,0.0,0.0,0.0,0.0,0.0,0.0,0.0,0.0
55.csv_Day8_3h30m,0.0,0.0,0.0,0.0,0.0,0.0,0.0,0.0,0.0
55.csv_Day8_4h00m,0.0,0.0,0.0,0.0,0.0,0.0,0.0,0.0,0.0
55.csv_Day8_4h30m,0.0,0.0,0.0,0.0,0.0,0.0,0.0,0.0,0.0
55.csv_Day8_5h00m,0.0,0.0,0.8600000143051147,1.1399999856948853,1.6299999952316284,1.559999942779541,1.6699999570846558,1.940000057220459,2.7200000286102295
55.csv_Day8_5h30m,2.380000114440918,4.96999979019165,5.210000038146973,6.21999979019165,6.230000019073486,7.010000228881836,7.949999809265137,8.430000305175781,8.789999961853027
55.csv_Day8_6h00m,6.900000095367432,6.849999904632568,11.5,11.470000267028809,14.050000190734863,13.880000114440918,15.739999771118164,15.15999984741211,15.520000457763672
55.csv_Day8_6h30m,8.140000343322754,9.220000267028809,15.210000038146973,21.389999389648438,20.459999084472656,20.65999984741211,22.43000030517578,21.780000686645508,19.940000534057617
55.csv_Day8_7h00m,16.059999465942383,13.5,25.09000015258789,26.1200008392334,28.950000762939453,27.93000030517578,28.780000686645508,30.440000534057617,28.270000457763672
55.csv_Day8_7h30m,17.940000534057617,22.959999084472656,34.150001525878906,29.309999465942383,34.66999816894531,27.799999237060547,35.61000061035156,38.310001373291016,35.02000045776367
55.csv_Day8_8h00m,15.899999618530273,15.75,35.54999923706055,29.420000076293945,34.52000045776367,26.68000030517578,46.369998931884766,44.09000015258789,46.08000183105469
55.csv_Day8_8h30m,9.859999656677246,9.619999885559082,43.16999816894531,34.560001373291016,48.970001220703125,13.1899995803833,58.7599983215332,52.54999923706055,61.349998474121094
55.csv_Day8_9h00m,12.199999809265137,8.930000305175781,48.439998626708984,35.5,36.150001525878906,17.780000686645508,67.7699966430664,62.83000183105469,74.2300033569336
55.csv_Day8_9h30m,1.2799999713897705,11.619999885559082,45.380001068115234,34.66999816894531,39.310001373291016,24.049999237060547,73.98999786376953,62.77000045776367,77.4000015258789
55.csv_Day8_10h00m,1.4800000190734863,7.21999979019165,35.560001373291016,26.729999542236328,39.09000015258789,20.190000534057617,79.0199966430664,73.5,86.94999694824219
55.csv_Day8_10h30m,2.4600000381469727,6.739999771118164,35.81999969482422,33.84000015258789,43.790000915527344,46.90999984741211,78.55000305175781,75.23999786376953,84.80000305175781
55.csv_Day8_11h00m,2.240000009536743,7.510000228881836,10.970000267028809,43.11000061035156,38.15999984741211,34.54999923706055,79.29000091552734,79.91000366210938,91.41000366210938
55.csv_Day8_11h30m,1.8600000143051147,10.229999542236328,11.729999542236328,35.720001220703125,49.56999969482422,19.59000015258789,83.44999694824219,82.11000061035156,94.5
55.csv_Day8_12h00m,1.590000033378601,11.420000076293945,10.6899995803833,30.40999984741211,44.29999923706055,14.220000267028809,78.94999694824219,80.19999694824219,93.33000183105469
55.csv_Day8_12h30m,2.049999952316284,12.920000076293945,9.270000457763672,28.270000457763672,27.309999465942383,16.34000015258789,75.54000091552734,78.70999908447266,95.08999633789062
55.csv_Day8_13h00m,1.899999976158142,15.140000343322754,8.930000305175781,26.110000610351562,33.720001220703125,11.770000457763672,74.63999938964844,76.87000274658203,93.45999908447266
55.csv_Day8_13h30m,2.630000114440918,21.829999923706055,21.309999465942383,23.219999313354492,48.220001220703125,17.809999465942383,70.27999877929688,68.69999694824219,84.5
55.csv_Day8_14h00m,2.7200000286102295,11.270000457763672,33.439998626708984,37.75,52.380001068115234,33.47999954223633,69.62000274658203,70.76000213623047,83.05000305175781
55.csv_Day8_14h30m,2.680000066757202,11.3100004196167,34.959999084472656,36.369998931884766,36.29999923706055,37.52000045776367,68.05000305175781,68.05999755859375,75.41999816894531
55.csv_Day8_15h00m,2.2300000190734863,14.649999618530273,30.3799991607666,43.4900016784668,38.029998779296875,52.16999816894531,60.72999954223633,60.630001068115234,65.88999938964844
55.csv_Day8_15h30m,2.7300000190734863,14.5,24.25,48.290000915527344,44.77000045776367,53.439998626708984,59.38999938964844,57.0,55.939998626708984
55.csv_Day8_16h00m,9.779999732971191,19.290000915527344,21.010000228881836,50.34000015258789,33.689998626708984,48.08000183105469,51.650001525878906,50.22999954223633,45.56999969482422
55.csv_Day8_16h30m,8.859999656677246,13.15999984741211,7.599999904632568,39.959999084472656,23.899999618530273,27.239999771118164,45.040000915527344,42.060001373291016,38.040000915527344
55.csv_Day8_17h00m,1.090000033378601,2.359999895095825,2.049999952316284,6.090000152587891,9.180000305175781,18.84000015258789,29.100000381469727,30.709999084472656,25.8700008392334
55.csv_Day8_17h30m,1.9800000190734863,7.050000190734863,1.5399999618530273,6.769999980926514,3.880000114440918,7.309999942779541,21.110000610351562,21.850000381469727,19.610000610351562
55.csv_Day8_18h00m,1.2000000476837158,2.619999885559082,8.300000190734863,9.789999961853027,7.340000152587891,3.859999895095825,9.84000015258789,14.40999984741211,12.0600004196167
55.csv_Day8_18h30m,0.27000001072883606,0.10000000149011612,2.4600000381469727,1.1399999856948853,2.619999885559082,2.180000066757202,3.9000000953674316,5.789999961853027,5.960000038146973
55.csv_Day8_19h00m,0.0,0.0,0.0,0.0,0.0,0.0,0.0,0.0,0.0
55.csv_Day8_19h30m,0.0,0.0,0.0,0.0,0.0,0.0,0.0,0.0,0.0
55.csv_Day8_20h00m,0.0,0.0,0.0,0.0,0.0,0.0,0.0,0.0,0.0
55.csv_Day8_20h30m,0.0,0.0,0.0,0.0,0.0,0.0,0.0,0.0,0.0
55.csv_Day8_21h00m,0.0,0.0,0.0,0.0,0.0,0.0,0.0,0.0,0.0
55.csv_Day8_21h30m,0.0,0.0,0.0,0.0,0.0,0.0,0.0,0.0,0.0
55.csv_Day8_22h00m,0.0,0.0,0.0,0.0,0.0,0.0,0.0,0.0,0.0
55.csv_Day8_22h30m,0.0,0.0,0.0,0.0,0.0,0.0,0.0,0.0,0.0
55.csv_Day8_23h00m,0.0,0.0,0.0,0.0,0.0,0.0,0.0,0.0,0.0
55.csv_Day8_23h30m,0.0,0.0,0.0,0.0,0.0,0.0,0.0,0.0,0.0
56.csv_Day7_0h00m,0.0,0.0,0.0,0.0,0.0,0.0,0.0,0.0,0.0
56.csv_Day7_0h30m,0.0,0.0,0.0,0.0,0.0,0.0,0.0,0.0,0.0
56.csv_Day7_1h00m,0.0,0.0,0.0,0.0,0.0,0.0,0.0,0.0,0.0
56.csv_Day7_1h30m,0.0,0.0,0.0,0.0,0.0,0.0,0.0,0.0,0.0
56.csv_Day7_2h00m,0.0,0.0,0.0,0.0,0.0,0.0,0.0,0.0,0.0
56.csv_Day7_2h30m,0.0,0.0,0.0,0.0,0.0,0.0,0.0,0.0,0.0
56.csv_Day7_3h00m,0.0,0.0,0.0,0.0,0.0,0.0,0.0,0.0,0.0
56.csv_Day7_3h30m,0.0,0.0,0.0,0.0,0.0,0.0,0.0,0.0,0.0
56.csv_Day7_4h00m,0.0,0.0,0.0,0.0,0.0,0.0,0.0,0.0,0.0
56.csv_Day7_4h30m,0.0,0.0,0.0,0.0,0.0,0.0,0.0,0.0,0.0
56.csv_Day7_5h00m,0.0,0.0,0.0,0.0,0.0,0.0,0.0,0.0,0.0
56.csv_Day7_5h30m,0.0,0.0,0.0,0.0,0.0,0.0,0.0,0.0,0.0
56.csv_Day7_6h00m,0.0,0.0,0.0,0.0,0.0,0.0,0.0,0.0,0.0
56.csv_Day7_6h30m,0.0,0.0,0.0,0.0,0.0,0.0,0.0,0.0,0.0
56.csv_Day7_7h00m,0.0,0.0,0.0,1.0800000429153442,1.7400000095367432,0.2800000011920929,1.1100000143051147,1.100000023841858,0.9900000095367432
56.csv_Day7_7h30m,1.3700000047683716,1.659999966621399,3.9100000858306885,6.119999885559082,9.399999618530273,8.470000267028809,7.269999980926514,7.159999847412109,8.65999984741211
56.csv_Day7_8h00m,6.53000020980835,6.46999979019165,8.859999656677246,13.8100004196167,17.219999313354492,17.18000030517578,16.65999984741211,20.559999465942383,18.709999084472656
56.csv_Day7_8h30m,12.319999694824219,13.270000457763672,17.1299991607666,22.260000228881836,25.139999389648438,24.690000534057617,25.489999771118164,33.22999954223633,28.270000457763672
56.csv_Day7_9h00m,22.56999969482422,21.079999923706055,27.149999618530273,25.84000015258789,30.0,34.439998626708984,35.06999969482422,43.619998931884766,38.66999816894531
56.csv_Day7_9h30m,28.530000686645508,26.010000228881836,40.380001068115234,38.7400016784668,36.47999954223633,46.40999984741211,45.849998474121094,52.189998626708984,47.34000015258789
56.csv_Day7_10h00m,35.18000030517578,30.489999771118164,50.65999984741211,50.2400016784668,47.63999938964844,52.900001525878906,54.02000045776367,58.65999984741211,55.84000015258789
56.csv_Day7_10h30m,42.27000045776367,36.27000045776367,60.22999954223633,55.84000015258789,55.529998779296875,59.279998779296875,60.720001220703125,62.95000076293945,62.02000045776367
56.csv_Day7_11h00m,49.029998779296875,47.79999923706055,67.25,60.2400016784668,60.27000045776367,63.9900016784668,66.9000015258789,67.55999755859375,67.12000274658203
56.csv_Day7_11h30m,56.09000015258789,51.790000915527344,74.08999633789062,64.30999755859375,62.310001373291016,69.06999969482422,69.97000122070312,71.52999877929688,69.94999694824219
56.csv_Day7_12h00m,62.43000030517578,39.220001220703125,76.27999877929688,62.83000183105469,47.400001525878906,69.08999633789062,69.7699966430664,72.2300033569336,69.69000244140625
56.csv_Day7_12h30m,60.95000076293945,36.880001068115234,75.91999816894531,62.310001373291016,44.29999923706055,68.55000305175781,69.66000366210938,69.95999908447266,69.8499984741211
56.csv_Day7_13h00m,56.16999816894531,39.880001068115234,74.3499984741211,62.970001220703125,46.47999954223633,66.12000274658203,68.58999633789062,68.70999908447266,68.55000305175781
56.csv_Day7_13h30m,54.369998931884766,34.08000183105469,68.58999633789062,58.27000045776367,44.20000076293945,64.83999633789062,63.4900016784668,67.16999816894531,64.23999786376953
56.csv_Day7_14h00m,49.09000015258789,34.54999923706055,59.5,48.52000045776367,36.29999923706055,58.79999923706055,56.9900016784668,62.560001373291016,58.93000030517578
56.csv_Day7_14h30m,40.5099983215332,29.40999984741211,54.529998779296875,48.97999954223633,36.02000045776367,50.02000045776367,51.29999923706055,54.81999969482422,53.22999954223633
56.csv_Day7_15h00m,32.9900016784668,28.09000015258789,44.189998626708984,43.869998931884766,33.22999954223633,44.279998779296875,44.209999084472656,49.45000076293945,45.7599983215332
56.csv_Day7_15h30m,22.579999923706055,28.34000015258789,32.47999954223633,38.58000183105469,30.989999771118164,36.97999954223633,37.709999084472656,41.2400016784668,37.439998626708984
56.csv_Day7_16h00m,15.149999618530273,15.050000190734863,22.049999237060547,26.81999969482422,21.68000030517578,27.1299991607666,26.610000610351562,30.149999618530273,27.920000076293945
56.csv_Day7_16h30m,7.539999961853027,10.960000038146973,17.0,22.81999969482422,11.0,16.549999237060547,19.8700008392334,21.030000686645508,18.059999465942383
56.csv_Day7_17h00m,1.090000033378601,4.840000152587891,5.650000095367432,7.510000228881836,6.170000076293945,6.860000133514404,6.559999942779541,10.0600004196167,8.279999732971191
56.csv_Day7_17h30m,0.0,0.0,0.4099999964237213,2.140000104904175,1.7999999523162842,1.1799999475479126,2.259999990463257,2.9800000190734863,1.7599999904632568
56.csv_Day7_18h00m,0.0,0.0,0.0,0.0,0.0,0.0,0.0,0.0,0.0
56.csv_Day7_18h30m,0.0,0.0,0.0,0.0,0.0,0.0,0.0,0.0,0.0
56.csv_Day7_19h00m,0.0,0.0,0.0,0.0,0.0,0.0,0.0,0.0,0.0
56.csv_Day7_19h30m,0.0,0.0,0.0,0.0,0.0,0.0,0.0,0.0,0.0
56.csv_Day7_20h00m,0.0,0.0,0.0,0.0,0.0,0.0,0.0,0.0,0.0
56.csv_Day7_20h30m,0.0,0.0,0.0,0.0,0.0,0.0,0.0,0.0,0.0
56.csv_Day7_21h00m,0.0,0.0,0.0,0.0,0.0,0.0,0.0,0.0,0.0
56.csv_Day7_21h30m,0.0,0.0,0.0,0.0,0.0,0.0,0.0,0.0,0.0
56.csv_Day7_22h00m,0.0,0.0,0.0,0.0,0.0,0.0,0.0,0.0,0.0
56.csv_Day7_22h30m,0.0,0.0,0.0,0.0,0.0,0.0,0.0,0.0,0.0
56.csv_Day7_23h00m,0.0,0.0,0.0,0.0,0.0,0.0,0.0,0.0,0.0
56.csv_Day7_23h30m,0.0,0.0,0.0,0.0,0.0,0.0,0.0,0.0,0.0
56.csv_Day8_0h00m,0.0,0.0,0.0,0.0,0.0,0.0,0.0,0.0,0.0
56.csv_Day8_0h30m,0.0,0.0,0.0,0.0,0.0,0.0,0.0,0.0,0.0
56.csv_Day8_1h00m,0.0,0.0,0.0,0.0,0.0,0.0,0.0,0.0,0.0
56.csv_Day8_1h30m,0.0,0.0,0.0,0.0,0.0,0.0,0.0,0.0,0.0
56.csv_Day8_2h00m,0.0,0.0,0.0,0.0,0.0,0.0,0.0,0.0,0.0
56.csv_Day8_2h30m,0.0,0.0,0.0,0.0,0.0,0.0,0.0,0.0,0.0
56.csv_Day8_3h00m,0.0,0.0,0.0,0.0,0.0,0.0,0.0,0.0,0.0
56.csv_Day8_3h30m,0.0,0.0,0.0,0.0,0.0,0.0,0.0,0.0,0.0
56.csv_Day8_4h00m,0.0,0.0,0.0,0.0,0.0,0.0,0.0,0.0,0.0
56.csv_Day8_4h30m,0.0,0.0,0.0,0.0,0.0,0.0,0.0,0.0,0.0
56.csv_Day8_5h00m,0.0,0.0,0.0,0.0,0.0,0.0,0.0,0.0,0.0
56.csv_Day8_5h30m,0.0,0.0,0.0,0.0,0.0,0.0,0.0,0.0,0.0
56.csv_Day8_6h00m,0.0,0.0,0.0,0.0,0.0,0.0,0.0,0.0,0.0
56.csv_Day8_6h30m,0.0,0.0,0.0,0.0,0.0,0.0,0.0,0.0,0.0
56.csv_Day8_7h00m,0.0,0.0,0.0,1.0700000524520874,1.7400000095367432,0.4000000059604645,1.1699999570846558,0.8199999928474426,0.9900000095367432
56.csv_Day8_7h30m,1.6699999570846558,1.6699999570846558,4.150000095367432,6.079999923706055,9.40999984741211,5.199999809265137,7.159999847412109,9.489999771118164,8.649999618530273
56.csv_Day8_8h00m,10.270000457763672,6.510000228881836,11.100000381469727,13.729999542236328,17.239999771118164,12.0600004196167,16.479999542236328,20.329999923706055,18.700000762939453
56.csv_Day8_8h30m,13.229999542236328,13.350000381469727,21.100000381469727,22.1200008392334,25.15999984741211,15.640000343322754,25.239999771118164,30.329999923706055,28.25
56.csv_Day8_9h00m,19.540000915527344,21.200000762939453,31.68000030517578,25.68000030517578,30.020000457763672,24.239999771118164,34.72999954223633,39.04999923706055,38.650001525878906
56.csv_Day8_9h30m,21.25,26.15999984741211,40.810001373291016,38.5,36.5099983215332,40.43000030517578,45.43000030517578,47.189998626708984,47.31999969482422
56.csv_Day8_10h00m,21.700000762939453,30.65999984741211,50.16999816894531,49.939998626708984,47.66999816894531,50.63999938964844,53.529998779296875,55.060001373291016,55.81999969482422
56.csv_Day8_10h30m,21.56999969482422,36.470001220703125,57.459999084472656,55.5,55.56999969482422,59.09000015258789,60.16999816894531,61.08000183105469,61.9900016784668
56.csv_Day8_11h00m,27.0,48.06999969482422,61.9900016784668,59.880001068115234,60.310001373291016,64.2699966430664,66.30000305175781,65.68000030517578,67.08999633789062
56.csv_Day8_11h30m,43.93000030517578,52.08000183105469,62.65999984741211,63.93000030517578,62.36000061035156,68.95999908447266,69.33999633789062,68.7699966430664,69.91999816894531
56.csv_Day8_12h00m,51.70000076293945,39.439998626708984,52.2400016784668,62.45000076293945,47.439998626708984,65.13999938964844,69.1500015258789,67.12000274658203,69.66000366210938
56.csv_Day8_12h30m,50.119998931884766,37.08000183105469,60.0099983215332,61.93000030517578,44.34000015258789,67.77999877929688,69.04000091552734,66.22000122070312,69.81999969482422
56.csv_Day8_13h00m,43.61000061035156,40.099998474121094,59.119998931884766,62.59000015258789,46.5099983215332,68.69999694824219,67.9800033569336,65.41999816894531,68.5199966430664
56.csv_Day8_13h30m,38.369998931884766,34.27000045776367,49.439998626708984,57.91999816894531,44.22999954223633,61.4900016784668,62.91999816894531,62.470001220703125,64.20999908447266
56.csv_Day8_14h00m,34.560001373291016,34.7400016784668,43.65999984741211,48.22999954223633,36.33000183105469,55.310001373291016,56.470001220703125,58.209999084472656,58.90999984741211
56.csv_Day8_14h30m,28.209999084472656,29.579999923706055,43.97999954223633,48.68000030517578,36.040000915527344,52.16999816894531,50.83000183105469,52.650001525878906,53.20000076293945
56.csv_Day8_15h00m,24.940000534057617,28.25,38.68000030517578,43.61000061035156,33.25,43.630001068115234,43.79999923706055,46.68000030517578,45.7400016784668
56.csv_Day8_15h30m,18.639999389648438,28.489999771118164,29.56999969482422,38.34000015258789,31.020000457763672,31.43000030517578,37.36000061035156,39.310001373291016,37.43000030517578
56.csv_Day8_16h00m,14.710000038146973,15.130000114440918,20.479999542236328,26.65999984741211,21.700000762939453,20.350000381469727,26.360000610351562,27.690000534057617,27.90999984741211
56.csv_Day8_16h30m,9.380000114440918,11.020000457763672,14.489999771118164,22.68000030517578,11.010000228881836,14.029999732971191,19.670000076293945,17.889999389648438,18.049999237060547
56.csv_Day8_17h00m,1.0199999809265137,4.860000133514404,5.96999979019165,7.46999979019165,6.179999828338623,6.96999979019165,6.449999809265137,7.880000114440918,8.279999732971191
56.csv_Day8_17h30m,0.0,0.0,0.7599999904632568,2.130000114440918,1.7999999523162842,1.7699999809265137,2.2100000381469727,2.9200000762939453,1.7599999904632568
56.csv_Day8_18h00m,0.0,0.0,0.0,0.0,0.0,0.0,0.0,0.0,0.0
56.csv_Day8_18h30m,0.0,0.0,0.0,0.0,0.0,0.0,0.0,0.0,0.0
56.csv_Day8_19h00m,0.0,0.0,0.0,0.0,0.0,0.0,0.0,0.0,0.0
56.csv_Day8_19h30m,0.0,0.0,0.0,0.0,0.0,0.0,0.0,0.0,0.0
56.csv_Day8_20h00m,0.0,0.0,0.0,0.0,0.0,0.0,0.0,0.0,0.0
56.csv_Day8_20h30m,0.0,0.0,0.0,0.0,0.0,0.0,0.0,0.0,0.0
56.csv_Day8_21h00m,0.0,0.0,0.0,0.0,0.0,0.0,0.0,0.0,0.0
56.csv_Day8_21h30m,0.0,0.0,0.0,0.0,0.0,0.0,0.0,0.0,0.0
56.csv_Day8_22h00m,0.0,0.0,0.0,0.0,0.0,0.0,0.0,0.0,0.0
56.csv_Day8_22h30m,0.0,0.0,0.0,0.0,0.0,0.0,0.0,0.0,0.0
56.csv_Day8_23h00m,0.0,0.0,0.0,0.0,0.0,0.0,0.0,0.0,0.0
56.csv_Day8_23h30m,0.0,0.0,0.0,0.0,0.0,0.0,0.0,0.0,0.0
57.csv_Day7_0h00m,0.0,0.0,0.0,0.0,0.0,0.0,0.0,0.0,0.0
57.csv_Day7_0h30m,0.0,0.0,0.0,0.0,0.0,0.0,0.0,0.0,0.0
57.csv_Day7_1h00m,0.0,0.0,0.0,0.0,0.0,0.0,0.0,0.0,0.0
57.csv_Day7_1h30m,0.0,0.0,0.0,0.0,0.0,0.0,0.0,0.0,0.0
57.csv_Day7_2h00m,0.0,0.0,0.0,0.0,0.0,0.0,0.0,0.0,0.0
57.csv_Day7_2h30m,0.0,0.0,0.0,0.0,0.0,0.0,0.0,0.0,0.0
57.csv_Day7_3h00m,0.0,0.0,0.0,0.0,0.0,0.0,0.0,0.0,0.0
57.csv_Day7_3h30m,0.0,0.0,0.0,0.0,0.0,0.0,0.0,0.0,0.0
57.csv_Day7_4h00m,0.0,0.0,0.0,0.0,0.0,0.0,0.0,0.0,0.0
57.csv_Day7_4h30m,0.0,0.0,0.0,0.0,0.0,0.0,0.0,0.0,0.0
57.csv_Day7_5h00m,0.0,0.0,0.0,0.0,0.0,0.0,0.0,0.0,0.0
57.csv_Day7_5h30m,0.0,0.0,0.0,0.0,0.0,0.0,0.0,0.0,0.0
57.csv_Day7_6h00m,0.0,0.0,0.0,0.0,0.0,0.0,0.0,0.0,0.0
57.csv_Day7_6h30m,0.0,0.0,0.0,0.0,0.0,0.0,0.0,0.0,0.0
57.csv_Day7_7h00m,0.0,0.0,0.0,0.0,0.0,0.0,0.0,0.0,0.0
57.csv_Day7_7h30m,0.9800000190734863,2.4100000858306885,0.9100000262260437,1.8200000524520874,2.2799999713897705,3.640000104904175,3.619999885559082,5.119999885559082,4.019999980926514
57.csv_Day7_8h00m,3.319999933242798,3.809999942779541,5.659999847412109,6.550000190734863,9.079999923706055,9.039999961853027,9.789999961853027,11.020000457763672,11.319999694824219
57.csv_Day7_8h30m,5.119999885559082,9.489999771118164,3.5,10.890000343322754,9.029999732971191,13.819999694824219,18.110000610351562,18.190000534057617,18.81999969482422
57.csv_Day7_9h00m,8.470000267028809,15.050000190734863,5.920000076293945,23.219999313354492,21.579999923706055,24.229999542236328,27.530000686645508,28.190000534057617,28.479999542236328
57.csv_Day7_9h30m,11.4399995803833,20.229999542236328,8.180000305175781,27.809999465942383,27.829999923706055,29.860000610351562,33.18000030517578,34.869998931884766,34.869998931884766
57.csv_Day7_10h00m,14.380000114440918,20.399999618530273,11.920000076293945,32.61000061035156,32.41999816894531,36.11000061035156,37.41999816894531,40.31999969482422,40.54999923706055
57.csv_Day7_10h30m,15.819999694824219,22.440000534057617,16.530000686645508,35.720001220703125,37.20000076293945,40.47999954223633,41.75,44.790000915527344,44.90999984741211
57.csv_Day7_11h00m,19.639999389648438,22.209999084472656,25.25,36.58000183105469,42.22999954223633,44.61000061035156,45.2400016784668,47.83000183105469,48.4900016784668
57.csv_Day7_11h30m,20.290000915527344,22.06999969482422,31.40999984741211,38.22999954223633,44.31999969482422,46.5099983215332,46.9900016784668,49.47999954223633,49.91999816894531
57.csv_Day7_12h00m,18.31999969482422,12.199999809265137,37.54999923706055,37.7400016784668,43.689998626708984,48.040000915527344,46.77000045776367,48.77000045776367,49.95000076293945
57.csv_Day7_12h30m,9.380000114440918,14.180000305175781,34.70000076293945,33.380001068115234,40.70000076293945,46.22999954223633,44.63999938964844,46.97999954223633,48.7400016784668
57.csv_Day7_13h00m,13.970000267028809,19.399999618530273,34.93000030517578,33.4900016784668,40.7400016784668,38.18000030517578,41.68000030517578,42.09000015258789,45.38999938964844
57.csv_Day7_13h30m,13.569999694824219,18.139999389648438,31.860000610351562,28.100000381469727,34.0,36.65999984741211,38.189998626708984,38.900001525878906,41.470001220703125
57.csv_Day7_14h00m,12.5600004196167,14.199999809265137,27.690000534057617,19.420000076293945,30.030000686645508,33.20000076293945,31.149999618530273,31.709999084472656,34.959999084472656
57.csv_Day7_14h30m,7.690000057220459,17.040000915527344,25.25,20.719999313354492,22.829999923706055,28.31999969482422,27.68000030517578,29.049999237060547,27.93000030517578
57.csv_Day7_15h00m,10.329999923706055,10.539999961853027,18.31999969482422,15.609999656677246,19.649999618530273,22.84000015258789,21.709999084472656,22.0,22.200000762939453
57.csv_Day7_15h30m,6.150000095367432,7.599999904632568,10.100000381469727,10.960000038146973,13.760000228881836,12.170000076293945,14.34000015258789,13.140000343322754,14.220000267028809
57.csv_Day7_16h00m,2.8299999237060547,3.190000057220459,3.6500000953674316,6.119999885559082,6.690000057220459,4.760000228881836,6.929999828338623,7.760000228881836,7.559999942779541
57.csv_Day7_16h30m,0.0,0.0,0.0,0.0,0.0,0.0,1.0499999523162842,0.6600000262260437,0.2199999988079071
57.csv_Day7_17h00m,0.0,0.0,0.0,0.0,0.0,0.0,0.0,0.0,0.0
57.csv_Day7_17h30m,0.0,0.0,0.0,0.0,0.0,0.0,0.0,0.0,0.0
57.csv_Day7_18h00m,0.0,0.0,0.0,0.0,0.0,0.0,0.0,0.0,0.0
57.csv_Day7_18h30m,0.0,0.0,0.0,0.0,0.0,0.0,0.0,0.0,0.0
57.csv_Day7_19h00m,0.0,0.0,0.0,0.0,0.0,0.0,0.0,0.0,0.0
57.csv_Day7_19h30m,0.0,0.0,0.0,0.0,0.0,0.0,0.0,0.0,0.0
57.csv_Day7_20h00m,0.0,0.0,0.0,0.0,0.0,0.0,0.0,0.0,0.0
57.csv_Day7_20h30m,0.0,0.0,0.0,0.0,0.0,0.0,0.0,0.0,0.0
57.csv_Day7_21h00m,0.0,0.0,0.0,0.0,0.0,0.0,0.0,0.0,0.0
57.csv_Day7_21h30m,0.0,0.0,0.0,0.0,0.0,0.0,0.0,0.0,0.0
57.csv_Day7_22h00m,0.0,0.0,0.0,0.0,0.0,0.0,0.0,0.0,0.0
57.csv_Day7_22h30m,0.0,0.0,0.0,0.0,0.0,0.0,0.0,0.0,0.0
57.csv_Day7_23h00m,0.0,0.0,0.0,0.0,0.0,0.0,0.0,0.0,0.0
57.csv_Day7_23h30m,0.0,0.0,0.0,0.0,0.0,0.0,0.0,0.0,0.0
57.csv_Day8_0h00m,0.0,0.0,0.0,0.0,0.0,0.0,0.0,0.0,0.0
57.csv_Day8_0h30m,0.0,0.0,0.0,0.0,0.0,0.0,0.0,0.0,0.0
57.csv_Day8_1h00m,0.0,0.0,0.0,0.0,0.0,0.0,0.0,0.0,0.0
57.csv_Day8_1h30m,0.0,0.0,0.0,0.0,0.0,0.0,0.0,0.0,0.0
57.csv_Day8_2h00m,0.0,0.0,0.0,0.0,0.0,0.0,0.0,0.0,0.0
57.csv_Day8_2h30m,0.0,0.0,0.0,0.0,0.0,0.0,0.0,0.0,0.0
57.csv_Day8_3h00m,0.0,0.0,0.0,0.0,0.0,0.0,0.0,0.0,0.0
57.csv_Day8_3h30m,0.0,0.0,0.0,0.0,0.0,0.0,0.0,0.0,0.0
57.csv_Day8_4h00m,0.0,0.0,0.0,0.0,0.0,0.0,0.0,0.0,0.0
57.csv_Day8_4h30m,0.0,0.0,0.0,0.0,0.0,0.0,0.0,0.0,0.0
57.csv_Day8_5h00m,0.0,0.0,0.0,0.0,0.0,0.0,0.0,0.0,0.0
57.csv_Day8_5h30m,0.0,0.0,0.0,0.0,0.0,0.0,0.0,0.0,0.0
57.csv_Day8_6h00m,0.0,0.0,0.0,0.0,0.0,0.0,0.0,0.0,0.0
57.csv_Day8_6h30m,0.0,0.0,0.0,0.0,0.0,0.0,0.0,0.0,0.0
57.csv_Day8_7h00m,0.0,0.0,0.0,0.0,0.0,0.0,0.0,0.0,0.0
57.csv_Day8_7h30m,0.9800000190734863,2.430000066757202,1.059999942779541,1.809999942779541,2.2799999713897705,3.109999895095825,3.700000047683716,4.429999828338623,4.019999980926514
57.csv_Day8_8h00m,4.760000228881836,3.8299999237060547,5.300000190734863,6.510000228881836,9.079999923706055,10.100000381469727,9.65999984741211,10.739999771118164,11.3100004196167
57.csv_Day8_8h30m,9.319999694824219,9.539999961853027,11.40999984741211,10.829999923706055,9.039999961853027,16.09000015258789,18.739999771118164,18.3799991607666,18.809999465942383
57.csv_Day8_9h00m,16.299999237060547,15.130000114440918,22.670000076293945,23.079999923706055,21.600000381469727,26.030000686645508,28.709999084472656,29.139999389648438,28.459999084472656
57.csv_Day8_9h30m,20.149999618530273,20.34000015258789,28.59000015258789,27.639999389648438,27.850000381469727,31.489999771118164,34.65999984741211,35.45000076293945,34.849998474121094
57.csv_Day8_10h00m,25.280000686645508,20.520000457763672,30.59000015258789,32.40999984741211,32.439998626708984,36.689998626708984,39.11000061035156,41.0099983215332,40.529998779296875
57.csv_Day8_10h30m,27.40999984741211,22.56999969482422,35.58000183105469,35.5,37.22999954223633,41.099998474121094,43.689998626708984,45.16999816894531,44.88999938964844
57.csv_Day8_11h00m,30.290000915527344,22.34000015258789,38.66999816894531,36.36000061035156,42.2599983215332,42.84000015258789,47.380001068115234,48.439998626708984,48.470001220703125
57.csv_Day8_11h30m,30.079999923706055,22.200000762939453,42.119998931884766,38.0,44.349998474121094,44.7400016784668,49.20000076293945,49.619998931884766,49.900001525878906
57.csv_Day8_12h00m,28.25,12.270000457763672,43.20000076293945,37.52000045776367,43.720001220703125,45.439998626708984,48.75,47.65999984741211,49.93000030517578
57.csv_Day8_12h30m,24.719999313354492,14.260000228881836,37.540000915527344,33.18000030517578,40.72999954223633,40.650001525878906,46.58000183105469,45.2599983215332,48.720001220703125
57.csv_Day8_13h00m,25.149999618530273,19.510000228881836,33.650001525878906,33.290000915527344,40.77000045776367,40.7400016784668,43.63999938964844,41.75,45.369998931884766
57.csv_Day8_13h30m,21.65999984741211,18.25,29.09000015258789,27.93000030517578,34.02000045776367,37.220001220703125,39.93000030517578,37.650001525878906,41.459999084472656
57.csv_Day8_14h00m,16.739999771118164,14.279999732971191,23.299999237060547,19.309999465942383,30.049999237060547,32.02000045776367,32.349998474121094,30.690000534057617,34.95000076293945
57.csv_Day8_14h30m,7.650000095367432,17.139999389648438,19.649999618530273,20.59000015258789,22.850000381469727,23.639999389648438,27.40999984741211,27.34000015258789,27.920000076293945
57.csv_Day8_15h00m,12.529999732971191,10.600000381469727,7.269999980926514,15.520000457763672,19.65999984741211,21.209999084472656,21.489999771118164,21.56999969482422,22.190000534057617
57.csv_Day8_15h30m,5.960000038146973,7.650000095367432,5.460000038146973,10.899999618530273,13.770000457763672,7.630000114440918,14.180000305175781,13.369999885559082,14.210000038146973
57.csv_Day8_16h00m,1.7300000190734863,3.2100000381469727,3.549999952316284,6.079999923706055,6.699999809265137,3.930000066757202,6.829999923706055,7.360000133514404,7.550000190734863
57.csv_Day8_16h30m,0.0,0.0,0.0,0.0,0.0,0.0,1.1100000143051147,0.019999999552965164,0.2199999988079071
57.csv_Day8_17h00m,0.0,0.0,0.0,0.0,0.0,0.0,0.0,0.0,0.0
57.csv_Day8_17h30m,0.0,0.0,0.0,0.0,0.0,0.0,0.0,0.0,0.0
57.csv_Day8_18h00m,0.0,0.0,0.0,0.0,0.0,0.0,0.0,0.0,0.0
57.csv_Day8_18h30m,0.0,0.0,0.0,0.0,0.0,0.0,0.0,0.0,0.0
57.csv_Day8_19h00m,0.0,0.0,0.0,0.0,0.0,0.0,0.0,0.0,0.0
57.csv_Day8_19h30m,0.0,0.0,0.0,0.0,0.0,0.0,0.0,0.0,0.0
57.csv_Day8_20h00m,0.0,0.0,0.0,0.0,0.0,0.0,0.0,0.0,0.0
57.csv_Day8_20h30m,0.0,0.0,0.0,0.0,0.0,0.0,0.0,0.0,0.0
57.csv_Day8_21h00m,0.0,0.0,0.0,0.0,0.0,0.0,0.0,0.0,0.0
57.csv_Day8_21h30m,0.0,0.0,0.0,0.0,0.0,0.0,0.0,0.0,0.0
57.csv_Day8_22h00m,0.0,0.0,0.0,0.0,0.0,0.0,0.0,0.0,0.0
57.csv_Day8_22h30m,0.0,0.0,0.0,0.0,0.0,0.0,0.0,0.0,0.0
57.csv_Day8_23h00m,0.0,0.0,0.0,0.0,0.0,0.0,0.0,0.0,0.0
57.csv_Day8_23h30m,0.0,0.0,0.0,0.0,0.0,0.0,0.0,0.0,0.0
58.csv_Day7_0h00m,0.0,0.0,0.0,0.0,0.0,0.0,0.0,0.0,0.0
58.csv_Day7_0h30m,0.0,0.0,0.0,0.0,0.0,0.0,0.0,0.0,0.0
58.csv_Day7_1h00m,0.0,0.0,0.0,0.0,0.0,0.0,0.0,0.0,0.0
58.csv_Day7_1h30m,0.0,0.0,0.0,0.0,0.0,0.0,0.0,0.0,0.0
58.csv_Day7_2h00m,0.0,0.0,0.0,0.0,0.0,0.0,0.0,0.0,0.0
58.csv_Day7_2h30m,0.0,0.0,0.0,0.0,0.0,0.0,0.0,0.0,0.0
58.csv_Day7_3h00m,0.0,0.0,0.0,0.0,0.0,0.0,0.0,0.0,0.0
58.csv_Day7_3h30m,0.0,0.0,0.0,0.0,0.0,0.0,0.0,0.0,0.0
58.csv_Day7_4h00m,0.0,0.0,0.0,0.0,0.0,0.0,0.0,0.0,0.0
58.csv_Day7_4h30m,0.0,0.0,0.0,0.0,0.0,0.0,0.0,0.0,0.0
58.csv_Day7_5h00m,0.0,0.0,0.0,0.0,0.0,0.0,0.0,0.0,0.0
58.csv_Day7_5h30m,0.0,0.0,0.0,0.0,0.0,0.0,0.0,0.0,0.0
58.csv_Day7_6h00m,0.0,0.0,0.0,0.36000001430511475,0.0,0.7099999785423279,1.0299999713897705,1.1100000143051147,0.8899999856948853
58.csv_Day7_6h30m,0.5099999904632568,1.9600000381469727,5.739999771118164,5.679999828338623,5.360000133514404,5.449999809265137,5.489999771118164,5.190000057220459,5.980000019073486
58.csv_Day7_7h00m,1.25,7.460000038146973,6.320000171661377,12.680000305175781,10.170000076293945,13.989999771118164,14.100000381469727,13.319999694824219,13.920000076293945
58.csv_Day7_7h30m,1.9900000095367432,12.869999885559082,14.279999732971191,14.4399995803833,11.84000015258789,22.350000381469727,22.969999313354492,23.350000381469727,24.3799991607666
58.csv_Day7_8h00m,4.03000020980835,18.6200008392334,24.34000015258789,27.3700008392334,23.1200008392334,30.3799991607666,33.630001068115234,34.59000015258789,34.310001373291016
58.csv_Day7_8h30m,10.460000038146973,18.670000076293945,31.690000534057617,24.850000381469727,31.6200008392334,39.54999923706055,42.900001525878906,43.08000183105469,42.68000030517578
58.csv_Day7_9h00m,28.170000076293945,25.260000228881836,34.11000061035156,14.010000228881836,40.279998779296875,47.540000915527344,51.060001373291016,53.91999816894531,50.869998931884766
58.csv_Day7_9h30m,5.630000114440918,25.959999084472656,20.549999237060547,12.279999732971191,54.7599983215332,55.25,57.88999938964844,60.09000015258789,57.630001068115234
58.csv_Day7_10h00m,43.310001373291016,19.280000686645508,35.93000030517578,14.359999656677246,49.0099983215332,57.68000030517578,62.630001068115234,66.5,63.93000030517578
58.csv_Day7_10h30m,24.489999771118164,22.90999984741211,22.329999923706055,26.989999771118164,61.13999938964844,60.279998779296875,67.7300033569336,70.95999908447266,68.05999755859375
58.csv_Day7_11h00m,17.600000381469727,40.43000030517578,13.289999961853027,31.290000915527344,62.56999969482422,49.81999969482422,69.97000122070312,72.51000213623047,71.31999969482422
58.csv_Day7_11h30m,6.210000038146973,45.54999923706055,18.520000457763672,34.33000183105469,67.7300033569336,56.13999938964844,70.55000305175781,68.08000183105469,72.36000061035156
58.csv_Day7_12h00m,4.659999847412109,40.959999084472656,23.18000030517578,68.30999755859375,60.95000076293945,51.470001220703125,68.80999755859375,69.69999694824219,72.87999725341797
58.csv_Day7_12h30m,5.070000171661377,20.68000030517578,36.810001373291016,24.850000381469727,35.84000015258789,46.119998931884766,61.029998779296875,60.08000183105469,58.36000061035156
58.csv_Day7_13h00m,38.63999938964844,26.09000015258789,54.0,34.79999923706055,54.04999923706055,57.36000061035156,62.52000045776367,63.79999923706055,66.30000305175781
58.csv_Day7_13h30m,41.86000061035156,30.670000076293945,49.06999969482422,37.61000061035156,54.13999938964844,50.81999969482422,59.380001068115234,59.45000076293945,59.15999984741211
58.csv_Day7_14h00m,43.34000015258789,31.389999389648438,46.38999938964844,47.90999984741211,51.77000045776367,49.15999984741211,54.13999938964844,54.72999954223633,54.599998474121094
58.csv_Day7_14h30m,42.5099983215332,20.780000686645508,46.310001373291016,33.5,43.70000076293945,44.689998626708984,49.79999923706055,52.97999954223633,52.880001068115234
58.csv_Day7_15h00m,20.6200008392334,11.319999694824219,27.18000030517578,12.390000343322754,39.900001525878906,43.060001373291016,43.630001068115234,45.34000015258789,44.529998779296875
58.csv_Day7_15h30m,26.25,12.399999618530273,32.40999984741211,15.84000015258789,23.110000610351562,31.280000686645508,25.3799991607666,31.149999618530273,34.04999923706055
58.csv_Day7_16h00m,18.229999542236328,1.8899999856948853,11.260000228881836,29.030000686645508,19.1200008392334,22.670000076293945,24.739999771118164,25.770000457763672,27.329999923706055
58.csv_Day7_16h30m,9.670000076293945,1.8899999856948853,4.480000019073486,20.809999465942383,14.829999923706055,13.390000343322754,14.220000267028809,14.8100004196167,16.049999237060547
58.csv_Day7_17h00m,2.4600000381469727,1.8899999856948853,0.9399999976158142,6.960000038146973,5.920000076293945,9.430000305175781,7.710000038146973,8.539999961853027,8.149999618530273
58.csv_Day7_17h30m,0.0,0.0,0.0,0.0,0.0,0.0,1.1100000143051147,1.4199999570846558,2.3499999046325684
58.csv_Day7_18h00m,0.0,0.0,0.0,0.0,0.0,0.0,0.0,0.0,0.0
58.csv_Day7_18h30m,0.0,0.0,0.0,0.0,0.0,0.0,0.0,0.0,0.0
58.csv_Day7_19h00m,0.0,0.0,0.0,0.0,0.0,0.0,0.0,0.0,0.0
58.csv_Day7_19h30m,0.0,0.0,0.0,0.0,0.0,0.0,0.0,0.0,0.0
58.csv_Day7_20h00m,0.0,0.0,0.0,0.0,0.0,0.0,0.0,0.0,0.0
58.csv_Day7_20h30m,0.0,0.0,0.0,0.0,0.0,0.0,0.0,0.0,0.0
58.csv_Day7_21h00m,0.0,0.0,0.0,0.0,0.0,0.0,0.0,0.0,0.0
58.csv_Day7_21h30m,0.0,0.0,0.0,0.0,0.0,0.0,0.0,0.0,0.0
58.csv_Day7_22h00m,0.0,0.0,0.0,0.0,0.0,0.0,0.0,0.0,0.0
58.csv_Day7_22h30m,0.0,0.0,0.0,0.0,0.0,0.0,0.0,0.0,0.0
58.csv_Day7_23h00m,0.0,0.0,0.0,0.0,0.0,0.0,0.0,0.0,0.0
58.csv_Day7_23h30m,0.0,0.0,0.0,0.0,0.0,0.0,0.0,0.0,0.0
58.csv_Day8_0h00m,0.0,0.0,0.0,0.0,0.0,0.0,0.0,0.0,0.0
58.csv_Day8_0h30m,0.0,0.0,0.0,0.0,0.0,0.0,0.0,0.0,0.0
58.csv_Day8_1h00m,0.0,0.0,0.0,0.0,0.0,0.0,0.0,0.0,0.0
58.csv_Day8_1h30m,0.0,0.0,0.0,0.0,0.0,0.0,0.0,0.0,0.0
58.csv_Day8_2h00m,0.0,0.0,0.0,0.0,0.0,0.0,0.0,0.0,0.0
58.csv_Day8_2h30m,0.0,0.0,0.0,0.0,0.0,0.0,0.0,0.0,0.0
58.csv_Day8_3h00m,0.0,0.0,0.0,0.0,0.0,0.0,0.0,0.0,0.0
58.csv_Day8_3h30m,0.0,0.0,0.0,0.0,0.0,0.0,0.0,0.0,0.0
58.csv_Day8_4h00m,0.0,0.0,0.0,0.0,0.0,0.0,0.0,0.0,0.0
58.csv_Day8_4h30m,0.0,0.0,0.0,0.0,0.0,0.0,0.0,0.0,0.0
58.csv_Day8_5h00m,0.0,0.0,0.0,0.0,0.0,0.0,0.0,0.0,0.0
58.csv_Day8_5h30m,0.0,0.0,0.0,0.0,0.0,0.0,0.0,0.0,0.0
58.csv_Day8_6h00m,0.0,0.0,0.0,0.3499999940395355,0.0,0.949999988079071,1.090000033378601,0.8700000047683716,0.8899999856948853
58.csv_Day8_6h30m,1.840000033378601,1.9700000286102295,6.199999809265137,5.650000095367432,5.369999885559082,5.730000019073486,5.400000095367432,5.46999979019165,5.980000019073486
58.csv_Day8_7h00m,3.619999885559082,7.5,10.390000343322754,12.600000381469727,10.170000076293945,13.109999656677246,13.9399995803833,14.300000190734863,13.90999984741211
58.csv_Day8_7h30m,5.670000076293945,12.9399995803833,20.309999465942383,14.350000381469727,11.850000381469727,22.770000457763672,22.729999542236328,24.040000915527344,24.3700008392334
58.csv_Day8_8h00m,10.420000076293945,18.729999542236328,28.5,27.209999084472656,23.1299991607666,29.15999984741211,33.310001373291016,35.040000915527344,34.29999923706055
58.csv_Day8_8h30m,14.609999656677246,18.770000457763672,36.7400016784668,24.700000762939453,31.639999389648438,39.16999816894531,42.5,44.06999969482422,42.66999816894531
58.csv_Day8_9h00m,28.8700008392334,25.399999618530273,44.09000015258789,13.930000305175781,40.310001373291016,46.560001373291016,50.59000015258789,54.9900016784668,50.849998474121094
58.csv_Day8_9h30m,29.15999984741211,26.110000610351562,58.720001220703125,12.210000038146973,54.79999923706055,54.040000915527344,57.36000061035156,61.400001525878906,57.61000061035156
58.csv_Day8_10h00m,22.690000534057617,19.389999389648438,60.9900016784668,14.279999732971191,49.04999923706055,60.4900016784668,62.06999969482422,68.0199966430664,63.90999984741211
58.csv_Day8_10h30m,18.780000686645508,23.040000915527344,63.77000045776367,26.81999969482422,61.189998626708984,64.3499984741211,67.12000274658203,71.7699966430664,68.02999877929688
58.csv_Day8_11h00m,6.090000152587891,40.65999984741211,61.79999923706055,31.100000381469727,62.619998931884766,67.31999969482422,69.3499984741211,73.52999877929688,71.29000091552734
58.csv_Day8_11h30m,21.18000030517578,45.810001373291016,69.70999908447266,34.119998931884766,67.77999877929688,69.44000244140625,69.91999816894531,71.06999969482422,72.33000183105469
58.csv_Day8_12h00m,45.630001068115234,41.189998626708984,70.45999908447266,67.9000015258789,60.9900016784668,65.94000244140625,68.19999694824219,69.41999816894531,72.8499984741211
58.csv_Day8_12h30m,19.25,20.799999237060547,48.11000061035156,24.700000762939453,35.86000061035156,39.099998474121094,60.84000015258789,59.02000045776367,58.34000015258789
58.csv_Day8_13h00m,17.700000762939453,26.239999771118164,40.18000030517578,34.59000015258789,54.09000015258789,33.5099983215332,64.76000213623047,62.27000045776367,66.2699966430664
58.csv_Day8_13h30m,22.3799991607666,30.850000381469727,22.959999084472656,37.38999938964844,54.189998626708984,38.439998626708984,58.849998474121094,59.72999954223633,59.130001068115234
58.csv_Day8_14h00m,33.439998626708984,31.56999969482422,41.65999984741211,47.630001068115234,51.810001373291016,55.11000061035156,53.650001525878906,54.90999984741211,54.58000183105469
58.csv_Day8_14h30m,32.130001068115234,20.899999618530273,46.61000061035156,33.29999923706055,43.7400016784668,52.86000061035156,49.34000015258789,54.689998626708984,52.86000061035156
58.csv_Day8_15h00m,32.34000015258789,11.390000343322754,38.599998474121094,12.3100004196167,39.939998626708984,46.34000015258789,43.22999954223633,47.439998626708984,44.5099983215332
58.csv_Day8_15h30m,8.8100004196167,12.470000267028809,33.060001373291016,15.739999771118164,23.1200008392334,31.149999618530273,26.229999542236328,33.099998474121094,34.040000915527344
58.csv_Day8_16h00m,0.3100000023841858,1.899999976158142,21.09000015258789,28.860000610351562,19.1299991607666,21.8799991607666,25.479999542236328,27.3700008392334,27.31999969482422
58.csv_Day8_16h30m,0.9900000095367432,1.899999976158142,12.050000190734863,20.68000030517578,14.84000015258789,12.609999656677246,14.619999885559082,15.0600004196167,16.049999237060547
58.csv_Day8_17h00m,0.9200000166893005,1.899999976158142,4.639999866485596,6.920000076293945,5.920000076293945,7.690000057220459,7.599999904632568,8.609999656677246,8.149999618530273
58.csv_Day8_17h30m,0.0,0.0,0.0,0.0,0.0,0.0,1.1799999475479126,1.440000057220459,2.3499999046325684
58.csv_Day8_18h00m,0.0,0.0,0.0,0.0,0.0,0.0,0.0,0.0,0.0
58.csv_Day8_18h30m,0.0,0.0,0.0,0.0,0.0,0.0,0.0,0.0,0.0
58.csv_Day8_19h00m,0.0,0.0,0.0,0.0,0.0,0.0,0.0,0.0,0.0
58.csv_Day8_19h30m,0.0,0.0,0.0,0.0,0.0,0.0,0.0,0.0,0.0
58.csv_Day8_20h00m,0.0,0.0,0.0,0.0,0.0,0.0,0.0,0.0,0.0
58.csv_Day8_20h30m,0.0,0.0,0.0,0.0,0.0,0.0,0.0,0.0,0.0
58.csv_Day8_21h00m,0.0,0.0,0.0,0.0,0.0,0.0,0.0,0.0,0.0
58.csv_Day8_21h30m,0.0,0.0,0.0,0.0,0.0,0.0,0.0,0.0,0.0
58.csv_Day8_22h00m,0.0,0.0,0.0,0.0,0.0,0.0,0.0,0.0,0.0
58.csv_Day8_22h30m,0.0,0.0,0.0,0.0,0.0,0.0,0.0,0.0,0.0
58.csv_Day8_23h00m,0.0,0.0,0.0,0.0,0.0,0.0,0.0,0.0,0.0
58.csv_Day8_23h30m,0.0,0.0,0.0,0.0,0.0,0.0,0.0,0.0,0.0
59.csv_Day7_0h00m,0.0,0.0,0.0,0.0,0.0,0.0,0.0,0.0,0.0
59.csv_Day7_0h30m,0.0,0.0,0.0,0.0,0.0,0.0,0.0,0.0,0.0
59.csv_Day7_1h00m,0.0,0.0,0.0,0.0,0.0,0.0,0.0,0.0,0.0
59.csv_Day7_1h30m,0.0,0.0,0.0,0.0,0.0,0.0,0.0,0.0,0.0
59.csv_Day7_2h00m,0.0,0.0,0.0,0.0,0.0,0.0,0.0,0.0,0.0
59.csv_Day7_2h30m,0.0,0.0,0.0,0.0,0.0,0.0,0.0,0.0,0.0
59.csv_Day7_3h00m,0.0,0.0,0.0,0.0,0.0,0.0,0.0,0.0,0.0
59.csv_Day7_3h30m,0.0,0.0,0.0,0.0,0.0,0.0,0.0,0.0,0.0
59.csv_Day7_4h00m,0.0,0.0,0.0,0.0,0.0,0.0,0.0,0.0,0.0
59.csv_Day7_4h30m,0.0,0.0,0.0,0.0,0.0,0.0,0.0,0.0,0.0
59.csv_Day7_5h00m,0.0,0.0,0.0,0.0,0.0,0.0,0.0,0.0,0.0
59.csv_Day7_5h30m,0.0,0.0,0.0,1.149999976158142,1.5099999904632568,1.1299999952316284,0.9599999785423279,1.0399999618530273,0.05999999865889549
59.csv_Day7_6h00m,3.7200000286102295,3.4200000762939453,5.639999866485596,3.950000047683716,5.820000171661377,5.78000020980835,5.78000020980835,7.110000133514404,6.639999866485596
59.csv_Day7_6h30m,10.40999984741211,11.180000305175781,10.029999732971191,13.020000457763672,14.399999618530273,15.449999809265137,15.09000015258789,15.65999984741211,14.979999542236328
59.csv_Day7_7h00m,14.229999542236328,19.280000686645508,13.739999771118164,24.049999237060547,24.350000381469727,24.110000610351562,25.149999618530273,26.149999618530273,25.139999389648438
59.csv_Day7_7h30m,18.690000534057617,27.940000534057617,18.219999313354492,32.7400016784668,32.09000015258789,34.56999969482422,35.11000061035156,36.290000915527344,35.060001373291016
59.csv_Day7_8h00m,38.47999954223633,32.970001220703125,38.36000061035156,44.0,37.61000061035156,44.68000030517578,44.439998626708984,45.810001373291016,44.619998931884766
59.csv_Day7_8h30m,47.970001220703125,42.400001525878906,49.43000030517578,52.06999969482422,42.22999954223633,54.2400016784668,53.70000076293945,55.459999084472656,53.959999084472656
59.csv_Day7_9h00m,56.290000915527344,49.7400016784668,58.06999969482422,60.08000183105469,48.90999984741211,61.97999954223633,60.9900016784668,62.9900016784668,61.97999954223633
59.csv_Day7_9h30m,62.97999954223633,55.34000015258789,65.20999908447266,66.44999694824219,56.25,69.6500015258789,68.47000122070312,70.58000183105469,69.55000305175781
59.csv_Day7_10h00m,64.52999877929688,49.459999084472656,70.4000015258789,70.18000030517578,66.69999694824219,75.55999755859375,74.20999908447266,76.20999908447266,75.58999633789062
59.csv_Day7_10h30m,55.06999969482422,64.62999725341797,76.70999908447266,72.83999633789062,69.19000244140625,79.0999984741211,77.56999969482422,78.69999694824219,80.38999938964844
59.csv_Day7_11h00m,65.33999633789062,70.75,83.33000183105469,75.5199966430664,74.98999786376953,83.23999786376953,82.23999786376953,82.18000030517578,84.22000122070312
59.csv_Day7_11h30m,65.04000091552734,71.44000244140625,84.94999694824219,75.58999633789062,68.94000244140625,85.77999877929688,83.3499984741211,84.63999938964844,85.93000030517578
59.csv_Day7_12h00m,64.95999908447266,74.04000091552734,84.33999633789062,64.7699966430664,68.1500015258789,83.23999786376953,86.31999969482422,84.73999786376953,87.0199966430664
59.csv_Day7_12h30m,60.040000915527344,72.66000366210938,75.33999633789062,64.41000366210938,76.69000244140625,82.54000091552734,81.0999984741211,81.44999694824219,84.45999908447266
59.csv_Day7_13h00m,59.689998626708984,64.68000030517578,73.36000061035156,67.81999969482422,78.52999877929688,82.66000366210938,82.4800033569336,82.94999694824219,84.33999633789062
59.csv_Day7_13h30m,63.5,62.81999969482422,75.80000305175781,73.04000091552734,76.58000183105469,77.9800033569336,80.5199966430664,80.66000366210938,81.51000213623047
59.csv_Day7_14h00m,58.439998626708984,60.189998626708984,74.63999938964844,68.9800033569336,72.80999755859375,72.87999725341797,75.05999755859375,75.6500015258789,75.95999908447266
59.csv_Day7_14h30m,52.2400016784668,50.709999084472656,67.11000061035156,59.4900016784668,65.20999908447266,67.22000122070312,68.55000305175781,69.5999984741211,69.6500015258789
59.csv_Day7_15h00m,36.52000045776367,43.97999954223633,58.25,52.59000015258789,57.470001220703125,58.45000076293945,60.63999938964844,60.689998626708984,61.81999969482422
59.csv_Day7_15h30m,30.5,33.45000076293945,47.34000015258789,30.469999313354492,49.720001220703125,48.75,48.540000915527344,51.290000915527344,51.0
59.csv_Day7_16h00m,22.700000762939453,28.40999984741211,38.66999816894531,30.079999923706055,42.970001220703125,41.04999923706055,40.869998931884766,41.5099983215332,43.150001525878906
59.csv_Day7_16h30m,17.899999618530273,22.649999618530273,27.459999084472656,28.31999969482422,32.58000183105469,33.150001525878906,31.81999969482422,33.630001068115234,34.5
59.csv_Day7_17h00m,7.630000114440918,14.930000305175781,14.989999771118164,21.899999618530273,24.809999465942383,21.93000030517578,22.420000076293945,24.010000228881836,23.8799991607666
59.csv_Day7_17h30m,5.03000020980835,6.809999942779541,6.380000114440918,12.479999542236328,14.15999984741211,12.640000343322754,13.739999771118164,15.5,14.619999885559082
59.csv_Day7_18h00m,0.6499999761581421,1.590000033378601,1.7300000190734863,4.739999771118164,4.909999847412109,6.539999961853027,5.150000095367432,6.349999904632568,6.360000133514404
59.csv_Day7_18h30m,0.0,0.0,0.0,0.0,0.0,0.0,0.0,1.149999976158142,0.029999999329447746
59.csv_Day7_19h00m,0.0,0.0,0.0,0.0,0.0,0.0,0.0,0.0,0.0
59.csv_Day7_19h30m,0.0,0.0,0.0,0.0,0.0,0.0,0.0,0.0,0.0
59.csv_Day7_20h00m,0.0,0.0,0.0,0.0,0.0,0.0,0.0,0.0,0.0
59.csv_Day7_20h30m,0.0,0.0,0.0,0.0,0.0,0.0,0.0,0.0,0.0
59.csv_Day7_21h00m,0.0,0.0,0.0,0.0,0.0,0.0,0.0,0.0,0.0
59.csv_Day7_21h30m,0.0,0.0,0.0,0.0,0.0,0.0,0.0,0.0,0.0
59.csv_Day7_22h00m,0.0,0.0,0.0,0.0,0.0,0.0,0.0,0.0,0.0
59.csv_Day7_22h30m,0.0,0.0,0.0,0.0,0.0,0.0,0.0,0.0,0.0
59.csv_Day7_23h00m,0.0,0.0,0.0,0.0,0.0,0.0,0.0,0.0,0.0
59.csv_Day7_23h30m,0.0,0.0,0.0,0.0,0.0,0.0,0.0,0.0,0.0
59.csv_Day8_0h00m,0.0,0.0,0.0,0.0,0.0,0.0,0.0,0.0,0.0
59.csv_Day8_0h30m,0.0,0.0,0.0,0.0,0.0,0.0,0.0,0.0,0.0
59.csv_Day8_1h00m,0.0,0.0,0.0,0.0,0.0,0.0,0.0,0.0,0.0
59.csv_Day8_1h30m,0.0,0.0,0.0,0.0,0.0,0.0,0.0,0.0,0.0
59.csv_Day8_2h00m,0.0,0.0,0.0,0.0,0.0,0.0,0.0,0.0,0.0
59.csv_Day8_2h30m,0.0,0.0,0.0,0.0,0.0,0.0,0.0,0.0,0.0
59.csv_Day8_3h00m,0.0,0.0,0.0,0.0,0.0,0.0,0.0,0.0,0.0
59.csv_Day8_3h30m,0.0,0.0,0.0,0.0,0.0,0.0,0.0,0.0,0.0
59.csv_Day8_4h00m,0.0,0.0,0.0,0.0,0.0,0.0,0.0,0.0,0.0
59.csv_Day8_4h30m,0.0,0.0,0.0,0.0,0.0,0.0,0.0,0.0,0.0
59.csv_Day8_5h00m,0.0,0.0,0.0,0.0,0.0,0.0,0.0,0.0,0.0
59.csv_Day8_5h30m,0.0,0.0,0.0,1.1399999856948853,1.5099999904632568,0.8899999856948853,1.0099999904632568,0.5899999737739563,0.05999999865889549
59.csv_Day8_6h00m,3.299999952316284,3.440000057220459,4.159999847412109,3.9200000762939453,5.829999923706055,5.590000152587891,5.690000057220459,7.630000114440918,6.630000114440918
59.csv_Day8_6h30m,11.1899995803833,11.239999771118164,9.880000114440918,12.9399995803833,14.40999984741211,14.84000015258789,14.920000076293945,15.140000343322754,14.970000267028809
59.csv_Day8_7h00m,19.6200008392334,19.389999389648438,21.399999618530273,23.899999618530273,24.3700008392334,23.889999389648438,24.899999618530273,25.420000076293945,25.1299991607666
59.csv_Day8_7h30m,26.43000030517578,28.09000015258789,31.049999237060547,32.540000915527344,32.119998931884766,33.5099983215332,34.779998779296875,35.130001068115234,35.04999923706055
59.csv_Day8_8h00m,38.130001068115234,33.150001525878906,39.939998626708984,43.7400016784668,37.63999938964844,43.220001220703125,44.029998779296875,44.599998474121094,44.599998474121094
59.csv_Day8_8h30m,45.970001220703125,42.63999938964844,47.70000076293945,51.7599983215332,42.2599983215332,52.25,53.209999084472656,53.4900016784668,53.939998626708984
59.csv_Day8_9h00m,40.54999923706055,50.02000045776367,54.18000030517578,59.720001220703125,48.95000076293945,60.70000076293945,60.439998626708984,61.380001068115234,61.95000076293945
59.csv_Day8_9h30m,36.060001373291016,55.65999984741211,61.18000030517578,66.05000305175781,56.290000915527344,68.05999755859375,67.86000061035156,69.19999694824219,69.5199966430664
59.csv_Day8_10h00m,21.520000457763672,49.7400016784668,56.15999984741211,69.76000213623047,66.76000213623047,73.54000091552734,73.55000305175781,75.5199966430664,75.55999755859375
59.csv_Day8_10h30m,34.75,64.98999786376953,51.5099983215332,72.4000015258789,69.23999786376953,76.06999969482422,76.87999725341797,79.51000213623047,80.36000061035156
59.csv_Day8_11h00m,49.02000045776367,71.1500015258789,57.470001220703125,75.06999969482422,75.05000305175781,80.45999908447266,81.51000213623047,83.41000366210938,84.18000030517578
59.csv_Day8_11h30m,48.2599983215332,71.83999633789062,61.08000183105469,75.13999938964844,69.0,83.26000213623047,82.61000061035156,85.33999633789062,85.9000015258789
59.csv_Day8_12h00m,56.790000915527344,74.45999908447266,76.2300033569336,64.37999725341797,68.20999908447266,82.58999633789062,85.55999755859375,86.04000091552734,86.9800033569336
59.csv_Day8_12h30m,46.04999923706055,73.06999969482422,70.30000305175781,64.0199966430664,76.75,83.87999725341797,80.37000274658203,84.0,84.41999816894531
59.csv_Day8_13h00m,49.4900016784668,65.05000305175781,63.900001525878906,67.41000366210938,78.58999633789062,83.73999786376953,81.75,82.86000061035156,84.30999755859375
59.csv_Day8_13h30m,50.66999816894531,63.16999816894531,62.790000915527344,72.5999984741211,76.63999938964844,78.91999816894531,79.80999755859375,81.36000061035156,81.4800033569336
59.csv_Day8_14h00m,45.189998626708984,60.529998779296875,56.11000061035156,68.55999755859375,72.87000274658203,73.56999969482422,74.4000015258789,75.52999877929688,75.93000030517578
59.csv_Day8_14h30m,43.290000915527344,50.9900016784668,53.2400016784668,59.13999938964844,65.26000213623047,66.72000122070312,67.94000244140625,69.19000244140625,69.62000274658203
59.csv_Day8_15h00m,32.83000183105469,44.220001220703125,41.880001068115234,52.27000045776367,57.5099983215332,58.77000045776367,60.099998474121094,59.720001220703125,61.790000915527344
59.csv_Day8_15h30m,26.510000228881836,33.63999938964844,39.369998931884766,30.280000686645508,49.7599983215332,47.29999923706055,48.09000015258789,49.130001068115234,50.97999954223633
59.csv_Day8_16h00m,3.630000114440918,28.56999969482422,32.59000015258789,29.899999618530273,43.0,39.47999954223633,40.47999954223633,39.86000061035156,43.130001068115234
59.csv_Day8_16h30m,6.159999847412109,22.780000686645508,27.1299991607666,28.149999618530273,32.599998474121094,26.139999389648438,31.510000228881836,31.600000381469727,34.4900016784668
59.csv_Day8_17h00m,1.1100000143051147,15.010000228881836,13.229999542236328,21.770000457763672,24.829999923706055,19.8799991607666,22.309999465942383,22.489999771118164,23.8700008392334
59.csv_Day8_17h30m,1.1299999952316284,6.849999904632568,8.3100004196167,12.399999618530273,14.180000305175781,11.670000076293945,13.579999923706055,14.350000381469727,14.619999885559082
59.csv_Day8_18h00m,0.8100000023841858,1.600000023841858,2.049999952316284,4.710000038146973,4.920000076293945,5.829999923706055,5.059999942779541,5.809999942779541,6.349999904632568
59.csv_Day8_18h30m,0.0,0.0,0.0,0.0,0.0,0.0,0.0,0.6600000262260437,0.029999999329447746
59.csv_Day8_19h00m,0.0,0.0,0.0,0.0,0.0,0.0,0.0,0.0,0.0
59.csv_Day8_19h30m,0.0,0.0,0.0,0.0,0.0,0.0,0.0,0.0,0.0
59.csv_Day8_20h00m,0.0,0.0,0.0,0.0,0.0,0.0,0.0,0.0,0.0
59.csv_Day8_20h30m,0.0,0.0,0.0,0.0,0.0,0.0,0.0,0.0,0.0
59.csv_Day8_21h00m,0.0,0.0,0.0,0.0,0.0,0.0,0.0,0.0,0.0
59.csv_Day8_21h30m,0.0,0.0,0.0,0.0,0.0,0.0,0.0,0.0,0.0
59.csv_Day8_22h00m,0.0,0.0,0.0,0.0,0.0,0.0,0.0,0.0,0.0
59.csv_Day8_22h30m,0.0,0.0,0.0,0.0,0.0,0.0,0.0,0.0,0.0
59.csv_Day8_23h00m,0.0,0.0,0.0,0.0,0.0,0.0,0.0,0.0,0.0
59.csv_Day8_23h30m,0.0,0.0,0.0,0.0,0.0,0.0,0.0,0.0,0.0
60.csv_Day7_0h00m,0.0,0.0,0.0,0.0,0.0,0.0,0.0,0.0,0.0
60.csv_Day7_0h30m,0.0,0.0,0.0,0.0,0.0,0.0,0.0,0.0,0.0
60.csv_Day7_1h00m,0.0,0.0,0.0,0.0,0.0,0.0,0.0,0.0,0.0
60.csv_Day7_1h30m,0.0,0.0,0.0,0.0,0.0,0.0,0.0,0.0,0.0
60.csv_Day7_2h00m,0.0,0.0,0.0,0.0,0.0,0.0,0.0,0.0,0.0
60.csv_Day7_2h30m,0.0,0.0,0.0,0.0,0.0,0.0,0.0,0.0,0.0
60.csv_Day7_3h00m,0.0,0.0,0.0,0.0,0.0,0.0,0.0,0.0,0.0
60.csv_Day7_3h30m,0.0,0.0,0.0,0.0,0.0,0.0,0.0,0.0,0.0
60.csv_Day7_4h00m,0.0,0.0,0.0,0.0,0.0,0.0,0.0,0.0,0.0
60.csv_Day7_4h30m,0.0,0.0,0.0,0.0,0.0,0.0,0.0,0.0,0.0
60.csv_Day7_5h00m,0.0,0.0,0.0,0.0,0.0,0.0,0.0,0.0,0.0
60.csv_Day7_5h30m,0.0,0.0,0.0,0.0,0.0,0.0,0.0,0.0,0.0
60.csv_Day7_6h00m,0.0,0.0,0.0,1.3300000429153442,1.690000057220459,1.9600000381469727,2.0199999809265137,2.180000066757202,2.2200000286102295
60.csv_Day7_6h30m,4.889999866485596,4.010000228881836,7.070000171661377,8.670000076293945,7.460000038146973,8.399999618530273,10.359999656677246,10.039999961853027,10.09000015258789
60.csv_Day7_7h00m,6.440000057220459,5.400000095367432,13.829999923706055,11.119999885559082,16.290000915527344,18.170000076293945,18.809999465942383,17.959999084472656,18.700000762939453
60.csv_Day7_7h30m,13.359999656677246,7.630000114440918,23.65999984741211,10.800000190734863,26.81999969482422,29.459999084472656,28.09000015258789,30.010000228881836,30.110000610351562
60.csv_Day7_8h00m,20.829999923706055,8.289999961853027,34.72999954223633,21.610000610351562,34.959999084472656,39.130001068115234,38.619998931884766,36.900001525878906,40.599998474121094
60.csv_Day7_8h30m,4.760000228881836,8.270000457763672,35.34000015258789,25.229999542236328,43.720001220703125,47.209999084472656,46.68000030517578,43.619998931884766,48.66999816894531
60.csv_Day7_9h00m,19.610000610351562,36.61000061035156,52.650001525878906,48.52000045776367,53.36000061035156,52.70000076293945,54.86000061035156,51.93000030517578,55.630001068115234
60.csv_Day7_9h30m,57.040000915527344,58.38999938964844,55.16999816894531,53.75,63.0,61.130001068115234,62.22999954223633,62.59000015258789,67.1500015258789
60.csv_Day7_10h00m,60.20000076293945,62.91999816894531,71.23999786376953,65.11000061035156,65.97000122070312,67.58000183105469,67.23999786376953,72.11000061035156,72.73999786376953
60.csv_Day7_10h30m,73.94000244140625,68.68000030517578,76.51000213623047,65.5199966430664,76.11000061035156,73.20999908447266,73.30999755859375,75.11000061035156,78.16000366210938
60.csv_Day7_11h00m,80.29000091552734,77.0999984741211,82.48999786376953,72.51000213623047,85.43000030517578,79.16999816894531,81.3499984741211,81.33999633789062,84.68000030517578
60.csv_Day7_11h30m,83.37999725341797,73.44000244140625,84.29000091552734,71.25,85.76000213623047,79.86000061035156,81.94000244140625,80.9000015258789,85.91000366210938
60.csv_Day7_12h00m,78.62999725341797,64.23999786376953,82.25,70.37999725341797,85.04000091552734,69.87999725341797,83.30999755859375,81.01000213623047,86.97000122070312
60.csv_Day7_12h30m,63.20000076293945,66.80000305175781,78.08999633789062,82.08000183105469,81.63999938964844,73.05999755859375,80.4000015258789,78.29000091552734,85.9800033569336
60.csv_Day7_13h00m,61.40999984741211,68.18000030517578,78.19000244140625,80.47000122070312,80.45999908447266,71.31999969482422,79.41000366210938,76.8499984741211,84.48999786376953
60.csv_Day7_13h30m,55.36000061035156,65.04000091552734,72.9000015258789,76.66000366210938,76.13999938964844,70.80000305175781,77.16999816894531,71.55000305175781,80.30999755859375
60.csv_Day7_14h00m,51.77000045776367,48.279998779296875,71.05000305175781,68.66000366210938,74.58999633789062,70.70999908447266,73.30999755859375,68.29000091552734,75.62999725341797
60.csv_Day7_14h30m,45.869998931884766,48.2599983215332,65.41000366210938,62.779998779296875,67.06999969482422,63.650001525878906,70.0,67.4000015258789,69.7300033569336
60.csv_Day7_15h00m,36.33000183105469,19.3799991607666,51.43000030517578,48.34000015258789,53.849998474121094,52.9900016784668,59.63999938964844,56.47999954223633,56.79999923706055
60.csv_Day7_15h30m,30.360000610351562,27.34000015258789,43.810001373291016,17.18000030517578,48.36000061035156,45.02000045776367,53.08000183105469,46.790000915527344,47.4900016784668
60.csv_Day7_16h00m,30.18000030517578,22.889999389648438,37.43000030517578,20.719999313354492,40.970001220703125,39.88999938964844,44.58000183105469,38.150001525878906,42.119998931884766
60.csv_Day7_16h30m,22.0,17.510000228881836,24.329999923706055,16.719999313354492,36.560001373291016,29.270000457763672,32.130001068115234,30.3700008392334,32.060001373291016
60.csv_Day7_17h00m,8.8100004196167,13.720000267028809,12.210000038146973,9.3100004196167,19.690000534057617,19.639999389648438,19.540000915527344,23.139999389648438,21.950000762939453
60.csv_Day7_17h30m,4.539999961853027,5.590000152587891,5.400000095367432,5.289999961853027,10.84000015258789,11.420000076293945,12.170000076293945,14.229999542236328,12.739999771118164
60.csv_Day7_18h00m,0.0,0.7699999809265137,1.559999942779541,2.259999990463257,2.430000066757202,3.3299999237060547,3.2100000381469727,5.460000038146973,4.559999942779541
60.csv_Day7_18h30m,0.0,0.0,0.0,0.0,0.0,0.0,0.0,0.0,0.0
60.csv_Day7_19h00m,0.0,0.0,0.0,0.0,0.0,0.0,0.0,0.0,0.0
60.csv_Day7_19h30m,0.0,0.0,0.0,0.0,0.0,0.0,0.0,0.0,0.0
60.csv_Day7_20h00m,0.0,0.0,0.0,0.0,0.0,0.0,0.0,0.0,0.0
60.csv_Day7_20h30m,0.0,0.0,0.0,0.0,0.0,0.0,0.0,0.0,0.0
60.csv_Day7_21h00m,0.0,0.0,0.0,0.0,0.0,0.0,0.0,0.0,0.0
60.csv_Day7_21h30m,0.0,0.0,0.0,0.0,0.0,0.0,0.0,0.0,0.0
60.csv_Day7_22h00m,0.0,0.0,0.0,0.0,0.0,0.0,0.0,0.0,0.0
60.csv_Day7_22h30m,0.0,0.0,0.0,0.0,0.0,0.0,0.0,0.0,0.0
60.csv_Day7_23h00m,0.0,0.0,0.0,0.0,0.0,0.0,0.0,0.0,0.0
60.csv_Day7_23h30m,0.0,0.0,0.0,0.0,0.0,0.0,0.0,0.0,0.0
60.csv_Day8_0h00m,0.0,0.0,0.0,0.0,0.0,0.0,0.0,0.0,0.0
60.csv_Day8_0h30m,0.0,0.0,0.0,0.0,0.0,0.0,0.0,0.0,0.0
60.csv_Day8_1h00m,0.0,0.0,0.0,0.0,0.0,0.0,0.0,0.0,0.0
60.csv_Day8_1h30m,0.0,0.0,0.0,0.0,0.0,0.0,0.0,0.0,0.0
60.csv_Day8_2h00m,0.0,0.0,0.0,0.0,0.0,0.0,0.0,0.0,0.0
60.csv_Day8_2h30m,0.0,0.0,0.0,0.0,0.0,0.0,0.0,0.0,0.0
60.csv_Day8_3h00m,0.0,0.0,0.0,0.0,0.0,0.0,0.0,0.0,0.0
60.csv_Day8_3h30m,0.0,0.0,0.0,0.0,0.0,0.0,0.0,0.0,0.0
60.csv_Day8_4h00m,0.0,0.0,0.0,0.0,0.0,0.0,0.0,0.0,0.0
60.csv_Day8_4h30m,0.0,0.0,0.0,0.0,0.0,0.0,0.0,0.0,0.0
60.csv_Day8_5h00m,0.0,0.0,0.0,0.0,0.0,0.0,0.0,0.0,0.0
60.csv_Day8_5h30m,0.0,0.0,0.0,0.0,0.0,0.0,0.0,0.0,0.0
60.csv_Day8_6h00m,0.0,0.0,0.0,1.3200000524520874,1.690000057220459,2.240000009536743,2.009999990463257,2.319999933242798,2.2200000286102295
60.csv_Day8_6h30m,3.4800000190734863,4.03000020980835,5.900000095367432,8.619999885559082,7.46999979019165,8.65999984741211,10.229999542236328,9.729999542236328,10.09000015258789
60.csv_Day8_7h00m,6.099999904632568,5.429999828338623,11.5,11.050000190734863,16.299999237060547,16.040000915527344,18.610000610351562,19.850000381469727,18.690000534057617
60.csv_Day8_7h30m,6.329999923706055,7.670000076293945,11.770000457763672,10.739999771118164,26.84000015258789,25.8799991607666,27.81999969482422,29.969999313354492,30.100000381469727
60.csv_Day8_8h00m,10.859999656677246,8.329999923706055,18.020000457763672,21.479999542236328,34.97999954223633,36.41999816894531,38.25,37.27000045776367,40.59000015258789
60.csv_Day8_8h30m,21.559999465942383,8.319999694824219,41.52000045776367,25.079999923706055,43.7599983215332,41.59000015258789,46.2400016784668,43.88999938964844,48.650001525878906
60.csv_Day8_9h00m,33.349998474121094,36.810001373291016,36.02000045776367,48.22999954223633,53.400001525878906,49.68000030517578,54.36000061035156,52.15999984741211,55.61000061035156
60.csv_Day8_9h30m,45.29999923706055,58.720001220703125,60.970001220703125,53.43000030517578,63.04999923706055,63.91999816894531,61.66999816894531,66.45999908447266,67.12000274658203
60.csv_Day8_10h00m,57.15999984741211,63.27000045776367,70.27999877929688,64.70999908447266,66.0199966430664,69.5199966430664,66.63999938964844,73.51000213623047,72.69999694824219
60.csv_Day8_10h30m,40.54999923706055,69.05999755859375,72.72000122070312,65.12000274658203,76.16999816894531,71.81999969482422,72.6500015258789,74.3499984741211,78.12999725341797
60.csv_Day8_11h00m,41.95000076293945,77.52999877929688,76.41999816894531,72.08000183105469,85.5,59.84000015258789,80.62999725341797,81.06999969482422,84.63999938964844
60.csv_Day8_11h30m,55.16999816894531,73.8499984741211,77.9000015258789,70.81999969482422,85.81999969482422,77.05000305175781,81.20999908447266,81.91999816894531,85.87999725341797
60.csv_Day8_12h00m,73.2699966430664,64.61000061035156,78.62000274658203,69.95999908447266,85.0999984741211,75.31999969482422,82.56999969482422,82.76000213623047,86.93000030517578
60.csv_Day8_12h30m,63.02000045776367,67.18000030517578,72.9000015258789,81.58000183105469,81.69999694824219,77.5999984741211,79.69000244140625,80.83000183105469,85.94000244140625
60.csv_Day8_13h00m,63.72999954223633,68.56999969482422,73.48999786376953,79.98999786376953,80.5199966430664,77.20999908447266,78.70999908447266,80.37999725341797,84.44999694824219
60.csv_Day8_13h30m,55.95000076293945,65.41000366210938,70.83999633789062,76.19999694824219,76.19999694824219,73.2300033569336,76.4800033569336,75.31999969482422,80.27999877929688
60.csv_Day8_14h00m,46.08000183105469,48.54999923706055,70.5,68.23999786376953,74.6500015258789,71.26000213623047,72.66000366210938,72.25,75.58999633789062
60.csv_Day8_14h30m,49.27000045776367,48.529998779296875,67.66000366210938,62.400001525878906,67.12000274658203,67.87999725341797,69.37999725341797,70.62999725341797,69.69000244140625
60.csv_Day8_15h00m,39.72999954223633,19.489999771118164,55.90999984741211,48.04999923706055,53.88999938964844,56.630001068115234,61.540000915527344,60.11000061035156,56.77000045776367
60.csv_Day8_15h30m,33.099998474121094,27.5,46.45000076293945,17.079999923706055,48.38999938964844,48.369998931884766,54.72999954223633,50.459999084472656,47.470001220703125
60.csv_Day8_16h00m,30.829999923706055,23.020000457763672,38.349998474121094,20.600000381469727,41.0,42.2599983215332,44.16999816894531,40.029998779296875,42.11000061035156
60.csv_Day8_16h30m,23.489999771118164,17.610000610351562,28.360000610351562,16.6200008392334,36.59000015258789,32.0099983215332,31.81999969482422,32.84000015258789,32.04999923706055
60.csv_Day8_17h00m,9.9399995803833,13.800000190734863,4.340000152587891,9.25,19.709999084472656,17.690000534057617,19.34000015258789,23.420000076293945,21.940000534057617
60.csv_Day8_17h30m,5.150000095367432,5.630000114440918,3.7899999618530273,5.260000228881836,10.850000381469727,9.079999923706055,12.029999732971191,14.850000381469727,12.739999771118164
60.csv_Day8_18h00m,0.0,0.7699999809265137,1.7300000190734863,2.25,2.440000057220459,3.2100000381469727,3.200000047683716,4.929999828338623,4.559999942779541
60.csv_Day8_18h30m,0.0,0.0,0.0,0.0,0.0,0.0,0.0,0.0,0.0
60.csv_Day8_19h00m,0.0,0.0,0.0,0.0,0.0,0.0,0.0,0.0,0.0
60.csv_Day8_19h30m,0.0,0.0,0.0,0.0,0.0,0.0,0.0,0.0,0.0
60.csv_Day8_20h00m,0.0,0.0,0.0,0.0,0.0,0.0,0.0,0.0,0.0
60.csv_Day8_20h30m,0.0,0.0,0.0,0.0,0.0,0.0,0.0,0.0,0.0
60.csv_Day8_21h00m,0.0,0.0,0.0,0.0,0.0,0.0,0.0,0.0,0.0
60.csv_Day8_21h30m,0.0,0.0,0.0,0.0,0.0,0.0,0.0,0.0,0.0
60.csv_Day8_22h00m,0.0,0.0,0.0,0.0,0.0,0.0,0.0,0.0,0.0
60.csv_Day8_22h30m,0.0,0.0,0.0,0.0,0.0,0.0,0.0,0.0,0.0
60.csv_Day8_23h00m,0.0,0.0,0.0,0.0,0.0,0.0,0.0,0.0,0.0
60.csv_Day8_23h30m,0.0,0.0,0.0,0.0,0.0,0.0,0.0,0.0,0.0
61.csv_Day7_0h00m,0.0,0.0,0.0,0.0,0.0,0.0,0.0,0.0,0.0
61.csv_Day7_0h30m,0.0,0.0,0.0,0.0,0.0,0.0,0.0,0.0,0.0
61.csv_Day7_1h00m,0.0,0.0,0.0,0.0,0.0,0.0,0.0,0.0,0.0
61.csv_Day7_1h30m,0.0,0.0,0.0,0.0,0.0,0.0,0.0,0.0,0.0
61.csv_Day7_2h00m,0.0,0.0,0.0,0.0,0.0,0.0,0.0,0.0,0.0
61.csv_Day7_2h30m,0.0,0.0,0.0,0.0,0.0,0.0,0.0,0.0,0.0
61.csv_Day7_3h00m,0.0,0.0,0.0,0.0,0.0,0.0,0.0,0.0,0.0
61.csv_Day7_3h30m,0.0,0.0,0.0,0.0,0.0,0.0,0.0,0.0,0.0
61.csv_Day7_4h00m,0.0,0.0,0.0,0.0,0.0,0.0,0.0,0.0,0.0
61.csv_Day7_4h30m,0.0,0.0,0.0,0.0,0.0,0.0,0.0,0.0,0.0
61.csv_Day7_5h00m,0.0,0.0,0.0,0.0,0.0,0.0,0.0,0.0,0.0
61.csv_Day7_5h30m,1.6100000143051147,1.5700000524520874,2.1600000858306885,3.180000066757202,3.430000066757202,4.050000190734863,4.760000228881836,4.019999980926514,4.519999980926514
61.csv_Day7_6h00m,7.099999904632568,6.670000076293945,9.289999961853027,9.729999542236328,10.5600004196167,11.25,12.359999656677246,12.100000381469727,12.760000228881836
61.csv_Day7_6h30m,10.4399995803833,11.779999732971191,16.989999771118164,17.540000915527344,17.739999771118164,20.1299991607666,20.829999923706055,21.0,21.540000915527344
61.csv_Day7_7h00m,16.420000076293945,18.950000762939453,27.770000457763672,23.6299991607666,26.809999465942383,28.68000030517578,30.149999618530273,30.239999771118164,31.360000610351562
61.csv_Day7_7h30m,23.93000030517578,29.920000076293945,37.459999084472656,31.8700008392334,33.869998931884766,37.70000076293945,39.41999816894531,39.869998931884766,40.810001373291016
61.csv_Day7_8h00m,32.7599983215332,33.36000061035156,37.88999938964844,17.510000228881836,32.18000030517578,46.65999984741211,48.2599983215332,48.22999954223633,49.439998626708984
61.csv_Day7_8h30m,38.970001220703125,43.630001068115234,35.709999084472656,30.950000762939453,49.95000076293945,54.70000076293945,57.08000183105469,57.900001525878906,58.0099983215332
61.csv_Day7_9h00m,41.5,41.5099983215332,25.860000610351562,43.630001068115234,55.220001220703125,56.400001525878906,65.19000244140625,64.7699966430664,65.63999938964844
61.csv_Day7_9h30m,43.93000030517578,35.349998474121094,50.060001373291016,58.58000183105469,58.290000915527344,56.97999954223633,72.76000213623047,72.3499984741211,72.69000244140625
61.csv_Day7_10h00m,35.34000015258789,32.68000030517578,62.11000061035156,67.56999969482422,66.87999725341797,42.060001373291016,79.43000030517578,78.3499984741211,79.94999694824219
61.csv_Day7_10h30m,37.970001220703125,42.13999938964844,62.7599983215332,69.91999816894531,70.26000213623047,41.630001068115234,84.29000091552734,83.30000305175781,84.47000122070312
61.csv_Day7_11h00m,36.810001373291016,44.16999816894531,57.849998474121094,42.0099983215332,58.650001525878906,32.7400016784668,86.23999786376953,84.37999725341797,86.9000015258789
61.csv_Day7_11h30m,43.209999084472656,45.130001068115234,62.130001068115234,66.66999816894531,72.93000030517578,46.90999984741211,90.27999877929688,86.31999969482422,92.0199966430664
61.csv_Day7_12h00m,61.209999084472656,58.2400016784668,76.44999694824219,69.5199966430664,72.73999786376953,53.33000183105469,91.06999969482422,86.61000061035156,92.27999877929688
61.csv_Day7_12h30m,53.119998931884766,49.43000030517578,63.43000030517578,59.5099983215332,75.91999816894531,57.900001525878906,90.1500015258789,85.0,90.23999786376953
61.csv_Day7_13h00m,54.9900016784668,49.689998626708984,61.540000915527344,59.41999816894531,74.12000274658203,44.88999938964844,90.87999725341797,86.06999969482422,90.38999938964844
61.csv_Day7_13h30m,47.09000015258789,42.18000030517578,66.55000305175781,53.459999084472656,57.38999938964844,60.380001068115234,81.06999969482422,79.11000061035156,84.18000030517578
61.csv_Day7_14h00m,38.599998474121094,37.939998626708984,59.0099983215332,48.959999084472656,46.77000045776367,70.4000015258789,77.19000244140625,76.91999816894531,79.81999969482422
61.csv_Day7_14h30m,34.70000076293945,28.530000686645508,53.4900016784668,37.849998474121094,41.9900016784668,66.4800033569336,69.26000213623047,70.19999694824219,74.37000274658203
61.csv_Day7_15h00m,30.020000457763672,12.5600004196167,45.209999084472656,11.010000228881836,31.030000686645508,60.97999954223633,60.369998931884766,63.36000061035156,68.45999908447266
61.csv_Day7_15h30m,25.440000534057617,6.440000057220459,36.029998779296875,1.7799999713897705,25.709999084472656,51.36000061035156,54.54999923706055,57.290000915527344,61.5
61.csv_Day7_16h00m,22.440000534057617,2.059999942779541,30.149999618530273,1.8799999952316284,18.770000457763672,44.630001068115234,49.09000015258789,49.93000030517578,52.84000015258789
61.csv_Day7_16h30m,7.519999980926514,1.8200000524520874,16.81999969482422,5.019999980926514,16.079999923706055,29.75,41.2599983215332,41.88999938964844,43.45000076293945
61.csv_Day7_17h00m,4.650000095367432,1.8899999856948853,10.630000114440918,3.869999885559082,13.289999961853027,27.65999984741211,31.389999389648438,33.5,34.29999923706055
61.csv_Day7_17h30m,6.590000152587891,4.670000076293945,7.46999979019165,7.25,14.100000381469727,21.8700008392334,21.65999984741211,23.440000534057617,23.739999771118164
61.csv_Day7_18h00m,3.200000047683716,7.860000133514404,9.430000305175781,8.460000038146973,13.300000190734863,14.729999542236328,16.899999618530273,14.899999618530273,16.1299991607666
61.csv_Day7_18h30m,0.6200000047683716,3.130000114440918,4.090000152587891,5.010000228881836,10.1899995803833,7.019999980926514,8.229999542236328,6.869999885559082,7.630000114440918
61.csv_Day7_19h00m,0.0,0.0,0.0,0.0,0.0,0.0,1.159999966621399,1.4800000190734863,1.4800000190734863
61.csv_Day7_19h30m,0.0,0.0,0.0,0.0,0.0,0.0,0.0,0.0,0.0
61.csv_Day7_20h00m,0.0,0.0,0.0,0.0,0.0,0.0,0.0,0.0,0.0
61.csv_Day7_20h30m,0.0,0.0,0.0,0.0,0.0,0.0,0.0,0.0,0.0
61.csv_Day7_21h00m,0.0,0.0,0.0,0.0,0.0,0.0,0.0,0.0,0.0
61.csv_Day7_21h30m,0.0,0.0,0.0,0.0,0.0,0.0,0.0,0.0,0.0
61.csv_Day7_22h00m,0.0,0.0,0.0,0.0,0.0,0.0,0.0,0.0,0.0
61.csv_Day7_22h30m,0.0,0.0,0.0,0.0,0.0,0.0,0.0,0.0,0.0
61.csv_Day7_23h00m,0.0,0.0,0.0,0.0,0.0,0.0,0.0,0.0,0.0
61.csv_Day7_23h30m,0.0,0.0,0.0,0.0,0.0,0.0,0.0,0.0,0.0
61.csv_Day8_0h00m,0.0,0.0,0.0,0.0,0.0,0.0,0.0,0.0,0.0
61.csv_Day8_0h30m,0.0,0.0,0.0,0.0,0.0,0.0,0.0,0.0,0.0
61.csv_Day8_1h00m,0.0,0.0,0.0,0.0,0.0,0.0,0.0,0.0,0.0
61.csv_Day8_1h30m,0.0,0.0,0.0,0.0,0.0,0.0,0.0,0.0,0.0
61.csv_Day8_2h00m,0.0,0.0,0.0,0.0,0.0,0.0,0.0,0.0,0.0
61.csv_Day8_2h30m,0.0,0.0,0.0,0.0,0.0,0.0,0.0,0.0,0.0
61.csv_Day8_3h00m,0.0,0.0,0.0,0.0,0.0,0.0,0.0,0.0,0.0
61.csv_Day8_3h30m,0.0,0.0,0.0,0.0,0.0,0.0,0.0,0.0,0.0
61.csv_Day8_4h00m,0.0,0.0,0.0,0.0,0.0,0.0,0.0,0.0,0.0
61.csv_Day8_4h30m,0.0,0.0,0.0,0.0,0.0,0.0,0.0,0.0,0.0
61.csv_Day8_5h00m,0.0,0.0,0.0,0.0,0.0,0.0,0.0,0.0,0.0
61.csv_Day8_5h30m,0.9100000262260437,1.5800000429153442,1.2699999809265137,3.1600000858306885,3.430000066757202,3.8499999046325684,4.690000057220459,3.869999885559082,4.519999980926514
61.csv_Day8_6h00m,6.929999828338623,6.710000038146973,8.579999923706055,9.670000076293945,10.569999694824219,11.0600004196167,12.220000267028809,11.6899995803833,12.760000228881836
61.csv_Day8_6h30m,12.180000305175781,11.84000015258789,14.079999923706055,17.440000534057617,17.75,19.3799991607666,20.6200008392334,19.979999542236328,21.530000686645508
61.csv_Day8_7h00m,18.65999984741211,19.059999465942383,26.790000915527344,23.489999771118164,26.829999923706055,27.889999389648438,29.860000610351562,29.479999542236328,31.34000015258789
61.csv_Day8_7h30m,28.780000686645508,30.09000015258789,38.099998474121094,31.68000030517578,33.900001525878906,36.08000183105469,39.04999923706055,38.65999984741211,40.79999923706055
61.csv_Day8_8h00m,33.689998626708984,33.54999923706055,41.720001220703125,17.40999984741211,32.20000076293945,43.33000183105469,47.81999969482422,47.939998626708984,49.41999816894531
61.csv_Day8_8h30m,38.56999969482422,43.880001068115234,52.15999984741211,30.770000457763672,49.9900016784668,55.09000015258789,56.56999969482422,57.209999084472656,57.97999954223633
61.csv_Day8_9h00m,33.599998474121094,41.7400016784668,56.08000183105469,43.369998931884766,55.27000045776367,64.12999725341797,64.5999984741211,65.1500015258789,65.61000061035156
61.csv_Day8_9h30m,36.18000030517578,35.54999923706055,61.7400016784668,58.22999954223633,58.33000183105469,70.37000274658203,72.11000061035156,72.52999877929688,72.66000366210938
61.csv_Day8_10h00m,21.149999618530273,32.86000061035156,66.7699966430664,67.16000366210938,66.93000030517578,79.47000122070312,78.7300033569336,78.31999969482422,79.91999816894531
61.csv_Day8_10h30m,26.059999465942383,42.380001068115234,70.66000366210938,69.5,70.30999755859375,82.69999694824219,83.54000091552734,83.19000244140625,84.43000030517578
61.csv_Day8_11h00m,38.279998779296875,44.41999816894531,64.70999908447266,41.7599983215332,58.70000076293945,82.41000366210938,85.4800033569336,85.87000274658203,86.87000274658203
61.csv_Day8_11h30m,32.84000015258789,45.380001068115234,70.76000213623047,66.2699966430664,72.98999786376953,87.11000061035156,89.4800033569336,88.44000244140625,91.9800033569336
61.csv_Day8_12h00m,50.06999969482422,58.56999969482422,55.16999816894531,69.0999984741211,72.79000091552734,85.5999984741211,90.2699966430664,90.0,92.23999786376953
61.csv_Day8_12h30m,34.47999954223633,49.709999084472656,72.1500015258789,59.150001525878906,75.9800033569336,86.16999816894531,89.36000061035156,86.0999984741211,90.19999694824219
61.csv_Day8_13h00m,39.4900016784668,49.970001220703125,69.04000091552734,59.060001373291016,74.18000030517578,83.91999816894531,90.08000183105469,88.7699966430664,90.3499984741211
61.csv_Day8_13h30m,28.15999984741211,42.40999984741211,66.91999816894531,53.130001068115234,57.439998626708984,79.33000183105469,80.3499984741211,80.18000030517578,84.1500015258789
61.csv_Day8_14h00m,30.93000030517578,38.150001525878906,63.41999816894531,48.66999816894531,46.79999923706055,77.25,76.51000213623047,77.2300033569336,79.79000091552734
61.csv_Day8_14h30m,19.670000076293945,28.690000534057617,56.02000045776367,37.619998931884766,42.02000045776367,71.02999877929688,68.63999938964844,70.73999786376953,74.33999633789062
61.csv_Day8_15h00m,9.579999923706055,12.630000114440918,47.33000183105469,10.9399995803833,31.059999465942383,63.66999816894531,59.81999969482422,63.40999984741211,68.43000030517578
61.csv_Day8_15h30m,9.270000457763672,6.46999979019165,40.689998626708984,1.7699999809265137,25.729999542236328,54.54999923706055,54.04999923706055,57.290000915527344,61.470001220703125
61.csv_Day8_16h00m,11.390000343322754,2.069999933242798,34.59000015258789,1.8700000047683716,18.790000915527344,44.880001068115234,48.63999938964844,49.689998626708984,52.81999969482422
61.csv_Day8_16h30m,5.800000190734863,1.8300000429153442,30.200000762939453,4.989999771118164,16.09000015258789,31.360000610351562,40.869998931884766,41.709999084472656,43.43000030517578
61.csv_Day8_17h00m,4.880000114440918,1.899999976158142,24.239999771118164,3.8499999046325684,13.300000190734863,20.510000228881836,31.079999923706055,32.95000076293945,34.290000915527344
61.csv_Day8_17h30m,0.05000000074505806,4.699999809265137,14.550000190734863,7.199999809265137,14.109999656677246,17.18000030517578,21.440000534057617,22.43000030517578,23.729999542236328
61.csv_Day8_18h00m,0.14000000059604645,7.900000095367432,11.1899995803833,8.40999984741211,13.3100004196167,13.800000190734863,16.719999313354492,14.210000038146973,16.1200008392334
61.csv_Day8_18h30m,0.2199999988079071,3.1500000953674316,5.690000057220459,4.980000019073486,10.1899995803833,6.349999904632568,8.109999656677246,7.260000228881836,7.630000114440918
61.csv_Day8_19h00m,0.0,0.0,0.0,0.0,0.0,0.0,1.2200000286102295,1.1799999475479126,1.4800000190734863
61.csv_Day8_19h30m,0.0,0.0,0.0,0.0,0.0,0.0,0.0,0.0,0.0
61.csv_Day8_20h00m,0.0,0.0,0.0,0.0,0.0,0.0,0.0,0.0,0.0
61.csv_Day8_20h30m,0.0,0.0,0.0,0.0,0.0,0.0,0.0,0.0,0.0
61.csv_Day8_21h00m,0.0,0.0,0.0,0.0,0.0,0.0,0.0,0.0,0.0
61.csv_Day8_21h30m,0.0,0.0,0.0,0.0,0.0,0.0,0.0,0.0,0.0
61.csv_Day8_22h00m,0.0,0.0,0.0,0.0,0.0,0.0,0.0,0.0,0.0
61.csv_Day8_22h30m,0.0,0.0,0.0,0.0,0.0,0.0,0.0,0.0,0.0
61.csv_Day8_23h00m,0.0,0.0,0.0,0.0,0.0,0.0,0.0,0.0,0.0
61.csv_Day8_23h30m,0.0,0.0,0.0,0.0,0.0,0.0,0.0,0.0,0.0
62.csv_Day7_0h00m,0.0,0.0,0.0,0.0,0.0,0.0,0.0,0.0,0.0
62.csv_Day7_0h30m,0.0,0.0,0.0,0.0,0.0,0.0,0.0,0.0,0.0
62.csv_Day7_1h00m,0.0,0.0,0.0,0.0,0.0,0.0,0.0,0.0,0.0
62.csv_Day7_1h30m,0.0,0.0,0.0,0.0,0.0,0.0,0.0,0.0,0.0
62.csv_Day7_2h00m,0.0,0.0,0.0,0.0,0.0,0.0,0.0,0.0,0.0
62.csv_Day7_2h30m,0.0,0.0,0.0,0.0,0.0,0.0,0.0,0.0,0.0
62.csv_Day7_3h00m,0.0,0.0,0.0,0.0,0.0,0.0,0.0,0.0,0.0
62.csv_Day7_3h30m,0.0,0.0,0.0,0.0,0.0,0.0,0.0,0.0,0.0
62.csv_Day7_4h00m,0.0,0.0,0.0,0.0,0.0,0.0,0.0,0.0,0.0
62.csv_Day7_4h30m,0.0,0.0,0.0,0.0,0.0,0.0,0.0,0.0,0.0
62.csv_Day7_5h00m,0.5199999809265137,2.140000104904175,0.8600000143051147,2.7100000381469727,2.619999885559082,3.759999990463257,3.180000066757202,3.450000047683716,3.690000057220459
62.csv_Day7_5h30m,5.539999961853027,3.549999952316284,7.519999980926514,8.15999984741211,10.09000015258789,8.039999961853027,9.449999809265137,10.800000190734863,10.390000343322754
62.csv_Day7_6h00m,6.300000190734863,4.199999809265137,12.930000305175781,15.390000343322754,15.84000015258789,16.3700008392334,17.43000030517578,18.329999923706055,18.6200008392334
62.csv_Day7_6h30m,9.449999809265137,4.739999771118164,11.210000038146973,22.719999313354492,21.469999313354492,25.110000610351562,27.239999771118164,28.209999084472656,27.90999984741211
62.csv_Day7_7h00m,18.93000030517578,6.099999904632568,9.0,30.8799991607666,35.61000061035156,34.720001220703125,37.349998474121094,37.560001373291016,37.720001220703125
62.csv_Day7_7h30m,23.65999984741211,7.019999980926514,13.300000190734863,38.380001068115234,45.16999816894531,43.5099983215332,47.709999084472656,47.2599983215332,47.400001525878906
62.csv_Day7_8h00m,22.709999084472656,10.930000305175781,37.189998626708984,39.720001220703125,56.310001373291016,53.630001068115234,56.849998474121094,55.97999954223633,56.470001220703125
62.csv_Day7_8h30m,32.29999923706055,15.029999732971191,52.540000915527344,38.959999084472656,63.720001220703125,61.56999969482422,65.9800033569336,64.25,65.30000305175781
62.csv_Day7_9h00m,47.970001220703125,31.610000610351562,62.290000915527344,29.56999969482422,71.5199966430664,69.29000091552734,72.9000015258789,71.56999969482422,72.63999938964844
62.csv_Day7_9h30m,26.559999465942383,39.0099983215332,65.56999969482422,25.739999771118164,75.66000366210938,77.2300033569336,79.33999633789062,77.80000305175781,79.5
62.csv_Day7_10h00m,61.880001068115234,67.3499984741211,78.25,68.8499984741211,83.0,84.27999877929688,85.37000274658203,85.7300033569336,85.54000091552734
62.csv_Day7_10h30m,53.52000045776367,69.91000366210938,82.58999633789062,71.58000183105469,90.61000061035156,89.2300033569336,92.25,92.25,91.4000015258789
62.csv_Day7_11h00m,43.720001220703125,70.73999786376953,85.33000183105469,75.30000305175781,92.68000030517578,92.66999816894531,94.06999969482422,94.5199966430664,93.94000244140625
62.csv_Day7_11h30m,31.329999923706055,74.16999816894531,86.19000244140625,75.13999938964844,93.1500015258789,95.29000091552734,96.44000244140625,96.4000015258789,95.02999877929688
62.csv_Day7_12h00m,36.880001068115234,76.7699966430664,82.30000305175781,80.3499984741211,86.91999816894531,92.9000015258789,95.87999725341797,95.83000183105469,95.12000274658203
62.csv_Day7_12h30m,43.2599983215332,73.98999786376953,81.45999908447266,80.91999816894531,78.0999984741211,91.5199966430664,94.47000122070312,94.12999725341797,92.55000305175781
62.csv_Day7_13h00m,46.90999984741211,75.2300033569336,82.75,77.87999725341797,79.19000244140625,89.27999877929688,90.80000305175781,89.4800033569336,87.26000213623047
62.csv_Day7_13h30m,47.349998474121094,74.63999938964844,80.22000122070312,77.66999816894531,78.43000030517578,87.62000274658203,88.0,86.38999938964844,85.69999694824219
62.csv_Day7_14h00m,49.33000183105469,69.80999755859375,76.16000366210938,72.66999816894531,74.45999908447266,81.69000244140625,79.8499984741211,81.73999786376953,83.87000274658203
62.csv_Day7_14h30m,52.380001068115234,64.69000244140625,75.79000091552734,70.5999984741211,72.4000015258789,78.91999816894531,78.4800033569336,77.97000122070312,76.58000183105469
62.csv_Day7_15h00m,44.060001373291016,58.86000061035156,65.30000305175781,62.90999984741211,63.11000061035156,68.05999755859375,70.29000091552734,68.94999694824219,69.75
62.csv_Day7_15h30m,43.459999084472656,53.81999969482422,59.709999084472656,60.720001220703125,58.93000030517578,63.869998931884766,65.45999908447266,62.0,64.73999786376953
62.csv_Day7_16h00m,45.81999969482422,40.310001373291016,50.33000183105469,27.979999542236328,50.40999984741211,56.11000061035156,57.040000915527344,54.72999954223633,56.119998931884766
62.csv_Day7_16h30m,36.56999969482422,41.61000061035156,44.29999923706055,37.619998931884766,39.06999969482422,46.2400016784668,50.459999084472656,46.54999923706055,47.939998626708984
62.csv_Day7_17h00m,16.440000534057617,13.34000015258789,32.040000915527344,23.389999389648438,30.729999542236328,32.29999923706055,41.029998779296875,37.27000045776367,39.56999969482422
62.csv_Day7_17h30m,6.079999923706055,4.840000152587891,22.829999923706055,12.609999656677246,22.920000076293945,20.760000228881836,29.65999984741211,28.3700008392334,30.510000228881836
62.csv_Day7_18h00m,3.740000009536743,10.3100004196167,8.470000267028809,4.0,10.819999694824219,14.010000228881836,20.040000915527344,19.690000534057617,20.729999542236328
62.csv_Day7_18h30m,0.3199999928474426,3.859999895095825,1.9700000286102295,5.929999828338623,13.670000076293945,8.899999618530273,12.329999923706055,11.0,12.470000267028809
62.csv_Day7_19h00m,0.38999998569488525,1.340000033378601,0.8299999833106995,1.149999976158142,2.5,2.7899999618530273,3.4100000858306885,3.130000114440918,5.039999961853027
62.csv_Day7_19h30m,0.0,0.0,0.0,0.0,0.0,0.0,0.0,0.0,0.0
62.csv_Day7_20h00m,0.0,0.0,0.0,0.0,0.0,0.0,0.0,0.0,0.0
62.csv_Day7_20h30m,0.0,0.0,0.0,0.0,0.0,0.0,0.0,0.0,0.0
62.csv_Day7_21h00m,0.0,0.0,0.0,0.0,0.0,0.0,0.0,0.0,0.0
62.csv_Day7_21h30m,0.0,0.0,0.0,0.0,0.0,0.0,0.0,0.0,0.0
62.csv_Day7_22h00m,0.0,0.0,0.0,0.0,0.0,0.0,0.0,0.0,0.0
62.csv_Day7_22h30m,0.0,0.0,0.0,0.0,0.0,0.0,0.0,0.0,0.0
62.csv_Day7_23h00m,0.0,0.0,0.0,0.0,0.0,0.0,0.0,0.0,0.0
62.csv_Day7_23h30m,0.0,0.0,0.0,0.0,0.0,0.0,0.0,0.0,0.0
62.csv_Day8_0h00m,0.0,0.0,0.0,0.0,0.0,0.0,0.0,0.0,0.0
62.csv_Day8_0h30m,0.0,0.0,0.0,0.0,0.0,0.0,0.0,0.0,0.0
62.csv_Day8_1h00m,0.0,0.0,0.0,0.0,0.0,0.0,0.0,0.0,0.0
62.csv_Day8_1h30m,0.0,0.0,0.0,0.0,0.0,0.0,0.0,0.0,0.0
62.csv_Day8_2h00m,0.0,0.0,0.0,0.0,0.0,0.0,0.0,0.0,0.0
62.csv_Day8_2h30m,0.0,0.0,0.0,0.0,0.0,0.0,0.0,0.0,0.0
62.csv_Day8_3h00m,0.0,0.0,0.0,0.0,0.0,0.0,0.0,0.0,0.0
62.csv_Day8_3h30m,0.0,0.0,0.0,0.0,0.0,0.0,0.0,0.0,0.0
62.csv_Day8_4h00m,0.0,0.0,0.0,0.0,0.0,0.0,0.0,0.0,0.0
62.csv_Day8_4h30m,0.0,0.0,0.0,0.0,0.0,0.0,0.0,0.0,0.0
62.csv_Day8_5h00m,0.8199999928474426,2.1500000953674316,0.75,2.700000047683716,2.619999885559082,3.0199999809265137,3.119999885559082,3.559999942779541,3.690000057220459
62.csv_Day8_5h30m,3.319999933242798,3.569999933242798,5.739999771118164,8.109999656677246,10.09000015258789,7.869999885559082,9.329999923706055,10.489999771118164,10.380000114440918
62.csv_Day8_6h00m,6.349999904632568,4.21999979019165,9.989999771118164,15.300000190734863,15.850000381469727,15.510000228881836,17.25,18.209999084472656,18.610000610351562
62.csv_Day8_6h30m,6.349999904632568,4.769999980926514,11.100000381469727,22.579999923706055,21.489999771118164,24.18000030517578,26.979999542236328,27.829999923706055,27.899999618530273
62.csv_Day8_7h00m,18.549999237060547,6.130000114440918,18.149999618530273,30.690000534057617,35.63999938964844,33.540000915527344,37.0,37.189998626708984,37.70000076293945
62.csv_Day8_7h30m,20.040000915527344,7.059999942779541,17.93000030517578,38.150001525878906,45.209999084472656,39.810001373291016,47.27000045776367,46.959999084472656,47.380001068115234
62.csv_Day8_8h00m,33.720001220703125,10.989999771118164,32.61000061035156,39.47999954223633,56.349998474121094,50.06999969482422,56.33000183105469,56.130001068115234,56.45000076293945
62.csv_Day8_8h30m,32.38999938964844,15.109999656677246,38.20000076293945,38.72999954223633,63.7599983215332,55.380001068115234,65.38999938964844,64.93000030517578,65.2699966430664
62.csv_Day8_9h00m,41.849998474121094,31.790000915527344,57.5,29.389999389648438,71.58000183105469,63.540000915527344,72.26000213623047,71.86000061035156,72.61000061035156
62.csv_Day8_9h30m,42.22999954223633,39.22999954223633,61.650001525878906,25.59000015258789,75.72000122070312,70.01000213623047,78.62999725341797,78.22000122070312,79.47000122070312
62.csv_Day8_10h00m,61.369998931884766,67.7300033569336,72.93000030517578,68.44000244140625,83.05999755859375,78.22000122070312,84.62000274658203,85.4000015258789,85.5
62.csv_Day8_10h30m,66.98999786376953,70.30000305175781,79.27999877929688,71.1500015258789,90.68000030517578,88.36000061035156,91.44999694824219,92.37000274658203,91.36000061035156
62.csv_Day8_11h00m,64.69000244140625,71.12999725341797,80.43000030517578,74.83999633789062,92.75,88.93000030517578,93.25,94.2300033569336,93.9000015258789
62.csv_Day8_11h30m,66.77999877929688,74.58000183105469,82.2300033569336,74.69000244140625,93.22000122070312,91.29000091552734,95.5999984741211,96.38999938964844,94.98999786376953
62.csv_Day8_12h00m,62.31999969482422,77.19999694824219,72.55999755859375,79.86000061035156,86.98999786376953,57.189998626708984,95.04000091552734,95.5999984741211,95.08000183105469
62.csv_Day8_12h30m,59.349998474121094,74.4000015258789,71.56999969482422,80.44000244140625,78.16000366210938,53.560001373291016,93.6500015258789,93.5199966430664,92.51000213623047
62.csv_Day8_13h00m,58.86000061035156,75.6500015258789,74.52999877929688,77.41999816894531,79.25,47.650001525878906,90.01000213623047,88.9000015258789,87.22000122070312
62.csv_Day8_13h30m,61.81999969482422,75.05999755859375,76.5,77.19999694824219,78.48999786376953,59.88999938964844,87.2300033569336,86.41000366210938,85.66000366210938
62.csv_Day8_14h00m,67.91000366210938,70.20999908447266,76.16000366210938,72.2300033569336,74.5199966430664,55.34000015258789,82.27999877929688,82.87999725341797,83.83000183105469
62.csv_Day8_14h30m,60.63999938964844,65.05000305175781,76.16000366210938,70.16999816894531,72.45999908447266,48.22999954223633,77.80000305175781,79.19000244140625,76.54000091552734
62.csv_Day8_15h00m,43.5,59.189998626708984,68.02999877929688,62.529998779296875,63.15999984741211,69.19000244140625,69.66000366210938,67.08000183105469,69.72000122070312
62.csv_Day8_15h30m,43.13999938964844,54.130001068115234,62.959999084472656,60.349998474121094,58.97999954223633,63.900001525878906,64.87999725341797,59.900001525878906,64.70999908447266
62.csv_Day8_16h00m,48.0099983215332,40.540000915527344,53.22999954223633,27.809999465942383,50.45000076293945,54.09000015258789,56.52000045776367,54.86000061035156,56.099998474121094
62.csv_Day8_16h30m,34.06999969482422,41.84000015258789,49.04999923706055,37.400001525878906,39.099998474121094,34.09000015258789,50.0,46.9900016784668,47.91999816894531
62.csv_Day8_17h00m,2.559999942779541,13.40999984741211,37.619998931884766,23.25,30.760000228881836,17.770000457763672,40.63999938964844,36.619998931884766,39.54999923706055
62.csv_Day8_17h30m,1.2400000095367432,4.869999885559082,25.3799991607666,12.529999732971191,22.940000534057617,10.420000076293945,29.3700008392334,27.229999542236328,30.489999771118164
62.csv_Day8_18h00m,1.0199999809265137,10.369999885559082,11.300000190734863,3.9800000190734863,10.829999923706055,4.440000057220459,19.829999923706055,19.739999771118164,20.719999313354492
62.csv_Day8_18h30m,2.119999885559082,3.880000114440918,5.690000057220459,5.889999866485596,13.680000305175781,8.4399995803833,12.180000305175781,10.739999771118164,12.470000267028809
62.csv_Day8_19h00m,0.5699999928474426,1.350000023841858,0.5899999737739563,1.1399999856948853,2.5,2.180000066757202,3.3299999237060547,2.809999942779541,5.03000020980835
62.csv_Day8_19h30m,0.0,0.0,0.0,0.0,0.0,0.0,0.0,0.0,0.0
62.csv_Day8_20h00m,0.0,0.0,0.0,0.0,0.0,0.0,0.0,0.0,0.0
62.csv_Day8_20h30m,0.0,0.0,0.0,0.0,0.0,0.0,0.0,0.0,0.0
62.csv_Day8_21h00m,0.0,0.0,0.0,0.0,0.0,0.0,0.0,0.0,0.0
62.csv_Day8_21h30m,0.0,0.0,0.0,0.0,0.0,0.0,0.0,0.0,0.0
62.csv_Day8_22h00m,0.0,0.0,0.0,0.0,0.0,0.0,0.0,0.0,0.0
62.csv_Day8_22h30m,0.0,0.0,0.0,0.0,0.0,0.0,0.0,0.0,0.0
62.csv_Day8_23h00m,0.0,0.0,0.0,0.0,0.0,0.0,0.0,0.0,0.0
62.csv_Day8_23h30m,0.0,0.0,0.0,0.0,0.0,0.0,0.0,0.0,0.0
63.csv_Day7_0h00m,0.0,0.0,0.0,0.0,0.0,0.0,0.0,0.0,0.0
63.csv_Day7_0h30m,0.0,0.0,0.0,0.0,0.0,0.0,0.0,0.0,0.0
63.csv_Day7_1h00m,0.0,0.0,0.0,0.0,0.0,0.0,0.0,0.0,0.0
63.csv_Day7_1h30m,0.0,0.0,0.0,0.0,0.0,0.0,0.0,0.0,0.0
63.csv_Day7_2h00m,0.0,0.0,0.0,0.0,0.0,0.0,0.0,0.0,0.0
63.csv_Day7_2h30m,0.0,0.0,0.0,0.0,0.0,0.0,0.0,0.0,0.0
63.csv_Day7_3h00m,0.0,0.0,0.0,0.0,0.0,0.0,0.0,0.0,0.0
63.csv_Day7_3h30m,0.0,0.0,0.0,0.0,0.0,0.0,0.0,0.0,0.0
63.csv_Day7_4h00m,0.0,0.0,0.0,0.0,0.0,0.0,0.0,0.0,0.0
63.csv_Day7_4h30m,0.0,0.0,0.0,0.0,0.0,0.0,0.0,0.0,0.0
63.csv_Day7_5h00m,0.7099999785423279,2.009999990463257,1.809999942779541,1.2899999618530273,2.2699999809265137,3.190000057220459,2.5799999237060547,2.2799999713897705,2.9800000190734863
63.csv_Day7_5h30m,4.429999828338623,8.279999732971191,6.449999809265137,6.889999866485596,8.640000343322754,8.84000015258789,9.3100004196167,9.800000190734863,9.40999984741211
63.csv_Day7_6h00m,8.130000114440918,14.579999923706055,14.520000457763672,4.579999923706055,15.59000015258789,16.479999542236328,16.860000610351562,18.219999313354492,17.760000228881836
63.csv_Day7_6h30m,10.0,20.440000534057617,19.780000686645508,19.670000076293945,25.479999542236328,25.010000228881836,25.3700008392334,26.920000076293945,26.420000076293945
63.csv_Day7_7h00m,14.970000267028809,29.420000076293945,36.220001220703125,33.0,36.27000045776367,35.08000183105469,36.099998474121094,36.709999084472656,36.31999969482422
63.csv_Day7_7h30m,22.260000228881836,36.81999969482422,41.08000183105469,44.2599983215332,46.88999938964844,44.939998626708984,46.560001373291016,46.7400016784668,46.279998779296875
63.csv_Day7_8h00m,26.229999542236328,31.989999771118164,38.16999816894531,48.369998931884766,55.540000915527344,52.619998931884766,54.70000076293945,54.09000015258789,55.619998931884766
63.csv_Day7_8h30m,13.539999961853027,27.989999771118164,31.899999618530273,53.689998626708984,63.599998474121094,61.47999954223633,62.72999954223633,63.400001525878906,63.880001068115234
63.csv_Day7_9h00m,4.349999904632568,24.520000457763672,37.88999938964844,54.5,72.93000030517578,68.93000030517578,71.27999877929688,71.45999908447266,71.38999938964844
63.csv_Day7_9h30m,13.1899995803833,34.04999923706055,28.100000381469727,68.98999786376953,79.86000061035156,75.5,78.94999694824219,79.30999755859375,78.05000305175781
63.csv_Day7_10h00m,45.529998779296875,33.25,55.56999969482422,64.27999877929688,82.61000061035156,79.7699966430664,83.66999816894531,85.6500015258789,84.63999938964844
63.csv_Day7_10h30m,57.869998931884766,62.02000045776367,79.91000366210938,79.66000366210938,87.04000091552734,87.12000274658203,89.93000030517578,92.5999984741211,90.8499984741211
63.csv_Day7_11h00m,59.7599983215332,68.97000122070312,62.689998626708984,83.18000030517578,89.69999694824219,89.11000061035156,89.68000030517578,92.91000366210938,92.23999786376953
63.csv_Day7_11h30m,65.44999694824219,67.70999908447266,79.41000366210938,81.5999984741211,88.41000366210938,88.27999877929688,89.16999816894531,91.86000061035156,93.55999755859375
63.csv_Day7_12h00m,34.61000061035156,34.709999084472656,59.79999923706055,63.38999938964844,65.33999633789062,78.05000305175781,77.72000122070312,84.26000213623047,82.44000244140625
63.csv_Day7_12h30m,34.79999923706055,28.389999389648438,49.72999954223633,61.470001220703125,76.68000030517578,77.16999816894531,72.97000122070312,85.6500015258789,84.98999786376953
63.csv_Day7_13h00m,23.610000610351562,21.649999618530273,68.91999816894531,36.290000915527344,64.80000305175781,78.91999816894531,81.33000183105469,82.54000091552734,84.83999633789062
63.csv_Day7_13h30m,13.989999771118164,28.479999542236328,72.06999969482422,51.959999084472656,58.02000045776367,78.97000122070312,79.66999816894531,84.80000305175781,83.88999938964844
63.csv_Day7_14h00m,23.579999923706055,28.329999923706055,69.72000122070312,60.20000076293945,62.41999816894531,72.76000213623047,70.26000213623047,75.30999755859375,79.08000183105469
63.csv_Day7_14h30m,2.869999885559082,11.520000457763672,51.619998931884766,43.279998779296875,57.369998931884766,54.400001525878906,59.790000915527344,63.279998779296875,71.11000061035156
63.csv_Day7_15h00m,1.0199999809265137,28.84000015258789,49.86000061035156,41.119998931884766,45.11000061035156,55.720001220703125,51.790000915527344,61.310001373291016,59.599998474121094
63.csv_Day7_15h30m,2.0,11.020000457763672,49.0,13.329999923706055,47.72999954223633,18.90999984741211,47.52000045776367,53.689998626708984,64.29000091552734
63.csv_Day7_16h00m,0.6299999952316284,16.530000686645508,46.93000030517578,23.43000030517578,37.5,44.060001373291016,43.709999084472656,50.349998474121094,51.66999816894531
63.csv_Day7_16h30m,0.4300000071525574,9.369999885559082,37.650001525878906,27.860000610351562,36.540000915527344,40.560001373291016,38.459999084472656,40.90999984741211,46.11000061035156
63.csv_Day7_17h00m,6.489999771118164,4.800000190734863,36.68000030517578,26.530000686645508,17.8700008392334,31.06999969482422,30.799999237060547,33.02000045776367,34.52000045776367
63.csv_Day7_17h30m,1.9199999570846558,5.170000076293945,14.170000076293945,3.630000114440918,19.989999771118164,19.209999084472656,20.459999084472656,26.8799991607666,25.549999237060547
63.csv_Day7_18h00m,0.7699999809265137,3.109999895095825,4.210000038146973,7.510000228881836,19.350000381469727,12.359999656677246,20.110000610351562,20.31999969482422,20.549999237060547
63.csv_Day7_18h30m,0.5799999833106995,2.2699999809265137,5.610000133514404,5.860000133514404,9.760000228881836,7.179999828338623,7.489999771118164,11.829999923706055,11.289999961853027
63.csv_Day7_19h00m,0.0,1.2599999904632568,3.7300000190734863,1.7899999618530273,2.4600000381469727,3.4000000953674316,3.5199999809265137,4.880000114440918,4.019999980926514
63.csv_Day7_19h30m,0.0,0.0,0.0,0.0,0.0,0.0,0.0,0.0,0.0
63.csv_Day7_20h00m,0.0,0.0,0.0,0.0,0.0,0.0,0.0,0.0,0.0
63.csv_Day7_20h30m,0.0,0.0,0.0,0.0,0.0,0.0,0.0,0.0,0.0
63.csv_Day7_21h00m,0.0,0.0,0.0,0.0,0.0,0.0,0.0,0.0,0.0
63.csv_Day7_21h30m,0.0,0.0,0.0,0.0,0.0,0.0,0.0,0.0,0.0
63.csv_Day7_22h00m,0.0,0.0,0.0,0.0,0.0,0.0,0.0,0.0,0.0
63.csv_Day7_22h30m,0.0,0.0,0.0,0.0,0.0,0.0,0.0,0.0,0.0
63.csv_Day7_23h00m,0.0,0.0,0.0,0.0,0.0,0.0,0.0,0.0,0.0
63.csv_Day7_23h30m,0.0,0.0,0.0,0.0,0.0,0.0,0.0,0.0,0.0
63.csv_Day8_0h00m,0.0,0.0,0.0,0.0,0.0,0.0,0.0,0.0,0.0
63.csv_Day8_0h30m,0.0,0.0,0.0,0.0,0.0,0.0,0.0,0.0,0.0
63.csv_Day8_1h00m,0.0,0.0,0.0,0.0,0.0,0.0,0.0,0.0,0.0
63.csv_Day8_1h30m,0.0,0.0,0.0,0.0,0.0,0.0,0.0,0.0,0.0
63.csv_Day8_2h00m,0.0,0.0,0.0,0.0,0.0,0.0,0.0,0.0,0.0
63.csv_Day8_2h30m,0.0,0.0,0.0,0.0,0.0,0.0,0.0,0.0,0.0
63.csv_Day8_3h00m,0.0,0.0,0.0,0.0,0.0,0.0,0.0,0.0,0.0
63.csv_Day8_3h30m,0.0,0.0,0.0,0.0,0.0,0.0,0.0,0.0,0.0
63.csv_Day8_4h00m,0.0,0.0,0.0,0.0,0.0,0.0,0.0,0.0,0.0
63.csv_Day8_4h30m,0.0,0.0,0.0,0.0,0.0,0.0,0.0,0.0,0.0
63.csv_Day8_5h00m,0.550000011920929,2.0199999809265137,1.4700000286102295,1.2899999618530273,2.2699999809265137,3.2799999713897705,2.5399999618530273,2.140000104904175,2.9800000190734863
63.csv_Day8_5h30m,2.430000066757202,8.319999694824219,6.489999771118164,6.849999904632568,8.649999618530273,8.789999961853027,9.1899995803833,9.789999961853027,9.40999984741211
63.csv_Day8_6h00m,8.670000076293945,14.65999984741211,16.940000534057617,4.550000190734863,15.600000381469727,16.6299991607666,16.68000030517578,17.899999618530273,17.75
63.csv_Day8_6h30m,11.479999542236328,20.559999465942383,26.040000915527344,19.559999465942383,25.5,24.940000534057617,25.1200008392334,26.540000915527344,26.40999984741211
63.csv_Day8_7h00m,19.040000915527344,29.59000015258789,36.970001220703125,32.79999923706055,36.29999923706055,36.650001525878906,35.7599983215332,36.4900016784668,36.29999923706055
63.csv_Day8_7h30m,24.549999237060547,37.02000045776367,46.150001525878906,43.9900016784668,46.93000030517578,47.209999084472656,46.130001068115234,46.91999816894531,46.2599983215332
63.csv_Day8_8h00m,33.119998931884766,32.16999816894531,38.970001220703125,48.08000183105469,55.58000183105469,52.25,54.189998626708984,55.7400016784668,55.599998474121094
63.csv_Day8_8h30m,18.610000610351562,28.139999389648438,41.95000076293945,53.369998931884766,63.63999938964844,62.220001220703125,62.15999984741211,64.4000015258789,63.849998474121094
63.csv_Day8_9h00m,5.789999961853027,24.65999984741211,41.7400016784668,54.16999816894531,72.98999786376953,67.48999786376953,70.63999938964844,72.63999938964844,71.36000061035156
63.csv_Day8_9h30m,5.170000076293945,34.2400016784668,49.7599983215332,68.58000183105469,79.91999816894531,75.41000366210938,78.23999786376953,80.01000213623047,78.0199966430664
63.csv_Day8_10h00m,2.9100000858306885,33.439998626708984,29.989999771118164,63.900001525878906,82.68000030517578,72.30999755859375,82.93000030517578,86.5199966430664,84.61000061035156
63.csv_Day8_10h30m,4.309999942779541,62.369998931884766,82.0199966430664,79.19000244140625,87.11000061035156,87.41000366210938,89.13999938964844,92.95999908447266,90.80999755859375
63.csv_Day8_11h00m,47.59000015258789,69.36000061035156,75.81999969482422,82.68000030517578,89.7699966430664,88.58999633789062,88.88999938964844,92.23999786376953,92.19999694824219
63.csv_Day8_11h30m,61.70000076293945,68.08999633789062,76.25,81.11000061035156,88.47000122070312,85.12999725341797,88.37999725341797,89.37999725341797,93.5199966430664
63.csv_Day8_12h00m,31.690000534057617,34.900001525878906,63.130001068115234,63.0099983215332,65.38999938964844,74.41000366210938,77.02999877929688,80.12999725341797,82.4000015258789
63.csv_Day8_12h30m,32.0,28.549999237060547,60.36000061035156,61.099998474121094,76.7300033569336,83.93000030517578,72.33999633789062,85.19000244140625,84.94999694824219
63.csv_Day8_13h00m,22.149999618530273,21.770000457763672,71.23999786376953,36.06999969482422,64.8499984741211,77.91999816894531,80.61000061035156,79.62000274658203,84.80000305175781
63.csv_Day8_13h30m,21.190000534057617,28.639999389648438,71.0199966430664,51.650001525878906,58.060001373291016,81.30999755859375,78.97000122070312,83.66999816894531,83.86000061035156
63.csv_Day8_14h00m,26.5,28.489999771118164,61.08000183105469,59.84000015258789,62.470001220703125,80.8499984741211,69.63999938964844,73.6500015258789,79.05000305175781
63.csv_Day8_14h30m,17.139999389648438,11.579999923706055,38.90999984741211,43.02000045776367,57.41999816894531,61.75,62.04999923706055,63.689998626708984,71.06999969482422
63.csv_Day8_15h00m,17.459999084472656,29.010000228881836,24.65999984741211,40.869998931884766,45.150001525878906,15.170000076293945,52.810001373291016,58.08000183105469,59.56999969482422
63.csv_Day8_15h30m,5.090000152587891,11.079999923706055,29.780000686645508,13.25,47.77000045776367,27.43000030517578,49.22999954223633,55.36000061035156,64.26000213623047
63.csv_Day8_16h00m,7.96999979019165,16.6200008392334,37.97999954223633,23.290000915527344,37.52000045776367,16.520000457763672,45.41999816894531,48.68000030517578,51.650001525878906
63.csv_Day8_16h30m,3.7699999809265137,9.430000305175781,40.95000076293945,27.690000534057617,36.56999969482422,16.0,39.70000076293945,38.11000061035156,46.09000015258789
63.csv_Day8_17h00m,1.909999966621399,4.820000171661377,32.880001068115234,26.3700008392334,17.8799991607666,18.510000228881836,30.489999771118164,31.100000381469727,34.5
63.csv_Day8_17h30m,0.4000000059604645,5.190000057220459,3.3499999046325684,3.609999895095825,20.0,6.429999828338623,20.229999542236328,25.649999618530273,25.540000915527344
63.csv_Day8_18h00m,0.7300000190734863,3.130000114440918,5.429999828338623,7.460000038146973,19.360000610351562,12.569999694824219,20.84000015258789,20.469999313354492,20.540000915527344
63.csv_Day8_18h30m,0.6499999761581421,2.2799999713897705,4.329999923706055,5.820000171661377,9.770000457763672,6.039999961853027,7.380000114440918,11.829999923706055,11.289999961853027
63.csv_Day8_19h00m,0.44999998807907104,1.2599999904632568,1.2000000476837158,1.7799999713897705,2.4600000381469727,3.559999942779541,3.4600000381469727,4.550000190734863,4.010000228881836
63.csv_Day8_19h30m,0.0,0.0,0.0,0.0,0.0,0.0,0.0,0.0,0.0
63.csv_Day8_20h00m,0.0,0.0,0.0,0.0,0.0,0.0,0.0,0.0,0.0
63.csv_Day8_20h30m,0.0,0.0,0.0,0.0,0.0,0.0,0.0,0.0,0.0
63.csv_Day8_21h00m,0.0,0.0,0.0,0.0,0.0,0.0,0.0,0.0,0.0
63.csv_Day8_21h30m,0.0,0.0,0.0,0.0,0.0,0.0,0.0,0.0,0.0
63.csv_Day8_22h00m,0.0,0.0,0.0,0.0,0.0,0.0,0.0,0.0,0.0
63.csv_Day8_22h30m,0.0,0.0,0.0,0.0,0.0,0.0,0.0,0.0,0.0
63.csv_Day8_23h00m,0.0,0.0,0.0,0.0,0.0,0.0,0.0,0.0,0.0
63.csv_Day8_23h30m,0.0,0.0,0.0,0.0,0.0,0.0,0.0,0.0,0.0
64.csv_Day7_0h00m,0.0,0.0,0.0,0.0,0.0,0.0,0.0,0.0,0.0
64.csv_Day7_0h30m,0.0,0.0,0.0,0.0,0.0,0.0,0.0,0.0,0.0
64.csv_Day7_1h00m,0.0,0.0,0.0,0.0,0.0,0.0,0.0,0.0,0.0
64.csv_Day7_1h30m,0.0,0.0,0.0,0.0,0.0,0.0,0.0,0.0,0.0
64.csv_Day7_2h00m,0.0,0.0,0.0,0.0,0.0,0.0,0.0,0.0,0.0
64.csv_Day7_2h30m,0.0,0.0,0.0,0.0,0.0,0.0,0.0,0.0,0.0
64.csv_Day7_3h00m,0.0,0.0,0.0,0.0,0.0,0.0,0.0,0.0,0.0
64.csv_Day7_3h30m,0.0,0.0,0.0,0.0,0.0,0.0,0.0,0.0,0.0
64.csv_Day7_4h00m,0.0,0.0,0.0,0.0,0.0,0.0,0.0,0.0,0.0
64.csv_Day7_4h30m,0.0,0.0,0.0,0.0,0.0,0.0,0.0,0.0,0.0
64.csv_Day7_5h00m,0.0,1.2100000381469727,3.809999942779541,3.059999942779541,1.7400000095367432,4.820000171661377,4.150000095367432,1.840000033378601,4.260000228881836
64.csv_Day7_5h30m,0.9399999976158142,3.450000047683716,5.429999828338623,7.420000076293945,14.319999694824219,9.5600004196167,11.90999984741211,8.550000190734863,9.65999984741211
64.csv_Day7_6h00m,1.9800000190734863,5.710000038146973,9.729999542236328,6.150000095367432,15.470000267028809,12.529999732971191,14.239999771118164,13.65999984741211,13.399999618530273
64.csv_Day7_6h30m,1.9500000476837158,8.770000457763672,17.280000686645508,15.720000267028809,21.329999923706055,20.459999084472656,20.790000915527344,22.549999237060547,21.059999465942383
64.csv_Day7_7h00m,3.309999942779541,15.880000114440918,30.770000457763672,28.920000076293945,29.149999618530273,30.809999465942383,31.459999084472656,33.130001068115234,31.3700008392334
64.csv_Day7_7h30m,11.90999984741211,23.709999084472656,39.41999816894531,38.79999923706055,44.36000061035156,42.5099983215332,41.310001373291016,43.61000061035156,41.75
64.csv_Day7_8h00m,0.4000000059604645,22.610000610351562,42.09000015258789,38.90999984741211,53.84000015258789,50.689998626708984,50.790000915527344,51.630001068115234,51.630001068115234
64.csv_Day7_8h30m,0.4300000071525574,29.559999465942383,42.2400016784668,53.400001525878906,58.91999816894531,65.48999786376953,65.41000366210938,64.86000061035156,65.33000183105469
64.csv_Day7_9h00m,4.400000095367432,23.1299991607666,52.90999984741211,59.459999084472656,64.76000213623047,71.0999984741211,73.33000183105469,73.70999908447266,73.44999694824219
64.csv_Day7_9h30m,19.040000915527344,26.639999389648438,63.029998779296875,60.90999984741211,61.459999084472656,79.44000244140625,81.56999969482422,81.02999877929688,78.81999969482422
64.csv_Day7_10h00m,26.469999313354492,26.760000228881836,71.08000183105469,55.13999938964844,69.30999755859375,82.52999877929688,90.9000015258789,88.26000213623047,85.69000244140625
64.csv_Day7_10h30m,24.579999923706055,35.209999084472656,70.37999725341797,58.43000030517578,52.380001068115234,85.12999725341797,87.5199966430664,89.86000061035156,93.18000030517578
64.csv_Day7_11h00m,13.329999923706055,27.75,51.0,32.47999954223633,30.010000228881836,75.4800033569336,77.2300033569336,88.06999969482422,92.58999633789062
64.csv_Day7_11h30m,34.869998931884766,13.109999656677246,58.400001525878906,59.220001220703125,42.33000183105469,57.79999923706055,65.52999877929688,63.02000045776367,63.52000045776367
64.csv_Day7_12h00m,38.79999923706055,8.960000038146973,64.54000091552734,35.54999923706055,53.4900016784668,62.93000030517578,70.23999786376953,73.11000061035156,74.36000061035156
64.csv_Day7_12h30m,13.079999923706055,34.040000915527344,32.209999084472656,12.420000076293945,30.110000610351562,71.66999816894531,87.29000091552734,81.48999786376953,84.55000305175781
64.csv_Day7_13h00m,22.90999984741211,34.790000915527344,67.7300033569336,28.18000030517578,30.010000228881836,80.43000030517578,72.80000305175781,84.19000244140625,86.94999694824219
64.csv_Day7_13h30m,7.159999847412109,36.400001525878906,14.529999732971191,60.34000015258789,43.790000915527344,26.8700008392334,62.65999984741211,82.26000213623047,85.44999694824219
64.csv_Day7_14h00m,26.1200008392334,35.59000015258789,23.709999084472656,47.20000076293945,25.579999923706055,77.0999984741211,62.5099983215332,79.93000030517578,80.1500015258789
64.csv_Day7_14h30m,30.540000915527344,35.36000061035156,24.079999923706055,42.540000915527344,21.190000534057617,65.7300033569336,44.72999954223633,72.37000274658203,74.44000244140625
64.csv_Day7_15h00m,15.329999923706055,20.399999618530273,37.15999984741211,31.059999465942383,21.440000534057617,64.58999633789062,44.060001373291016,66.61000061035156,68.48999786376953
64.csv_Day7_15h30m,15.720000267028809,21.6200008392334,17.239999771118164,17.530000686645508,25.709999084472656,59.119998931884766,53.119998931884766,59.58000183105469,63.75
64.csv_Day7_16h00m,34.11000061035156,24.43000030517578,27.649999618530273,16.280000686645508,19.440000534057617,49.5,42.349998474121094,49.66999816894531,53.72999954223633
64.csv_Day7_16h30m,10.130000114440918,13.329999923706055,11.420000076293945,8.75,13.390000343322754,39.459999084472656,30.579999923706055,42.369998931884766,42.619998931884766
64.csv_Day7_17h00m,10.720000267028809,6.5,6.690000057220459,9.550000190734863,20.459999084472656,29.549999237060547,33.650001525878906,34.83000183105469,32.61000061035156
64.csv_Day7_17h30m,3.569999933242798,5.949999809265137,7.320000171661377,8.770000457763672,19.420000076293945,17.579999923706055,22.940000534057617,28.350000381469727,26.540000915527344
64.csv_Day7_18h00m,3.880000114440918,6.079999923706055,3.6500000953674316,10.579999923706055,17.81999969482422,16.799999237060547,15.09000015258789,23.149999618530273,18.09000015258789
64.csv_Day7_18h30m,0.23999999463558197,1.8899999856948853,2.4700000286102295,7.25,8.229999542236328,4.440000057220459,9.350000381469727,16.540000915527344,10.170000076293945
64.csv_Day7_19h00m,0.0,0.3199999928474426,1.9600000381469727,1.149999976158142,1.7899999618530273,2.7200000286102295,2.450000047683716,6.559999942779541,4.099999904632568
64.csv_Day7_19h30m,0.0,0.0,0.0,0.0,0.0,0.0,0.0,0.0,0.0
64.csv_Day7_20h00m,0.0,0.0,0.0,0.0,0.0,0.0,0.0,0.0,0.0
64.csv_Day7_20h30m,0.0,0.0,0.0,0.0,0.0,0.0,0.0,0.0,0.0
64.csv_Day7_21h00m,0.0,0.0,0.0,0.0,0.0,0.0,0.0,0.0,0.0
64.csv_Day7_21h30m,0.0,0.0,0.0,0.0,0.0,0.0,0.0,0.0,0.0
64.csv_Day7_22h00m,0.0,0.0,0.0,0.0,0.0,0.0,0.0,0.0,0.0
64.csv_Day7_22h30m,0.0,0.0,0.0,0.0,0.0,0.0,0.0,0.0,0.0
64.csv_Day7_23h00m,0.0,0.0,0.0,0.0,0.0,0.0,0.0,0.0,0.0
64.csv_Day7_23h30m,0.0,0.0,0.0,0.0,0.0,0.0,0.0,0.0,0.0
64.csv_Day8_0h00m,0.0,0.0,0.0,0.0,0.0,0.0,0.0,0.0,0.0
64.csv_Day8_0h30m,0.0,0.0,0.0,0.0,0.0,0.0,0.0,0.0,0.0
64.csv_Day8_1h00m,0.0,0.0,0.0,0.0,0.0,0.0,0.0,0.0,0.0
64.csv_Day8_1h30m,0.0,0.0,0.0,0.0,0.0,0.0,0.0,0.0,0.0
64.csv_Day8_2h00m,0.0,0.0,0.0,0.0,0.0,0.0,0.0,0.0,0.0
64.csv_Day8_2h30m,0.0,0.0,0.0,0.0,0.0,0.0,0.0,0.0,0.0
64.csv_Day8_3h00m,0.0,0.0,0.0,0.0,0.0,0.0,0.0,0.0,0.0
64.csv_Day8_3h30m,0.0,0.0,0.0,0.0,0.0,0.0,0.0,0.0,0.0
64.csv_Day8_4h00m,0.0,0.0,0.0,0.0,0.0,0.0,0.0,0.0,0.0
64.csv_Day8_4h30m,0.0,0.0,0.0,0.0,0.0,0.0,0.0,0.0,0.0
64.csv_Day8_5h00m,0.0,1.2200000286102295,1.7799999713897705,3.0399999618530273,1.7400000095367432,3.859999895095825,4.139999866485596,1.7999999523162842,4.25
64.csv_Day8_5h30m,1.7599999904632568,3.4700000286102295,6.699999809265137,7.380000114440918,14.329999923706055,9.4399995803833,12.210000038146973,8.760000228881836,9.649999618530273
64.csv_Day8_6h00m,1.9500000476837158,5.739999771118164,6.409999847412109,6.119999885559082,15.479999542236328,12.649999618530273,14.579999923706055,12.989999771118164,13.399999618530273
64.csv_Day8_6h30m,1.600000023841858,8.819999694824219,16.920000076293945,15.630000114440918,21.34000015258789,20.510000228881836,20.6200008392334,22.8799991607666,21.049999237060547
64.csv_Day8_7h00m,4.550000190734863,15.970000267028809,29.700000762939453,28.75,29.18000030517578,31.15999984741211,31.15999984741211,32.41999816894531,31.360000610351562
64.csv_Day8_7h30m,19.65999984741211,23.84000015258789,41.56999969482422,38.56999969482422,44.400001525878906,43.04999923706055,40.93000030517578,42.880001068115234,41.72999954223633
64.csv_Day8_8h00m,11.649999618530273,22.729999542236328,46.790000915527344,38.66999816894531,53.880001068115234,46.93000030517578,52.59000015258789,49.810001373291016,51.61000061035156
64.csv_Day8_8h30m,15.0600004196167,29.719999313354492,55.349998474121094,53.06999969482422,58.959999084472656,59.720001220703125,68.08999633789062,60.470001220703125,65.30000305175781
64.csv_Day8_9h00m,3.6600000858306885,23.260000228881836,38.56999969482422,59.099998474121094,64.80999755859375,43.04999923706055,76.4000015258789,66.0199966430664,73.41999816894531
64.csv_Day8_9h30m,3.240000009536743,26.790000915527344,31.6200008392334,60.540000915527344,61.5099983215332,47.290000915527344,84.80000305175781,74.13999938964844,78.79000091552734
64.csv_Day8_10h00m,3.0899999141693115,26.90999984741211,21.43000030517578,54.810001373291016,69.37000274658203,41.959999084472656,94.66999816894531,83.7300033569336,85.66000366210938
64.csv_Day8_10h30m,2.950000047683716,35.400001525878906,36.540000915527344,58.08000183105469,52.41999816894531,71.22000122070312,91.18000030517578,88.72000122070312,93.13999938964844
64.csv_Day8_11h00m,3.380000114440918,27.899999618530273,13.1899995803833,32.290000915527344,30.040000915527344,77.8499984741211,80.30999755859375,88.54000091552734,92.55000305175781
64.csv_Day8_11h30m,9.100000381469727,13.1899995803833,13.149999618530273,58.869998931884766,42.36000061035156,53.16999816894531,66.63999938964844,49.369998931884766,63.4900016784668
64.csv_Day8_12h00m,6.909999847412109,9.010000228881836,14.09000015258789,35.33000183105469,53.529998779296875,50.90999984741211,69.62000274658203,54.61000061035156,74.31999969482422
64.csv_Day8_12h30m,5.210000038146973,34.22999954223633,11.0,12.350000381469727,30.1299991607666,17.510000228881836,88.97000122070312,82.91000366210938,84.51000213623047
64.csv_Day8_13h00m,30.530000686645508,34.9900016784668,27.889999389648438,28.010000228881836,30.030000686645508,68.9800033569336,72.13999938964844,83.61000061035156,86.91000366210938
64.csv_Day8_13h30m,41.189998626708984,36.599998474121094,12.380000114440918,59.97999954223633,43.81999969482422,67.4800033569336,62.06999969482422,76.63999938964844,85.41000366210938
64.csv_Day8_14h00m,6.0,35.790000915527344,9.850000381469727,46.91999816894531,25.600000381469727,76.05000305175781,61.91999816894531,75.16999816894531,80.11000061035156
64.csv_Day8_14h30m,28.610000610351562,35.560001373291016,6.510000228881836,42.279998779296875,21.209999084472656,65.51000213623047,44.27000045776367,65.16999816894531,74.4000015258789
64.csv_Day8_15h00m,2.3399999141693115,20.510000228881836,5.639999866485596,30.8700008392334,21.450000762939453,60.4900016784668,43.619998931884766,61.130001068115234,68.45999908447266
64.csv_Day8_15h30m,2.2799999713897705,21.739999771118164,8.1899995803833,17.420000076293945,25.729999542236328,42.84000015258789,52.630001068115234,56.59000015258789,63.720001220703125
64.csv_Day8_16h00m,2.7899999618530273,24.559999465942383,4.650000095367432,16.18000030517578,19.459999084472656,15.1899995803833,41.95000076293945,45.2599983215332,53.709999084472656
64.csv_Day8_16h30m,7.75,13.40999984741211,3.740000009536743,8.699999809265137,13.399999618530273,9.350000381469727,30.260000228881836,37.5,42.599998474121094
64.csv_Day8_17h00m,11.770000457763672,6.539999961853027,12.899999618530273,9.489999771118164,20.469999313354492,21.489999771118164,33.31999969482422,29.709999084472656,32.59000015258789
64.csv_Day8_17h30m,6.050000190734863,5.980000019073486,17.290000915527344,8.710000038146973,19.43000030517578,15.65999984741211,22.700000762939453,22.899999618530273,26.530000686645508
64.csv_Day8_18h00m,8.609999656677246,6.110000133514404,8.3100004196167,10.520000457763672,17.829999923706055,18.110000610351562,14.920000076293945,21.469999313354492,18.09000015258789
64.csv_Day8_18h30m,1.0499999523162842,1.899999976158142,10.699999809265137,7.210000038146973,8.229999542236328,9.279999732971191,9.229999542236328,15.65999984741211,10.170000076293945
64.csv_Day8_19h00m,0.0,0.3199999928474426,3.6600000858306885,1.1399999856948853,1.7899999618530273,2.380000114440918,2.430000066757202,6.630000114440918,4.099999904632568
64.csv_Day8_19h30m,0.0,0.0,0.0,0.0,0.0,0.0,0.0,0.0,0.0
64.csv_Day8_20h00m,0.0,0.0,0.0,0.0,0.0,0.0,0.0,0.0,0.0
64.csv_Day8_20h30m,0.0,0.0,0.0,0.0,0.0,0.0,0.0,0.0,0.0
64.csv_Day8_21h00m,0.0,0.0,0.0,0.0,0.0,0.0,0.0,0.0,0.0
64.csv_Day8_21h30m,0.0,0.0,0.0,0.0,0.0,0.0,0.0,0.0,0.0
64.csv_Day8_22h00m,0.0,0.0,0.0,0.0,0.0,0.0,0.0,0.0,0.0
64.csv_Day8_22h30m,0.0,0.0,0.0,0.0,0.0,0.0,0.0,0.0,0.0
64.csv_Day8_23h00m,0.0,0.0,0.0,0.0,0.0,0.0,0.0,0.0,0.0
64.csv_Day8_23h30m,0.0,0.0,0.0,0.0,0.0,0.0,0.0,0.0,0.0
65.csv_Day7_0h00m,0.0,0.0,0.0,0.0,0.0,0.0,0.0,0.0,0.0
65.csv_Day7_0h30m,0.0,0.0,0.0,0.0,0.0,0.0,0.0,0.0,0.0
65.csv_Day7_1h00m,0.0,0.0,0.0,0.0,0.0,0.0,0.0,0.0,0.0
65.csv_Day7_1h30m,0.0,0.0,0.0,0.0,0.0,0.0,0.0,0.0,0.0
65.csv_Day7_2h00m,0.0,0.0,0.0,0.0,0.0,0.0,0.0,0.0,0.0
65.csv_Day7_2h30m,0.0,0.0,0.0,0.0,0.0,0.0,0.0,0.0,0.0
65.csv_Day7_3h00m,0.0,0.0,0.0,0.0,0.0,0.0,0.0,0.0,0.0
65.csv_Day7_3h30m,0.0,0.0,0.0,0.0,0.0,0.0,0.0,0.0,0.0
65.csv_Day7_4h00m,0.0,0.0,0.0,0.0,0.0,0.0,0.0,0.0,0.0
65.csv_Day7_4h30m,0.0,0.0,0.0,0.0,0.0,0.0,0.0,0.0,0.0
65.csv_Day7_5h00m,0.0,0.0,0.0,0.0,0.0,0.0,0.0,0.0,0.0
65.csv_Day7_5h30m,0.0,0.0,0.0,0.0,0.0,0.0,0.0,0.0,0.0
65.csv_Day7_6h00m,0.0,1.0700000524520874,0.0,1.149999976158142,4.070000171661377,2.549999952316284,3.740000009536743,3.869999885559082,3.240000009536743
65.csv_Day7_6h30m,2.690000057220459,4.460000038146973,1.2599999904632568,6.760000228881836,7.829999923706055,5.199999809265137,11.8100004196167,10.460000038146973,10.600000381469727
65.csv_Day7_7h00m,6.300000190734863,5.670000076293945,1.940000057220459,16.34000015258789,8.84000015258789,5.75,21.649999618530273,16.040000915527344,17.860000610351562
65.csv_Day7_7h30m,5.190000057220459,18.780000686645508,2.509999990463257,14.75,13.529999732971191,16.270000457763672,21.200000762939453,25.06999969482422,27.489999771118164
65.csv_Day7_8h00m,5.269999980926514,21.3799991607666,3.940000057220459,16.90999984741211,33.439998626708984,17.889999389648438,35.95000076293945,36.40999984741211,42.810001373291016
65.csv_Day7_8h30m,4.320000171661377,24.809999465942383,4.789999961853027,31.18000030517578,37.439998626708984,30.420000076293945,50.20000076293945,46.400001525878906,53.52000045776367
65.csv_Day7_9h00m,6.079999923706055,23.200000762939453,6.619999885559082,46.38999938964844,49.36000061035156,21.270000457763672,60.22999954223633,54.560001373291016,62.58000183105469
65.csv_Day7_9h30m,12.65999984741211,30.010000228881836,7.380000114440918,29.989999771118164,48.41999816894531,25.239999771118164,68.12999725341797,61.810001373291016,71.4000015258789
65.csv_Day7_10h00m,25.579999923706055,36.790000915527344,27.110000610351562,32.81999969482422,56.02000045776367,41.84000015258789,75.30999755859375,70.88999938964844,78.94999694824219
65.csv_Day7_10h30m,27.079999923706055,45.70000076293945,38.189998626708984,33.81999969482422,49.599998474121094,44.40999984741211,79.23999786376953,72.19999694824219,83.5999984741211
65.csv_Day7_11h00m,40.66999816894531,56.38999938964844,33.5,49.720001220703125,48.2599983215332,53.290000915527344,85.33000183105469,76.37000274658203,88.98999786376953
65.csv_Day7_11h30m,43.220001220703125,52.68000030517578,44.220001220703125,36.2599983215332,45.41999816894531,51.060001373291016,85.52999877929688,75.66999816894531,89.83999633789062
65.csv_Day7_12h00m,51.689998626708984,60.0099983215332,41.849998474121094,41.88999938964844,44.060001373291016,65.87999725341797,86.23999786376953,81.19999694824219,91.01000213623047
65.csv_Day7_12h30m,56.61000061035156,37.54999923706055,49.11000061035156,51.36000061035156,48.279998779296875,72.38999938964844,87.22000122070312,79.3499984741211,89.13999938964844
65.csv_Day7_13h00m,59.20000076293945,40.58000183105469,80.48999786376953,72.94999694824219,63.290000915527344,82.86000061035156,84.87999725341797,82.55999755859375,87.88999938964844
65.csv_Day7_13h30m,54.70000076293945,28.799999237060547,78.5999984741211,50.150001525878906,67.20999908447266,78.18000030517578,79.31999969482422,77.9800033569336,81.55000305175781
65.csv_Day7_14h00m,46.45000076293945,44.369998931884766,66.97000122070312,61.619998931884766,70.44000244140625,70.25,75.58000183105469,71.4000015258789,75.91999816894531
65.csv_Day7_14h30m,32.61000061035156,50.900001525878906,58.130001068115234,62.95000076293945,68.27999877929688,42.11000061035156,66.9000015258789,64.83999633789062,71.61000061035156
65.csv_Day7_15h00m,33.099998474121094,12.5,53.119998931884766,44.810001373291016,52.4900016784668,36.810001373291016,67.47000122070312,52.209999084472656,63.95000076293945
65.csv_Day7_15h30m,6.119999885559082,9.5,41.310001373291016,29.479999542236328,36.779998779296875,48.06999969482422,56.45000076293945,41.31999969482422,53.5099983215332
65.csv_Day7_16h00m,30.530000686645508,14.479999542236328,39.470001220703125,25.8799991607666,35.08000183105469,41.529998779296875,47.7599983215332,38.0,45.119998931884766
65.csv_Day7_16h30m,32.040000915527344,12.75,26.719999313354492,28.489999771118164,30.43000030517578,32.81999969482422,35.5,32.83000183105469,36.33000183105469
65.csv_Day7_17h00m,21.40999984741211,22.18000030517578,28.68000030517578,25.8700008392334,23.829999923706055,25.81999969482422,25.450000762939453,25.299999237060547,26.350000381469727
65.csv_Day7_17h30m,19.020000457763672,8.359999656677246,14.869999885559082,18.3799991607666,14.789999961853027,17.8799991607666,17.579999923706055,17.420000076293945,16.770000457763672
65.csv_Day7_18h00m,1.0199999809265137,1.850000023841858,3.180000066757202,5.539999961853027,6.5,5.860000133514404,5.940000057220459,8.649999618530273,7.710000038146973
65.csv_Day7_18h30m,0.0,0.0,0.0,0.0,0.0,0.0,0.5699999928474426,0.0,0.0
65.csv_Day7_19h00m,0.0,0.0,0.0,0.0,0.0,0.0,0.0,0.0,0.0
65.csv_Day7_19h30m,0.0,0.0,0.0,0.0,0.0,0.0,0.0,0.0,0.0
65.csv_Day7_20h00m,0.0,0.0,0.0,0.0,0.0,0.0,0.0,0.0,0.0
65.csv_Day7_20h30m,0.0,0.0,0.0,0.0,0.0,0.0,0.0,0.0,0.0
65.csv_Day7_21h00m,0.0,0.0,0.0,0.0,0.0,0.0,0.0,0.0,0.0
65.csv_Day7_21h30m,0.0,0.0,0.0,0.0,0.0,0.0,0.0,0.0,0.0
65.csv_Day7_22h00m,0.0,0.0,0.0,0.0,0.0,0.0,0.0,0.0,0.0
65.csv_Day7_22h30m,0.0,0.0,0.0,0.0,0.0,0.0,0.0,0.0,0.0
65.csv_Day7_23h00m,0.0,0.0,0.0,0.0,0.0,0.0,0.0,0.0,0.0
65.csv_Day7_23h30m,0.0,0.0,0.0,0.0,0.0,0.0,0.0,0.0,0.0
65.csv_Day8_0h00m,0.0,0.0,0.0,0.0,0.0,0.0,0.0,0.0,0.0
65.csv_Day8_0h30m,0.0,0.0,0.0,0.0,0.0,0.0,0.0,0.0,0.0
65.csv_Day8_1h00m,0.0,0.0,0.0,0.0,0.0,0.0,0.0,0.0,0.0
65.csv_Day8_1h30m,0.0,0.0,0.0,0.0,0.0,0.0,0.0,0.0,0.0
65.csv_Day8_2h00m,0.0,0.0,0.0,0.0,0.0,0.0,0.0,0.0,0.0
65.csv_Day8_2h30m,0.0,0.0,0.0,0.0,0.0,0.0,0.0,0.0,0.0
65.csv_Day8_3h00m,0.0,0.0,0.0,0.0,0.0,0.0,0.0,0.0,0.0
65.csv_Day8_3h30m,0.0,0.0,0.0,0.0,0.0,0.0,0.0,0.0,0.0
65.csv_Day8_4h00m,0.0,0.0,0.0,0.0,0.0,0.0,0.0,0.0,0.0
65.csv_Day8_4h30m,0.0,0.0,0.0,0.0,0.0,0.0,0.0,0.0,0.0
65.csv_Day8_5h00m,0.0,0.0,0.0,0.0,0.0,0.0,0.0,0.0,0.0
65.csv_Day8_5h30m,0.0,0.0,0.0,0.0,0.0,0.0,0.0,0.0,0.0
65.csv_Day8_6h00m,0.0,1.0800000429153442,0.0,1.1399999856948853,4.070000171661377,5.880000114440918,3.7300000190734863,3.3499999046325684,3.240000009536743
65.csv_Day8_6h30m,2.240000009536743,4.480000019073486,6.860000133514404,6.710000038146973,7.840000152587891,8.369999885559082,12.050000190734863,8.609999656677246,10.600000381469727
65.csv_Day8_7h00m,13.229999542236328,5.710000038146973,14.670000076293945,16.239999771118164,8.850000381469727,12.539999961853027,21.43000030517578,16.979999542236328,17.850000381469727
65.csv_Day8_7h30m,22.299999237060547,18.889999389648438,12.399999618530273,14.65999984741211,13.539999961853027,22.579999923706055,20.979999542236328,26.639999389648438,27.469999313354492
65.csv_Day8_8h00m,36.79999923706055,21.5,26.209999084472656,16.809999465942383,33.470001220703125,39.2599983215332,35.619998931884766,34.93000030517578,42.790000915527344
65.csv_Day8_8h30m,41.099998474121094,24.940000534057617,30.1200008392334,31.0,37.470001220703125,45.40999984741211,49.7599983215332,44.189998626708984,53.5
65.csv_Day8_9h00m,19.81999969482422,23.329999923706055,51.06999969482422,46.11000061035156,49.38999938964844,57.18000030517578,59.689998626708984,50.52000045776367,62.54999923706055
65.csv_Day8_9h30m,21.010000228881836,30.170000076293945,56.88999938964844,29.809999465942383,48.45000076293945,63.619998931884766,67.52999877929688,63.290000915527344,71.37000274658203
65.csv_Day8_10h00m,42.7400016784668,37.0,66.30000305175781,32.619998931884766,56.060001373291016,70.18000030517578,74.63999938964844,69.62999725341797,78.91999816894531
65.csv_Day8_10h30m,60.59000015258789,45.959999084472656,69.22000122070312,33.619998931884766,49.63999938964844,72.98999786376953,78.54000091552734,72.27999877929688,83.56999969482422
65.csv_Day8_11h00m,63.599998474121094,56.709999084472656,65.30999755859375,49.41999816894531,48.29999923706055,79.69000244140625,84.58000183105469,76.08999633789062,88.94999694824219
65.csv_Day8_11h30m,61.0099983215332,52.970001220703125,66.72000122070312,36.040000915527344,45.459999084472656,76.77999877929688,84.77999877929688,76.05999755859375,89.80000305175781
65.csv_Day8_12h00m,57.86000061035156,60.34000015258789,67.98999786376953,41.63999938964844,44.09000015258789,81.36000061035156,85.4800033569336,80.86000061035156,90.97000122070312
65.csv_Day8_12h30m,58.689998626708984,37.77000045776367,66.79000091552734,51.04999923706055,48.31999969482422,82.20999908447266,86.45999908447266,79.62999725341797,89.11000061035156
65.csv_Day8_13h00m,61.2599983215332,40.79999923706055,64.86000061035156,72.51000213623047,63.34000015258789,82.37000274658203,84.13999938964844,79.33000183105469,87.8499984741211
65.csv_Day8_13h30m,62.619998931884766,28.959999084472656,69.66000366210938,49.84000015258789,67.26000213623047,78.12999725341797,78.61000061035156,73.30000305175781,81.5199966430664
65.csv_Day8_14h00m,56.09000015258789,44.619998931884766,74.9000015258789,61.25,70.48999786376953,74.01000213623047,74.91999816894531,67.94000244140625,75.88999938964844
65.csv_Day8_14h30m,44.33000183105469,51.189998626708984,69.23999786376953,62.58000183105469,68.33000183105469,71.36000061035156,66.30000305175781,64.80000305175781,71.58000183105469
65.csv_Day8_15h00m,39.20000076293945,12.569999694824219,55.33000183105469,44.540000915527344,52.529998779296875,57.2599983215332,66.88999938964844,43.939998626708984,63.91999816894531
65.csv_Day8_15h30m,29.239999771118164,9.550000190734863,43.560001373291016,29.299999237060547,36.79999923706055,47.20000076293945,55.95000076293945,34.849998474121094,53.4900016784668
65.csv_Day8_16h00m,34.08000183105469,14.5600004196167,38.939998626708984,25.729999542236328,35.11000061035156,33.83000183105469,47.31999969482422,30.670000076293945,45.099998474121094
65.csv_Day8_16h30m,19.0,12.819999694824219,12.260000228881836,28.31999969482422,30.459999084472656,24.030000686645508,35.16999816894531,26.25,36.310001373291016
65.csv_Day8_17h00m,2.0799999237060547,22.299999237060547,2.700000047683716,25.709999084472656,23.850000381469727,23.290000915527344,25.190000534057617,23.6299991607666,26.34000015258789
65.csv_Day8_17h30m,15.420000076293945,8.40999984741211,9.75,18.270000457763672,14.800000190734863,14.029999732971191,17.399999618530273,16.6299991607666,16.760000228881836
65.csv_Day8_18h00m,1.149999976158142,1.8600000143051147,3.569999933242798,5.510000228881836,6.510000228881836,5.960000038146973,5.849999904632568,8.680000305175781,7.710000038146973
65.csv_Day8_18h30m,0.0,0.0,0.0,0.0,0.0,0.0,0.6000000238418579,0.0,0.0
65.csv_Day8_19h00m,0.0,0.0,0.0,0.0,0.0,0.0,0.0,0.0,0.0
65.csv_Day8_19h30m,0.0,0.0,0.0,0.0,0.0,0.0,0.0,0.0,0.0
65.csv_Day8_20h00m,0.0,0.0,0.0,0.0,0.0,0.0,0.0,0.0,0.0
65.csv_Day8_20h30m,0.0,0.0,0.0,0.0,0.0,0.0,0.0,0.0,0.0
65.csv_Day8_21h00m,0.0,0.0,0.0,0.0,0.0,0.0,0.0,0.0,0.0
65.csv_Day8_21h30m,0.0,0.0,0.0,0.0,0.0,0.0,0.0,0.0,0.0
65.csv_Day8_22h00m,0.0,0.0,0.0,0.0,0.0,0.0,0.0,0.0,0.0
65.csv_Day8_22h30m,0.0,0.0,0.0,0.0,0.0,0.0,0.0,0.0,0.0
65.csv_Day8_23h00m,0.0,0.0,0.0,0.0,0.0,0.0,0.0,0.0,0.0
65.csv_Day8_23h30m,0.0,0.0,0.0,0.0,0.0,0.0,0.0,0.0,0.0
66.csv_Day7_0h00m,0.0,0.0,0.0,0.0,0.0,0.0,0.0,0.0,0.0
66.csv_Day7_0h30m,0.0,0.0,0.0,0.0,0.0,0.0,0.0,0.0,0.0
66.csv_Day7_1h00m,0.0,0.0,0.0,0.0,0.0,0.0,0.0,0.0,0.0
66.csv_Day7_1h30m,0.0,0.0,0.0,0.0,0.0,0.0,0.0,0.0,0.0
66.csv_Day7_2h00m,0.0,0.0,0.0,0.0,0.0,0.0,0.0,0.0,0.0
66.csv_Day7_2h30m,0.0,0.0,0.0,0.0,0.0,0.0,0.0,0.0,0.0
66.csv_Day7_3h00m,0.0,0.0,0.0,0.0,0.0,0.0,0.0,0.0,0.0
66.csv_Day7_3h30m,0.0,0.0,0.0,0.0,0.0,0.0,0.0,0.0,0.0
66.csv_Day7_4h00m,0.0,0.0,0.0,0.0,0.0,0.0,0.0,0.0,0.0
66.csv_Day7_4h30m,0.0,0.0,0.0,0.0,0.0,0.0,0.0,0.0,0.0
66.csv_Day7_5h00m,0.12999999523162842,0.9300000071525574,0.8899999856948853,1.149999976158142,1.7300000190734863,1.0099999904632568,1.2300000190734863,1.4500000476837158,1.7699999809265137
66.csv_Day7_5h30m,2.359999895095825,8.300000190734863,3.869999885559082,4.760000228881836,7.46999979019165,7.289999961853027,6.820000171661377,7.449999809265137,7.739999771118164
66.csv_Day7_6h00m,8.550000190734863,14.869999885559082,6.619999885559082,13.029999732971191,14.890000343322754,14.369999885559082,14.729999542236328,16.110000610351562,15.899999618530273
66.csv_Day7_6h30m,12.920000076293945,18.43000030517578,11.289999961853027,18.06999969482422,20.829999923706055,20.719999313354492,24.059999465942383,24.719999313354492,23.440000534057617
66.csv_Day7_7h00m,15.800000190734863,21.389999389648438,9.970000267028809,25.90999984741211,31.299999237060547,29.309999465942383,33.36000061035156,35.400001525878906,35.459999084472656
66.csv_Day7_7h30m,18.8700008392334,30.829999923706055,14.010000228881836,39.470001220703125,42.02000045776367,40.060001373291016,44.0099983215332,44.439998626708984,43.5
66.csv_Day7_8h00m,14.15999984741211,16.899999618530273,15.199999809265137,37.33000183105469,47.77000045776367,44.939998626708984,49.790000915527344,52.72999954223633,53.4900016784668
66.csv_Day7_8h30m,20.899999618530273,34.779998779296875,30.219999313354492,50.02000045776367,59.2400016784668,54.18000030517578,59.63999938964844,62.560001373291016,62.540000915527344
66.csv_Day7_9h00m,24.780000686645508,25.1299991607666,50.29999923706055,50.189998626708984,62.77000045776367,59.959999084472656,65.54000091552734,69.93000030517578,69.3499984741211
66.csv_Day7_9h30m,35.290000915527344,36.619998931884766,18.809999465942383,48.40999984741211,55.060001373291016,60.279998779296875,67.81999969482422,71.26000213623047,71.4800033569336
66.csv_Day7_10h00m,15.380000114440918,22.3700008392334,56.52000045776367,49.529998779296875,58.27000045776367,66.5999984741211,73.43000030517578,78.08999633789062,78.05999755859375
66.csv_Day7_10h30m,15.300000190734863,12.260000228881836,63.9900016784668,27.700000762939453,64.81999969482422,72.97000122070312,79.05999755859375,85.31999969482422,85.93000030517578
66.csv_Day7_11h00m,3.049999952316284,37.93000030517578,69.38999938964844,35.119998931884766,78.33999633789062,78.41000366210938,82.94000244140625,87.55999755859375,90.5199966430664
66.csv_Day7_11h30m,4.670000076293945,32.08000183105469,56.970001220703125,35.720001220703125,68.68000030517578,81.12999725341797,83.19999694824219,86.72000122070312,91.75
66.csv_Day7_12h00m,3.359999895095825,12.989999771118164,55.439998626708984,31.829999923706055,64.44000244140625,79.25,83.91999816894531,88.87999725341797,93.0
66.csv_Day7_12h30m,4.130000114440918,9.930000305175781,59.97999954223633,43.72999954223633,69.33999633789062,77.62999725341797,82.68000030517578,88.4800033569336,92.04000091552734
66.csv_Day7_13h00m,22.270000457763672,28.489999771118164,70.5999984741211,63.7599983215332,73.47000122070312,75.61000061035156,81.3499984741211,86.5199966430664,90.61000061035156
66.csv_Day7_13h30m,34.189998626708984,43.470001220703125,68.75,68.58999633789062,73.91000366210938,64.13999938964844,71.77999877929688,80.25,86.62999725341797
66.csv_Day7_14h00m,22.010000228881836,32.849998474121094,61.83000183105469,63.38999938964844,72.25,64.73999786376953,69.91000366210938,79.16999816894531,81.70999908447266
66.csv_Day7_14h30m,17.780000686645508,17.850000381469727,51.79999923706055,57.540000915527344,67.0999984741211,62.380001068115234,67.12000274658203,74.20999908447266,75.80000305175781
66.csv_Day7_15h00m,10.050000190734863,25.309999465942383,44.7400016784668,52.65999984741211,60.7599983215332,53.7599983215332,59.75,67.5999984741211,68.77999877929688
66.csv_Day7_15h30m,15.789999961853027,29.8700008392334,45.279998779296875,38.58000183105469,53.40999984741211,31.90999984741211,49.88999938964844,58.349998474121094,61.33000183105469
66.csv_Day7_16h00m,12.470000267028809,14.390000343322754,37.0,21.0,42.540000915527344,43.5099983215332,45.65999984741211,51.27000045776367,53.599998474121094
66.csv_Day7_16h30m,16.760000228881836,14.390000343322754,28.440000534057617,12.75,33.25,39.689998626708984,40.25,44.290000915527344,43.38999938964844
66.csv_Day7_17h00m,7.860000133514404,9.90999984741211,22.40999984741211,16.34000015258789,33.0,30.25,30.389999389648438,35.369998931884766,36.849998474121094
66.csv_Day7_17h30m,12.020000457763672,12.020000457763672,19.489999771118164,12.479999542236328,24.639999389648438,22.989999771118164,24.510000228881836,25.920000076293945,26.8799991607666
66.csv_Day7_18h00m,4.539999961853027,6.909999847412109,10.199999809265137,9.229999542236328,15.010000228881836,14.399999618530273,16.239999771118164,17.34000015258789,18.81999969482422
66.csv_Day7_18h30m,0.7799999713897705,2.319999933242798,0.3499999940395355,2.819999933242798,4.760000228881836,6.190000057220459,7.28000020980835,9.800000190734863,9.729999542236328
66.csv_Day7_19h00m,0.0,0.6499999761581421,3.5899999141693115,3.859999895095825,2.4200000762939453,4.440000057220459,2.5299999713897705,4.360000133514404,3.5799999237060547
66.csv_Day7_19h30m,0.0,0.0,0.0,0.0,0.0,0.0,0.0,0.0,0.0
66.csv_Day7_20h00m,0.0,0.0,0.0,0.0,0.0,0.0,0.0,0.0,0.0
66.csv_Day7_20h30m,0.0,0.0,0.0,0.0,0.0,0.0,0.0,0.0,0.0
66.csv_Day7_21h00m,0.0,0.0,0.0,0.0,0.0,0.0,0.0,0.0,0.0
66.csv_Day7_21h30m,0.0,0.0,0.0,0.0,0.0,0.0,0.0,0.0,0.0
66.csv_Day7_22h00m,0.0,0.0,0.0,0.0,0.0,0.0,0.0,0.0,0.0
66.csv_Day7_22h30m,0.0,0.0,0.0,0.0,0.0,0.0,0.0,0.0,0.0
66.csv_Day7_23h00m,0.0,0.0,0.0,0.0,0.0,0.0,0.0,0.0,0.0
66.csv_Day7_23h30m,0.0,0.0,0.0,0.0,0.0,0.0,0.0,0.0,0.0
66.csv_Day8_0h00m,0.0,0.0,0.0,0.0,0.0,0.0,0.0,0.0,0.0
66.csv_Day8_0h30m,0.0,0.0,0.0,0.0,0.0,0.0,0.0,0.0,0.0
66.csv_Day8_1h00m,0.0,0.0,0.0,0.0,0.0,0.0,0.0,0.0,0.0
66.csv_Day8_1h30m,0.0,0.0,0.0,0.0,0.0,0.0,0.0,0.0,0.0
66.csv_Day8_2h00m,0.0,0.0,0.0,0.0,0.0,0.0,0.0,0.0,0.0
66.csv_Day8_2h30m,0.0,0.0,0.0,0.0,0.0,0.0,0.0,0.0,0.0
66.csv_Day8_3h00m,0.0,0.0,0.0,0.0,0.0,0.0,0.0,0.0,0.0
66.csv_Day8_3h30m,0.0,0.0,0.0,0.0,0.0,0.0,0.0,0.0,0.0
66.csv_Day8_4h00m,0.0,0.0,0.0,0.0,0.0,0.0,0.0,0.0,0.0
66.csv_Day8_4h30m,0.0,0.0,0.0,0.0,0.0,0.0,0.0,0.0,0.0
66.csv_Day8_5h00m,0.28999999165534973,0.9399999976158142,0.5799999833106995,1.1399999856948853,1.7300000190734863,1.340000033378601,1.2999999523162842,1.440000057220459,1.7699999809265137
66.csv_Day8_5h30m,1.940000057220459,8.350000381469727,6.46999979019165,4.730000019073486,7.480000019073486,7.579999923706055,6.71999979019165,7.570000171661377,7.739999771118164
66.csv_Day8_6h00m,7.380000114440918,14.960000038146973,15.65999984741211,12.949999809265137,14.899999618530273,14.3100004196167,14.850000381469727,16.049999237060547,15.890000343322754
66.csv_Day8_6h30m,14.420000076293945,18.540000915527344,21.450000762939453,17.959999084472656,20.84000015258789,21.649999618530273,24.799999237060547,24.600000381469727,23.43000030517578
66.csv_Day8_7h00m,18.530000686645508,21.510000228881836,30.040000915527344,25.760000228881836,31.31999969482422,31.6299991607666,34.459999084472656,35.529998779296875,35.439998626708984
66.csv_Day8_7h30m,24.31999969482422,31.0,41.66999816894531,39.22999954223633,42.04999923706055,42.369998931884766,44.689998626708984,44.209999084472656,43.47999954223633
66.csv_Day8_8h00m,17.790000915527344,17.0,33.86000061035156,37.099998474121094,47.810001373291016,46.119998931884766,51.81999969482422,52.939998626708984,53.470001220703125
66.csv_Day8_8h30m,28.56999969482422,34.97999954223633,46.47999954223633,49.720001220703125,59.290000915527344,54.45000076293945,61.880001068115234,61.650001525878906,62.52000045776367
66.csv_Day8_9h00m,15.149999618530273,25.270000457763672,48.810001373291016,49.88999938964844,62.81999969482422,51.560001373291016,68.20999908447266,69.70999908447266,69.31999969482422
66.csv_Day8_9h30m,34.869998931884766,36.81999969482422,54.470001220703125,48.119998931884766,55.099998474121094,71.98999786376953,70.66999816894531,71.61000061035156,71.44999694824219
66.csv_Day8_10h00m,1.4600000381469727,22.5,54.52000045776367,49.22999954223633,58.31999969482422,80.75,76.81999969482422,78.80999755859375,78.0199966430664
66.csv_Day8_10h30m,1.6399999856948853,12.329999923706055,48.4900016784668,27.530000686645508,64.87000274658203,61.439998626708984,82.6500015258789,85.44000244140625,85.88999938964844
66.csv_Day8_11h00m,2.390000104904175,38.13999938964844,58.099998474121094,34.900001525878906,78.4000015258789,67.83000183105469,86.2699966430664,87.0999984741211,90.4800033569336
66.csv_Day8_11h30m,12.050000190734863,32.2599983215332,53.470001220703125,35.5,68.73999786376953,66.7300033569336,86.27999877929688,85.87999725341797,91.70999908447266
66.csv_Day8_12h00m,2.640000104904175,13.0600004196167,44.650001525878906,31.6299991607666,64.48999786376953,61.72999954223633,87.5,89.08999633789062,92.95999908447266
66.csv_Day8_12h30m,1.9299999475479126,9.979999542236328,38.779998779296875,43.459999084472656,69.38999938964844,71.9800033569336,86.43000030517578,88.4000015258789,92.0
66.csv_Day8_13h00m,2.559999942779541,28.649999618530273,46.93000030517578,63.369998931884766,73.52999877929688,68.33000183105469,85.01000213623047,87.66999816894531,90.56999969482422
66.csv_Day8_13h30m,21.450000762939453,43.709999084472656,58.18000030517578,68.18000030517578,73.95999908447266,67.98999786376953,74.91999816894531,81.06999969482422,86.58999633789062
66.csv_Day8_14h00m,10.510000228881836,33.029998779296875,52.0,63.0,72.30000305175781,75.87999725341797,72.98999786376953,78.0999984741211,81.68000030517578
66.csv_Day8_14h30m,4.53000020980835,17.950000762939453,46.779998779296875,57.189998626708984,67.1500015258789,71.83000183105469,70.04000091552734,72.54000091552734,75.7699966430664
66.csv_Day8_15h00m,4.199999809265137,25.450000762939453,41.810001373291016,52.34000015258789,60.79999923706055,66.23999786376953,62.310001373291016,65.55999755859375,68.76000213623047
66.csv_Day8_15h30m,9.25,30.040000915527344,42.40999984741211,38.349998474121094,53.45000076293945,54.869998931884766,51.959999084472656,56.84000015258789,61.310001373291016
66.csv_Day8_16h00m,7.329999923706055,14.470000267028809,11.350000381469727,20.8700008392334,42.56999969482422,46.20000076293945,47.4900016784668,51.7400016784668,53.58000183105469
66.csv_Day8_16h30m,14.680000305175781,14.479999542236328,7.960000038146973,12.670000076293945,33.279998779296875,41.11000061035156,41.47999954223633,42.709999084472656,43.369998931884766
66.csv_Day8_17h00m,7.010000228881836,9.960000038146973,12.930000305175781,16.25,33.02000045776367,33.209999084472656,31.59000015258789,35.7400016784668,36.83000183105469
66.csv_Day8_17h30m,15.84000015258789,12.09000015258789,19.829999923706055,12.399999618530273,24.65999984741211,20.729999542236328,25.3700008392334,25.1299991607666,26.8700008392334
66.csv_Day8_18h00m,0.9800000190734863,6.949999809265137,12.989999771118164,9.170000076293945,15.020000457763672,15.779999732971191,16.760000228881836,17.190000534057617,18.809999465942383
66.csv_Day8_18h30m,0.5699999928474426,2.3399999141693115,2.6700000762939453,2.799999952316284,4.760000228881836,6.039999961853027,7.420000076293945,6.519999980926514,9.720000267028809
66.csv_Day8_19h00m,0.0,0.6600000262260437,2.069999933242798,3.8299999237060547,2.4200000762939453,3.9200000762939453,2.5299999713897705,4.900000095367432,3.5799999237060547
66.csv_Day8_19h30m,0.0,0.0,0.0,0.0,0.0,0.0,0.0,0.0,0.0
66.csv_Day8_20h00m,0.0,0.0,0.0,0.0,0.0,0.0,0.0,0.0,0.0
66.csv_Day8_20h30m,0.0,0.0,0.0,0.0,0.0,0.0,0.0,0.0,0.0
66.csv_Day8_21h00m,0.0,0.0,0.0,0.0,0.0,0.0,0.0,0.0,0.0
66.csv_Day8_21h30m,0.0,0.0,0.0,0.0,0.0,0.0,0.0,0.0,0.0
66.csv_Day8_22h00m,0.0,0.0,0.0,0.0,0.0,0.0,0.0,0.0,0.0
66.csv_Day8_22h30m,0.0,0.0,0.0,0.0,0.0,0.0,0.0,0.0,0.0
66.csv_Day8_23h00m,0.0,0.0,0.0,0.0,0.0,0.0,0.0,0.0,0.0
66.csv_Day8_23h30m,0.0,0.0,0.0,0.0,0.0,0.0,0.0,0.0,0.0
67.csv_Day7_0h00m,0.0,0.0,0.0,0.0,0.0,0.0,0.0,0.0,0.0
67.csv_Day7_0h30m,0.0,0.0,0.0,0.0,0.0,0.0,0.0,0.0,0.0
67.csv_Day7_1h00m,0.0,0.0,0.0,0.0,0.0,0.0,0.0,0.0,0.0
67.csv_Day7_1h30m,0.0,0.0,0.0,0.0,0.0,0.0,0.0,0.0,0.0
67.csv_Day7_2h00m,0.0,0.0,0.0,0.0,0.0,0.0,0.0,0.0,0.0
67.csv_Day7_2h30m,0.0,0.0,0.0,0.0,0.0,0.0,0.0,0.0,0.0
67.csv_Day7_3h00m,0.0,0.0,0.0,0.0,0.0,0.0,0.0,0.0,0.0
67.csv_Day7_3h30m,0.0,0.0,0.0,0.0,0.0,0.0,0.0,0.0,0.0
67.csv_Day7_4h00m,0.0,0.0,0.0,0.0,0.0,0.0,0.0,0.0,0.0
67.csv_Day7_4h30m,0.0,0.0,0.0,0.0,0.0,0.0,0.0,0.0,0.0
67.csv_Day7_5h00m,0.0,0.0,0.0,0.0,0.0,0.0,0.0,0.0,0.0
67.csv_Day7_5h30m,0.0,0.0,0.0,0.0,0.0,0.0,0.0,0.0,0.0
67.csv_Day7_6h00m,0.0,0.0,0.0,0.0,0.0,0.0,0.0,0.0,0.0
67.csv_Day7_6h30m,0.0,0.0,0.0,0.0,0.0,0.0,0.0,0.0,0.0
67.csv_Day7_7h00m,0.0,0.4699999988079071,0.0,1.8600000143051147,1.809999942779541,1.6799999475479126,2.4700000286102295,3.1500000953674316,2.2799999713897705
67.csv_Day7_7h30m,6.230000019073486,3.0799999237060547,6.150000095367432,5.860000133514404,6.210000038146973,9.100000381469727,7.690000057220459,11.819999694824219,8.539999961853027
67.csv_Day7_8h00m,9.9399995803833,3.859999895095825,15.109999656677246,10.420000076293945,15.729999542236328,17.15999984741211,15.899999618530273,20.1299991607666,15.420000076293945
67.csv_Day7_8h30m,13.550000190734863,16.709999084472656,24.399999618530273,13.1899995803833,22.84000015258789,23.350000381469727,18.1200008392334,28.93000030517578,22.360000610351562
67.csv_Day7_9h00m,18.110000610351562,31.079999923706055,30.989999771118164,18.479999542236328,32.22999954223633,30.719999313354492,23.059999465942383,37.15999984741211,29.579999923706055
67.csv_Day7_9h30m,20.350000381469727,37.709999084472656,39.439998626708984,20.43000030517578,38.459999084472656,37.54999923706055,26.799999237060547,43.70000076293945,35.68000030517578
67.csv_Day7_10h00m,25.18000030517578,42.970001220703125,44.150001525878906,22.84000015258789,38.0099983215332,43.20000076293945,35.61000061035156,50.59000015258789,41.41999816894531
67.csv_Day7_10h30m,36.11000061035156,41.9900016784668,51.22999954223633,21.489999771118164,39.25,48.65999984741211,44.380001068115234,54.459999084472656,46.400001525878906
67.csv_Day7_11h00m,41.95000076293945,37.130001068115234,53.5,28.34000015258789,39.029998779296875,50.939998626708984,47.439998626708984,57.189998626708984,49.75
67.csv_Day7_11h30m,41.91999816894531,33.959999084472656,55.41999816894531,38.119998931884766,39.91999816894531,53.5099983215332,51.189998626708984,59.13999938964844,52.45000076293945
67.csv_Day7_12h00m,44.040000915527344,35.599998474121094,56.209999084472656,42.0,41.0099983215332,54.08000183105469,49.72999954223633,59.65999984741211,51.88999938964844
67.csv_Day7_12h30m,42.38999938964844,35.20000076293945,55.02000045776367,42.11000061035156,40.709999084472656,52.61000061035156,48.65999984741211,57.31999969482422,50.4900016784668
67.csv_Day7_13h00m,39.630001068115234,39.58000183105469,51.2599983215332,39.470001220703125,39.959999084472656,48.369998931884766,44.18000030517578,52.900001525878906,45.869998931884766
67.csv_Day7_13h30m,32.88999938964844,37.84000015258789,46.369998931884766,34.970001220703125,35.54999923706055,39.61000061035156,42.040000915527344,47.150001525878906,42.04999923706055
67.csv_Day7_14h00m,27.540000915527344,29.829999923706055,39.369998931884766,31.280000686645508,31.079999923706055,29.190000534057617,38.06999969482422,41.65999984741211,38.29999923706055
67.csv_Day7_14h30m,26.59000015258789,18.489999771118164,29.43000030517578,26.1200008392334,25.829999923706055,28.110000610351562,31.389999389648438,33.88999938964844,32.18000030517578
67.csv_Day7_15h00m,10.020000457763672,25.459999084472656,20.530000686645508,13.710000038146973,22.010000228881836,24.649999618530273,21.770000457763672,24.950000762939453,24.209999084472656
67.csv_Day7_15h30m,10.239999771118164,11.630000114440918,15.199999809265137,8.859999656677246,15.920000076293945,16.8799991607666,14.989999771118164,16.399999618530273,16.610000610351562
67.csv_Day7_16h00m,5.510000228881836,3.700000047683716,9.399999618530273,5.789999961853027,7.510000228881836,9.779999732971191,9.420000076293945,10.539999961853027,8.760000228881836
67.csv_Day7_16h30m,0.0,0.0,0.0,0.0,1.649999976158142,0.7799999713897705,1.5299999713897705,2.390000104904175,1.5299999713897705
67.csv_Day7_17h00m,0.0,0.0,0.0,0.0,0.0,0.0,0.0,0.0,0.0
67.csv_Day7_17h30m,0.0,0.0,0.0,0.0,0.0,0.0,0.0,0.0,0.0
67.csv_Day7_18h00m,0.0,0.0,0.0,0.0,0.0,0.0,0.0,0.0,0.0
67.csv_Day7_18h30m,0.0,0.0,0.0,0.0,0.0,0.0,0.0,0.0,0.0
67.csv_Day7_19h00m,0.0,0.0,0.0,0.0,0.0,0.0,0.0,0.0,0.0
67.csv_Day7_19h30m,0.0,0.0,0.0,0.0,0.0,0.0,0.0,0.0,0.0
67.csv_Day7_20h00m,0.0,0.0,0.0,0.0,0.0,0.0,0.0,0.0,0.0
67.csv_Day7_20h30m,0.0,0.0,0.0,0.0,0.0,0.0,0.0,0.0,0.0
67.csv_Day7_21h00m,0.0,0.0,0.0,0.0,0.0,0.0,0.0,0.0,0.0
67.csv_Day7_21h30m,0.0,0.0,0.0,0.0,0.0,0.0,0.0,0.0,0.0
67.csv_Day7_22h00m,0.0,0.0,0.0,0.0,0.0,0.0,0.0,0.0,0.0
67.csv_Day7_22h30m,0.0,0.0,0.0,0.0,0.0,0.0,0.0,0.0,0.0
67.csv_Day7_23h00m,0.0,0.0,0.0,0.0,0.0,0.0,0.0,0.0,0.0
67.csv_Day7_23h30m,0.0,0.0,0.0,0.0,0.0,0.0,0.0,0.0,0.0
67.csv_Day8_0h00m,0.0,0.0,0.0,0.0,0.0,0.0,0.0,0.0,0.0
67.csv_Day8_0h30m,0.0,0.0,0.0,0.0,0.0,0.0,0.0,0.0,0.0
67.csv_Day8_1h00m,0.0,0.0,0.0,0.0,0.0,0.0,0.0,0.0,0.0
67.csv_Day8_1h30m,0.0,0.0,0.0,0.0,0.0,0.0,0.0,0.0,0.0
67.csv_Day8_2h00m,0.0,0.0,0.0,0.0,0.0,0.0,0.0,0.0,0.0
67.csv_Day8_2h30m,0.0,0.0,0.0,0.0,0.0,0.0,0.0,0.0,0.0
67.csv_Day8_3h00m,0.0,0.0,0.0,0.0,0.0,0.0,0.0,0.0,0.0
67.csv_Day8_3h30m,0.0,0.0,0.0,0.0,0.0,0.0,0.0,0.0,0.0
67.csv_Day8_4h00m,0.0,0.0,0.0,0.0,0.0,0.0,0.0,0.0,0.0
67.csv_Day8_4h30m,0.0,0.0,0.0,0.0,0.0,0.0,0.0,0.0,0.0
67.csv_Day8_5h00m,0.0,0.0,0.0,0.0,0.0,0.0,0.0,0.0,0.0
67.csv_Day8_5h30m,0.0,0.0,0.0,0.0,0.0,0.0,0.0,0.0,0.0
67.csv_Day8_6h00m,0.0,0.0,0.0,0.0,0.0,0.0,0.0,0.0,0.0
67.csv_Day8_6h30m,0.0,0.0,0.0,0.0,0.0,0.0,0.0,0.0,0.0
67.csv_Day8_7h00m,0.0,0.4699999988079071,0.0,1.850000023841858,1.809999942779541,1.5800000429153442,2.4100000858306885,2.940000057220459,2.2799999713897705
67.csv_Day8_7h30m,0.8199999928474426,3.0999999046325684,5.159999847412109,5.820000171661377,6.210000038146973,8.260000228881836,7.570000171661377,9.069999694824219,8.539999961853027
67.csv_Day8_8h00m,4.71999979019165,3.880000114440918,9.5600004196167,10.350000381469727,15.739999771118164,18.81999969482422,15.720000267028809,19.219999313354492,15.420000076293945
67.csv_Day8_8h30m,11.8100004196167,16.799999237060547,14.880000114440918,13.109999656677246,22.860000610351562,24.43000030517578,17.93000030517578,28.84000015258789,22.350000381469727
67.csv_Day8_9h00m,17.360000610351562,31.260000228881836,18.530000686645508,18.3700008392334,32.2599983215332,32.16999816894531,22.809999465942383,35.65999984741211,29.56999969482422
67.csv_Day8_9h30m,19.809999465942383,37.91999816894531,27.200000762939453,20.309999465942383,38.47999954223633,38.279998779296875,26.520000457763672,41.5,35.66999816894531
67.csv_Day8_10h00m,18.350000381469727,43.209999084472656,31.8799991607666,22.709999084472656,38.040000915527344,43.16999816894531,35.27000045776367,46.689998626708984,41.400001525878906
67.csv_Day8_10h30m,21.959999084472656,42.22999954223633,42.189998626708984,21.360000610351562,39.279998779296875,46.560001373291016,43.970001220703125,50.58000183105469,46.380001068115234
67.csv_Day8_11h00m,24.079999923706055,37.34000015258789,45.5,28.170000076293945,39.060001373291016,49.439998626708984,47.0,52.68000030517578,49.72999954223633
67.csv_Day8_11h30m,33.08000183105469,34.150001525878906,46.5,37.88999938964844,39.95000076293945,52.13999938964844,50.720001220703125,54.2400016784668,52.43000030517578
67.csv_Day8_12h00m,31.68000030517578,35.79999923706055,41.689998626708984,41.75,41.040000915527344,52.650001525878906,49.279998779296875,53.689998626708984,51.86000061035156
67.csv_Day8_12h30m,32.31999969482422,35.400001525878906,37.75,41.86000061035156,40.75,50.650001525878906,48.209999084472656,50.119998931884766,50.470001220703125
67.csv_Day8_13h00m,25.459999084472656,39.79999923706055,36.810001373291016,39.22999954223633,39.9900016784668,45.310001373291016,43.77000045776367,43.779998779296875,45.849998474121094
67.csv_Day8_13h30m,23.09000015258789,38.04999923706055,37.61000061035156,34.7599983215332,35.58000183105469,39.40999984741211,41.650001525878906,36.90999984741211,42.029998779296875
67.csv_Day8_14h00m,18.639999389648438,29.989999771118164,23.579999923706055,31.09000015258789,31.110000610351562,30.520000457763672,37.709999084472656,31.510000228881836,38.279998779296875
67.csv_Day8_14h30m,19.719999313354492,18.59000015258789,8.90999984741211,25.969999313354492,25.850000381469727,17.010000228881836,31.09000015258789,25.020000457763672,32.16999816894531
67.csv_Day8_15h00m,15.4399995803833,25.600000381469727,10.0600004196167,13.630000114440918,22.030000686645508,19.329999923706055,21.549999237060547,19.34000015258789,24.200000762939453
67.csv_Day8_15h30m,9.260000228881836,11.6899995803833,12.979999542236328,8.800000190734863,15.930000305175781,9.989999771118164,14.819999694824219,10.75,16.600000381469727
67.csv_Day8_16h00m,0.9100000262260437,3.7200000286102295,6.980000019073486,5.75,7.510000228881836,4.929999828338623,9.289999961853027,3.8499999046325684,8.760000228881836
67.csv_Day8_16h30m,0.0,0.0,0.0,0.0,1.649999976158142,1.25,1.6100000143051147,1.059999942779541,1.5299999713897705
67.csv_Day8_17h00m,0.0,0.0,0.0,0.0,0.0,0.0,0.0,0.0,0.0
67.csv_Day8_17h30m,0.0,0.0,0.0,0.0,0.0,0.0,0.0,0.0,0.0
67.csv_Day8_18h00m,0.0,0.0,0.0,0.0,0.0,0.0,0.0,0.0,0.0
67.csv_Day8_18h30m,0.0,0.0,0.0,0.0,0.0,0.0,0.0,0.0,0.0
67.csv_Day8_19h00m,0.0,0.0,0.0,0.0,0.0,0.0,0.0,0.0,0.0
67.csv_Day8_19h30m,0.0,0.0,0.0,0.0,0.0,0.0,0.0,0.0,0.0
67.csv_Day8_20h00m,0.0,0.0,0.0,0.0,0.0,0.0,0.0,0.0,0.0
67.csv_Day8_20h30m,0.0,0.0,0.0,0.0,0.0,0.0,0.0,0.0,0.0
67.csv_Day8_21h00m,0.0,0.0,0.0,0.0,0.0,0.0,0.0,0.0,0.0
67.csv_Day8_21h30m,0.0,0.0,0.0,0.0,0.0,0.0,0.0,0.0,0.0
67.csv_Day8_22h00m,0.0,0.0,0.0,0.0,0.0,0.0,0.0,0.0,0.0
67.csv_Day8_22h30m,0.0,0.0,0.0,0.0,0.0,0.0,0.0,0.0,0.0
67.csv_Day8_23h00m,0.0,0.0,0.0,0.0,0.0,0.0,0.0,0.0,0.0
67.csv_Day8_23h30m,0.0,0.0,0.0,0.0,0.0,0.0,0.0,0.0,0.0
68.csv_Day7_0h00m,0.0,0.0,0.0,0.0,0.0,0.0,0.0,0.0,0.0
68.csv_Day7_0h30m,0.0,0.0,0.0,0.0,0.0,0.0,0.0,0.0,0.0
68.csv_Day7_1h00m,0.0,0.0,0.0,0.0,0.0,0.0,0.0,0.0,0.0
68.csv_Day7_1h30m,0.0,0.0,0.0,0.0,0.0,0.0,0.0,0.0,0.0
68.csv_Day7_2h00m,0.0,0.0,0.0,0.0,0.0,0.0,0.0,0.0,0.0
68.csv_Day7_2h30m,0.0,0.0,0.0,0.0,0.0,0.0,0.0,0.0,0.0
68.csv_Day7_3h00m,0.0,0.0,0.0,0.0,0.0,0.0,0.0,0.0,0.0
68.csv_Day7_3h30m,0.0,0.0,0.0,0.0,0.0,0.0,0.0,0.0,0.0
68.csv_Day7_4h00m,0.0,0.0,0.0,0.0,0.0,0.0,0.0,0.0,0.0
68.csv_Day7_4h30m,0.0,0.0,0.0,0.0,0.0,0.0,0.0,0.0,0.0
68.csv_Day7_5h00m,0.0,0.0,0.0,0.0,0.0,0.0,0.0,0.0,0.0
68.csv_Day7_5h30m,0.0,0.0,0.0,0.0,0.0,0.0,0.0,0.0,0.0
68.csv_Day7_6h00m,1.2999999523162842,2.190000057220459,4.170000076293945,2.990000009536743,3.8399999141693115,3.549999952316284,4.039999961853027,3.4100000858306885,4.079999923706055
68.csv_Day7_6h30m,4.980000019073486,8.119999885559082,9.869999885559082,10.40999984741211,10.84000015258789,10.270000457763672,11.670000076293945,11.430000305175781,11.649999618530273
68.csv_Day7_7h00m,8.949999809265137,11.5600004196167,20.739999771118164,16.350000381469727,18.579999923706055,19.520000457763672,20.329999923706055,20.139999389648438,20.709999084472656
68.csv_Day7_7h30m,13.789999961853027,19.09000015258789,29.290000915527344,18.8799991607666,24.31999969482422,28.59000015258789,30.049999237060547,30.34000015258789,30.6200008392334
68.csv_Day7_8h00m,32.5,16.3700008392334,37.65999984741211,37.11000061035156,37.9900016784668,38.709999084472656,40.459999084472656,40.560001373291016,40.52000045776367
68.csv_Day7_8h30m,43.70000076293945,26.549999237060547,46.56999969482422,46.540000915527344,43.11000061035156,47.84000015258789,49.279998779296875,49.150001525878906,49.689998626708984
68.csv_Day7_9h00m,46.20000076293945,44.68000030517578,52.529998779296875,55.880001068115234,52.470001220703125,55.9900016784668,57.56999969482422,57.86000061035156,57.93000030517578
68.csv_Day7_9h30m,51.29999923706055,52.4900016784668,57.040000915527344,63.099998474121094,62.689998626708984,62.88999938964844,64.54000091552734,65.02999877929688,64.7699966430664
68.csv_Day7_10h00m,58.59000015258789,50.31999969482422,49.04999923706055,63.380001068115234,68.22000122070312,65.70999908447266,71.05000305175781,71.11000061035156,70.45999908447266
68.csv_Day7_10h30m,65.9800033569336,53.91999816894531,50.779998779296875,71.43000030517578,71.80999755859375,72.43000030517578,75.11000061035156,76.4800033569336,75.43000030517578
68.csv_Day7_11h00m,67.62999725341797,58.91999816894531,44.04999923706055,70.51000213623047,72.08999633789062,73.87999725341797,77.52999877929688,79.91000366210938,77.88999938964844
68.csv_Day7_11h30m,53.4900016784668,50.95000076293945,53.13999938964844,70.08999633789062,74.81999969482422,75.2699966430664,77.05000305175781,80.23999786376953,75.4800033569336
68.csv_Day7_12h00m,36.810001373291016,52.310001373291016,67.26000213623047,77.27999877929688,76.62999725341797,78.19000244140625,79.83000183105469,82.54000091552734,79.56999969482422
68.csv_Day7_12h30m,49.72999954223633,43.880001068115234,70.11000061035156,73.95999908447266,68.16999816894531,77.36000061035156,79.37000274658203,81.0,80.29000091552734
68.csv_Day7_13h00m,45.779998779296875,44.810001373291016,70.0999984741211,71.88999938964844,67.7300033569336,74.16999816894531,76.19000244140625,77.83000183105469,77.44999694824219
68.csv_Day7_13h30m,43.75,42.189998626708984,67.30999755859375,67.29000091552734,62.099998474121094,69.22000122070312,70.80000305175781,71.16000366210938,71.08000183105469
68.csv_Day7_14h00m,42.58000183105469,32.33000183105469,68.12000274658203,48.79999923706055,43.29999923706055,65.68000030517578,66.66000366210938,66.0,66.27999877929688
68.csv_Day7_14h30m,33.709999084472656,29.15999984741211,62.029998779296875,37.439998626708984,37.81999969482422,58.13999938964844,59.279998779296875,60.59000015258789,61.9900016784668
68.csv_Day7_15h00m,31.549999237060547,15.600000381469727,48.349998474121094,32.279998779296875,31.719999313354492,49.25,49.9900016784668,52.22999954223633,54.79999923706055
68.csv_Day7_15h30m,26.469999313354492,4.420000076293945,39.13999938964844,31.149999618530273,29.450000762939453,34.22999954223633,39.75,43.81999969482422,46.86000061035156
68.csv_Day7_16h00m,23.68000030517578,11.430000305175781,33.04999923706055,28.6299991607666,25.56999969482422,14.369999885559082,30.860000610351562,33.72999954223633,34.400001525878906
68.csv_Day7_16h30m,14.630000114440918,10.9399995803833,27.549999237060547,17.770000457763672,24.59000015258789,6.25,25.790000915527344,17.90999984741211,27.860000610351562
68.csv_Day7_17h00m,4.449999809265137,10.109999656677246,9.3100004196167,8.0,11.09000015258789,2.809999942779541,16.010000228881836,10.520000457763672,18.700000762939453
68.csv_Day7_17h30m,2.2200000286102295,1.8899999856948853,1.5299999713897705,2.930000066757202,7.679999828338623,1.3799999952316284,7.78000020980835,3.369999885559082,9.579999923706055
68.csv_Day7_18h00m,0.0,0.0,0.0,1.149999976158142,1.5700000524520874,0.25999999046325684,1.6299999952316284,1.2899999618530273,1.840000033378601
68.csv_Day7_18h30m,0.0,0.0,0.0,0.0,0.0,0.0,0.0,0.0,0.0
68.csv_Day7_19h00m,0.0,0.0,0.0,0.0,0.0,0.0,0.0,0.0,0.0
68.csv_Day7_19h30m,0.0,0.0,0.0,0.0,0.0,0.0,0.0,0.0,0.0
68.csv_Day7_20h00m,0.0,0.0,0.0,0.0,0.0,0.0,0.0,0.0,0.0
68.csv_Day7_20h30m,0.0,0.0,0.0,0.0,0.0,0.0,0.0,0.0,0.0
68.csv_Day7_21h00m,0.0,0.0,0.0,0.0,0.0,0.0,0.0,0.0,0.0
68.csv_Day7_21h30m,0.0,0.0,0.0,0.0,0.0,0.0,0.0,0.0,0.0
68.csv_Day7_22h00m,0.0,0.0,0.0,0.0,0.0,0.0,0.0,0.0,0.0
68.csv_Day7_22h30m,0.0,0.0,0.0,0.0,0.0,0.0,0.0,0.0,0.0
68.csv_Day7_23h00m,0.0,0.0,0.0,0.0,0.0,0.0,0.0,0.0,0.0
68.csv_Day7_23h30m,0.0,0.0,0.0,0.0,0.0,0.0,0.0,0.0,0.0
68.csv_Day8_0h00m,0.0,0.0,0.0,0.0,0.0,0.0,0.0,0.0,0.0
68.csv_Day8_0h30m,0.0,0.0,0.0,0.0,0.0,0.0,0.0,0.0,0.0
68.csv_Day8_1h00m,0.0,0.0,0.0,0.0,0.0,0.0,0.0,0.0,0.0
68.csv_Day8_1h30m,0.0,0.0,0.0,0.0,0.0,0.0,0.0,0.0,0.0
68.csv_Day8_2h00m,0.0,0.0,0.0,0.0,0.0,0.0,0.0,0.0,0.0
68.csv_Day8_2h30m,0.0,0.0,0.0,0.0,0.0,0.0,0.0,0.0,0.0
68.csv_Day8_3h00m,0.0,0.0,0.0,0.0,0.0,0.0,0.0,0.0,0.0
68.csv_Day8_3h30m,0.0,0.0,0.0,0.0,0.0,0.0,0.0,0.0,0.0
68.csv_Day8_4h00m,0.0,0.0,0.0,0.0,0.0,0.0,0.0,0.0,0.0
68.csv_Day8_4h30m,0.0,0.0,0.0,0.0,0.0,0.0,0.0,0.0,0.0
68.csv_Day8_5h00m,0.0,0.0,0.0,0.0,0.0,0.0,0.0,0.0,0.0
68.csv_Day8_5h30m,0.0,0.0,0.0,0.0,0.0,0.0,0.0,0.0,0.0
68.csv_Day8_6h00m,1.9299999475479126,2.200000047683716,3.140000104904175,2.9700000286102295,3.8399999141693115,3.549999952316284,4.010000228881836,3.240000009536743,4.079999923706055
68.csv_Day8_6h30m,6.760000228881836,8.15999984741211,6.880000114440918,10.350000381469727,10.850000381469727,10.079999923706055,11.539999961853027,11.40999984741211,11.649999618530273
68.csv_Day8_7h00m,14.800000190734863,11.630000114440918,17.68000030517578,16.25,18.600000381469727,19.030000686645508,20.1200008392334,19.920000076293945,20.700000762939453
68.csv_Day8_7h30m,18.3700008392334,19.200000762939453,23.469999313354492,18.770000457763672,24.34000015258789,27.940000534057617,29.75,29.889999389648438,30.610000610351562
68.csv_Day8_8h00m,24.65999984741211,16.459999084472656,22.790000915527344,36.88999938964844,38.02000045776367,37.61000061035156,40.08000183105469,39.95000076293945,40.5
68.csv_Day8_8h30m,38.34000015258789,26.690000534057617,27.31999969482422,46.2599983215332,43.13999938964844,46.290000915527344,48.83000183105469,48.650001525878906,49.66999816894531
68.csv_Day8_9h00m,46.7599983215332,44.93000030517578,42.45000076293945,55.540000915527344,52.5099983215332,52.93000030517578,57.04999923706055,56.650001525878906,57.90999984741211
68.csv_Day8_9h30m,53.7599983215332,52.790000915527344,55.81999969482422,62.720001220703125,62.72999954223633,62.209999084472656,63.959999084472656,64.2699966430664,64.73999786376953
68.csv_Day8_10h00m,56.93000030517578,50.61000061035156,62.61000061035156,63.0,68.2699966430664,68.16000366210938,70.41999816894531,70.52999877929688,70.43000030517578
68.csv_Day8_10h30m,55.040000915527344,54.22999954223633,77.4000015258789,71.0,71.87000274658203,71.9800033569336,74.44999694824219,75.63999938964844,75.4000015258789
68.csv_Day8_11h00m,44.86000061035156,59.2599983215332,75.0,70.08000183105469,72.13999938964844,75.70999908447266,76.83999633789062,78.08000183105469,77.8499984741211
68.csv_Day8_11h30m,46.77000045776367,51.22999954223633,72.12000274658203,69.66999816894531,74.87999725341797,78.16999816894531,76.37000274658203,78.19999694824219,75.44000244140625
68.csv_Day8_12h00m,32.099998474121094,52.599998474121094,72.61000061035156,76.80999755859375,76.69000244140625,79.70999908447266,79.12000274658203,79.77999877929688,79.52999877929688
68.csv_Day8_12h30m,32.0,44.130001068115234,55.52000045776367,73.51000213623047,68.22000122070312,76.5999984741211,78.66999816894531,77.16000366210938,80.26000213623047
68.csv_Day8_13h00m,22.84000015258789,45.060001373291016,52.970001220703125,71.45999908447266,67.77999877929688,73.62000274658203,75.5199966430664,74.08000183105469,77.41999816894531
68.csv_Day8_13h30m,12.619999885559082,42.43000030517578,27.40999984741211,66.88999938964844,62.150001525878906,68.26000213623047,70.18000030517578,68.69000244140625,71.05000305175781
68.csv_Day8_14h00m,5.03000020980835,32.5099983215332,21.059999465942383,48.5,43.33000183105469,57.40999984741211,66.06999969482422,64.7300033569336,66.25
68.csv_Day8_14h30m,0.7799999713897705,29.329999923706055,29.010000228881836,37.220001220703125,37.849998474121094,35.779998779296875,61.31999969482422,59.59000015258789,61.959999084472656
68.csv_Day8_15h00m,0.8600000143051147,15.6899995803833,31.100000381469727,32.08000183105469,31.739999771118164,35.09000015258789,51.63999938964844,51.83000183105469,54.779998779296875
68.csv_Day8_15h30m,1.059999942779541,4.440000057220459,33.81999969482422,30.959999084472656,29.469999313354492,28.559999465942383,41.189998626708984,44.06999969482422,46.84000015258789
68.csv_Day8_16h00m,7.579999923706055,11.5,32.220001220703125,28.459999084472656,25.59000015258789,31.040000915527344,30.649999618530273,34.58000183105469,34.38999938964844
68.csv_Day8_16h30m,1.1100000143051147,11.0,30.780000686645508,17.65999984741211,24.610000610351562,25.600000381469727,25.530000686645508,27.15999984741211,27.850000381469727
68.csv_Day8_17h00m,0.6899999976158142,10.15999984741211,7.889999866485596,7.949999809265137,11.100000381469727,14.5600004196167,16.110000610351562,18.209999084472656,18.690000534057617
68.csv_Day8_17h30m,1.100000023841858,1.899999976158142,1.1399999856948853,2.9100000858306885,7.690000057220459,6.650000095367432,7.880000114440918,8.680000305175781,9.579999923706055
68.csv_Day8_18h00m,0.0,0.0,0.0,1.1399999856948853,1.5700000524520874,0.6100000143051147,1.7200000286102295,2.1600000858306885,1.840000033378601
68.csv_Day8_18h30m,0.0,0.0,0.0,0.0,0.0,0.0,0.0,0.0,0.0
68.csv_Day8_19h00m,0.0,0.0,0.0,0.0,0.0,0.0,0.0,0.0,0.0
68.csv_Day8_19h30m,0.0,0.0,0.0,0.0,0.0,0.0,0.0,0.0,0.0
68.csv_Day8_20h00m,0.0,0.0,0.0,0.0,0.0,0.0,0.0,0.0,0.0
68.csv_Day8_20h30m,0.0,0.0,0.0,0.0,0.0,0.0,0.0,0.0,0.0
68.csv_Day8_21h00m,0.0,0.0,0.0,0.0,0.0,0.0,0.0,0.0,0.0
68.csv_Day8_21h30m,0.0,0.0,0.0,0.0,0.0,0.0,0.0,0.0,0.0
68.csv_Day8_22h00m,0.0,0.0,0.0,0.0,0.0,0.0,0.0,0.0,0.0
68.csv_Day8_22h30m,0.0,0.0,0.0,0.0,0.0,0.0,0.0,0.0,0.0
68.csv_Day8_23h00m,0.0,0.0,0.0,0.0,0.0,0.0,0.0,0.0,0.0
68.csv_Day8_23h30m,0.0,0.0,0.0,0.0,0.0,0.0,0.0,0.0,0.0
69.csv_Day7_0h00m,0.0,0.0,0.0,0.0,0.0,0.0,0.0,0.0,0.0
69.csv_Day7_0h30m,0.0,0.0,0.0,0.0,0.0,0.0,0.0,0.0,0.0
69.csv_Day7_1h00m,0.0,0.0,0.0,0.0,0.0,0.0,0.0,0.0,0.0
69.csv_Day7_1h30m,0.0,0.0,0.0,0.0,0.0,0.0,0.0,0.0,0.0
69.csv_Day7_2h00m,0.0,0.0,0.0,0.0,0.0,0.0,0.0,0.0,0.0
69.csv_Day7_2h30m,0.0,0.0,0.0,0.0,0.0,0.0,0.0,0.0,0.0
69.csv_Day7_3h00m,0.0,0.0,0.0,0.0,0.0,0.0,0.0,0.0,0.0
69.csv_Day7_3h30m,0.0,0.0,0.0,0.0,0.0,0.0,0.0,0.0,0.0
69.csv_Day7_4h00m,0.0,0.0,0.0,0.0,0.0,0.0,0.0,0.0,0.0
69.csv_Day7_4h30m,0.0,0.0,0.0,0.0,0.0,0.0,0.0,0.0,0.0
69.csv_Day7_5h00m,0.0,0.0,0.0,1.9800000190734863,1.5700000524520874,1.4900000095367432,1.7200000286102295,2.490000009536743,2.7200000286102295
69.csv_Day7_5h30m,1.059999942779541,3.119999885559082,7.300000190734863,7.03000020980835,8.079999923706055,8.569999694824219,8.460000038146973,10.25,9.34000015258789
69.csv_Day7_6h00m,11.579999923706055,10.40999984741211,15.5600004196167,5.909999847412109,15.40999984741211,15.8100004196167,15.239999771118164,17.8700008392334,17.040000915527344
69.csv_Day7_6h30m,20.75,19.799999237060547,24.709999084472656,14.050000190734863,21.010000228881836,24.84000015258789,24.68000030517578,27.219999313354492,27.1299991607666
69.csv_Day7_7h00m,25.440000534057617,24.700000762939453,32.34000015258789,16.65999984741211,24.940000534057617,35.56999969482422,35.0,37.27000045776367,37.279998779296875
69.csv_Day7_7h30m,42.88999938964844,43.45000076293945,44.47999954223633,44.29999923706055,38.33000183105469,46.349998474121094,45.630001068115234,47.5,46.790000915527344
69.csv_Day7_8h00m,46.5,49.279998779296875,53.38999938964844,52.630001068115234,49.310001373291016,55.90999984741211,55.11000061035156,56.54999923706055,55.849998474121094
69.csv_Day7_8h30m,52.77000045776367,52.810001373291016,60.130001068115234,58.13999938964844,56.59000015258789,63.83000183105469,62.709999084472656,64.25,64.94000244140625
69.csv_Day7_9h00m,56.540000915527344,46.90999984741211,67.30000305175781,59.06999969482422,60.5,71.37999725341797,70.41999816894531,72.30999755859375,72.83000183105469
69.csv_Day7_9h30m,51.029998779296875,51.279998779296875,65.23999786376953,66.54000091552734,57.84000015258789,73.13999938964844,71.56999969482422,72.9800033569336,73.81999969482422
69.csv_Day7_10h00m,55.63999938964844,55.27000045776367,77.58000183105469,68.37000274658203,67.08000183105469,80.22000122070312,80.36000061035156,80.29000091552734,82.94999694824219
69.csv_Day7_10h30m,39.75,22.5,72.55000305175781,28.389999389648438,34.18000030517578,63.25,73.11000061035156,75.72000122070312,82.19999694824219
69.csv_Day7_11h00m,51.560001373291016,23.270000457763672,76.01000213623047,29.170000076293945,48.5,82.86000061035156,80.0,83.87000274658203,90.0199966430664
69.csv_Day7_11h30m,60.08000183105469,25.610000610351562,78.9000015258789,49.63999938964844,66.30000305175781,93.93000030517578,85.12999725341797,89.62000274658203,93.66999816894531
69.csv_Day7_12h00m,48.84000015258789,36.0,80.05000305175781,42.209999084472656,82.29000091552734,87.52999877929688,83.54000091552734,86.48999786376953,91.26000213623047
69.csv_Day7_12h30m,51.36000061035156,59.029998779296875,63.099998474121094,71.2699966430664,50.45000076293945,75.87999725341797,68.69999694824219,76.93000030517578,81.41999816894531
69.csv_Day7_13h00m,57.029998779296875,50.43000030517578,71.06999969482422,60.95000076293945,61.040000915527344,79.4800033569336,77.01000213623047,85.51000213623047,91.83000183105469
69.csv_Day7_13h30m,52.349998474121094,46.369998931884766,69.80000305175781,56.849998474121094,71.02999877929688,78.7699966430664,73.87999725341797,82.3499984741211,82.55000305175781
69.csv_Day7_14h00m,49.27000045776367,37.47999954223633,70.52999877929688,45.91999816894531,78.52999877929688,82.2699966430664,80.9000015258789,82.33999633789062,81.68000030517578
69.csv_Day7_14h30m,35.619998931884766,25.1299991607666,63.810001373291016,54.61000061035156,74.2699966430664,70.37999725341797,74.22000122070312,72.83999633789062,75.30000305175781
69.csv_Day7_15h00m,15.100000381469727,15.239999771118164,58.04999923706055,41.470001220703125,72.44000244140625,62.540000915527344,66.69000244140625,63.209999084472656,70.19999694824219
69.csv_Day7_15h30m,27.170000076293945,21.760000228881836,53.900001525878906,48.099998474121094,67.66999816894531,58.9900016784668,62.4900016784668,61.93000030517578,62.72999954223633
69.csv_Day7_16h00m,27.280000686645508,16.860000610351562,42.27000045776367,37.900001525878906,53.93000030517578,49.689998626708984,51.91999816894531,51.33000183105469,49.91999816894531
69.csv_Day7_16h30m,10.510000228881836,12.949999809265137,33.38999938964844,31.639999389648438,41.869998931884766,39.27000045776367,43.060001373291016,41.33000183105469,39.900001525878906
69.csv_Day7_17h00m,1.4800000190734863,7.929999828338623,20.399999618530273,18.649999618530273,25.40999984741211,28.350000381469727,29.530000686645508,30.079999923706055,30.639999389648438
69.csv_Day7_17h30m,5.769999980926514,2.0999999046325684,8.069999694824219,13.470000267028809,24.360000610351562,21.81999969482422,22.6200008392334,22.290000915527344,23.440000534057617
69.csv_Day7_18h00m,3.140000104904175,2.2799999713897705,1.649999976158142,6.510000228881836,13.930000305175781,7.630000114440918,13.59000015258789,12.539999961853027,12.869999885559082
69.csv_Day7_18h30m,0.4699999988079071,1.2899999618530273,1.2400000095367432,2.8299999237060547,3.319999933242798,2.8499999046325684,4.489999771118164,5.949999809265137,4.840000152587891
69.csv_Day7_19h00m,0.0,0.0,0.0,0.0,0.0,0.0,0.0,0.0,0.0
69.csv_Day7_19h30m,0.0,0.0,0.0,0.0,0.0,0.0,0.0,0.0,0.0
69.csv_Day7_20h00m,0.0,0.0,0.0,0.0,0.0,0.0,0.0,0.0,0.0
69.csv_Day7_20h30m,0.0,0.0,0.0,0.0,0.0,0.0,0.0,0.0,0.0
69.csv_Day7_21h00m,0.0,0.0,0.0,0.0,0.0,0.0,0.0,0.0,0.0
69.csv_Day7_21h30m,0.0,0.0,0.0,0.0,0.0,0.0,0.0,0.0,0.0
69.csv_Day7_22h00m,0.0,0.0,0.0,0.0,0.0,0.0,0.0,0.0,0.0
69.csv_Day7_22h30m,0.0,0.0,0.0,0.0,0.0,0.0,0.0,0.0,0.0
69.csv_Day7_23h00m,0.0,0.0,0.0,0.0,0.0,0.0,0.0,0.0,0.0
69.csv_Day7_23h30m,0.0,0.0,0.0,0.0,0.0,0.0,0.0,0.0,0.0
69.csv_Day8_0h00m,0.0,0.0,0.0,0.0,0.0,0.0,0.0,0.0,0.0
69.csv_Day8_0h30m,0.0,0.0,0.0,0.0,0.0,0.0,0.0,0.0,0.0
69.csv_Day8_1h00m,0.0,0.0,0.0,0.0,0.0,0.0,0.0,0.0,0.0
69.csv_Day8_1h30m,0.0,0.0,0.0,0.0,0.0,0.0,0.0,0.0,0.0
69.csv_Day8_2h00m,0.0,0.0,0.0,0.0,0.0,0.0,0.0,0.0,0.0
69.csv_Day8_2h30m,0.0,0.0,0.0,0.0,0.0,0.0,0.0,0.0,0.0
69.csv_Day8_3h00m,0.0,0.0,0.0,0.0,0.0,0.0,0.0,0.0,0.0
69.csv_Day8_3h30m,0.0,0.0,0.0,0.0,0.0,0.0,0.0,0.0,0.0
69.csv_Day8_4h00m,0.0,0.0,0.0,0.0,0.0,0.0,0.0,0.0,0.0
69.csv_Day8_4h30m,0.0,0.0,0.0,0.0,0.0,0.0,0.0,0.0,0.0
69.csv_Day8_5h00m,0.0,0.0,0.0,1.9700000286102295,1.5700000524520874,2.319999933242798,1.8200000524520874,2.190000057220459,2.7200000286102295
69.csv_Day8_5h30m,2.25,3.140000104904175,4.980000019073486,6.989999771118164,8.079999923706055,8.359999656677246,8.34000015258789,9.75,9.34000015258789
69.csv_Day8_6h00m,6.21999979019165,10.460000038146973,7.869999885559082,5.869999885559082,15.430000305175781,15.729999542236328,15.069999694824219,18.309999465942383,17.040000915527344
69.csv_Day8_6h30m,17.719999313354492,19.90999984741211,21.3700008392334,13.960000038146973,21.020000457763672,24.559999465942383,24.440000534057617,27.549999237060547,27.1200008392334
69.csv_Day8_7h00m,21.40999984741211,24.84000015258789,28.030000686645508,16.559999465942383,24.959999084472656,34.29999923706055,34.66999816894531,36.79999923706055,37.27000045776367
69.csv_Day8_7h30m,35.40999984741211,43.689998626708984,19.450000762939453,44.029998779296875,38.36000061035156,45.470001220703125,45.209999084472656,46.2599983215332,46.77000045776367
69.csv_Day8_8h00m,35.630001068115234,49.560001373291016,20.8799991607666,52.31999969482422,49.349998474121094,55.45000076293945,54.61000061035156,54.88999938964844,55.81999969482422
69.csv_Day8_8h30m,39.27000045776367,53.11000061035156,24.510000228881836,57.790000915527344,56.630001068115234,61.56999969482422,62.150001525878906,62.150001525878906,64.91999816894531
69.csv_Day8_9h00m,37.83000183105469,47.18000030517578,42.59000015258789,58.720001220703125,60.540000915527344,69.94000244140625,69.79000091552734,70.33000183105469,72.80000305175781
69.csv_Day8_9h30m,12.869999885559082,51.56999969482422,59.83000183105469,66.13999938964844,57.880001068115234,68.80000305175781,70.93000030517578,66.43000030517578,73.79000091552734
69.csv_Day8_10h00m,7.599999904632568,55.58000183105469,64.88999938964844,67.95999908447266,67.12999725341797,76.29000091552734,79.6500015258789,75.87999725341797,82.91000366210938
69.csv_Day8_10h30m,2.4700000286102295,22.6200008392334,50.25,28.219999313354492,34.209999084472656,52.13999938964844,72.45999908447266,67.08999633789062,82.16999816894531
69.csv_Day8_11h00m,5.130000114440918,23.399999618530273,50.7599983215332,28.989999771118164,48.540000915527344,32.2400016784668,79.30000305175781,71.2699966430664,89.9800033569336
69.csv_Day8_11h30m,3.4000000953674316,25.75,37.40999984741211,49.34000015258789,66.3499984741211,35.279998779296875,84.37999725341797,79.08999633789062,93.62999725341797
69.csv_Day8_12h00m,1.0399999618530273,36.20000076293945,65.0999984741211,41.95000076293945,82.3499984741211,51.650001525878906,82.80000305175781,81.16999816894531,91.22000122070312
69.csv_Day8_12h30m,1.7599999904632568,59.36000061035156,48.029998779296875,70.83999633789062,50.4900016784668,68.02999877929688,70.98999786376953,69.61000061035156,81.38999938964844
69.csv_Day8_13h00m,1.0499999523162842,50.720001220703125,24.110000610351562,60.59000015258789,61.08000183105469,68.37999725341797,79.91000366210938,78.4000015258789,91.79000091552734
69.csv_Day8_13h30m,2.7300000190734863,46.630001068115234,33.13999938964844,56.5099983215332,71.08999633789062,41.400001525878906,76.31999969482422,77.62999725341797,82.5199966430664
69.csv_Day8_14h00m,7.739999771118164,37.689998626708984,65.4800033569336,45.63999938964844,78.58999633789062,69.5199966430664,80.19000244140625,82.83999633789062,81.6500015258789
69.csv_Day8_14h30m,36.88999938964844,25.270000457763672,62.0099983215332,54.290000915527344,74.33000183105469,76.63999938964844,73.55999755859375,72.94999694824219,75.26000213623047
69.csv_Day8_15h00m,27.229999542236328,15.319999694824219,61.02000045776367,41.220001220703125,72.5,66.05999755859375,69.0,64.94000244140625,70.16999816894531
69.csv_Day8_15h30m,27.34000015258789,21.8799991607666,55.310001373291016,47.810001373291016,67.72000122070312,65.58000183105469,64.55000305175781,61.47999954223633,62.709999084472656
69.csv_Day8_16h00m,23.450000762939453,16.950000762939453,41.4900016784668,37.66999816894531,53.970001220703125,49.2400016784668,53.720001220703125,49.58000183105469,49.900001525878906
69.csv_Day8_16h30m,14.850000381469727,13.029999732971191,29.770000457763672,31.450000762939453,41.900001525878906,42.25,44.04999923706055,41.86000061035156,39.880001068115234
69.csv_Day8_17h00m,5.289999961853027,7.96999979019165,27.690000534057617,18.540000915527344,25.43000030517578,27.850000381469727,30.559999465942383,30.479999542236328,30.6299991607666
69.csv_Day8_17h30m,0.3499999940395355,2.109999895095825,18.309999465942383,13.390000343322754,24.3700008392334,20.829999923706055,23.479999542236328,22.34000015258789,23.43000030517578
69.csv_Day8_18h00m,0.14000000059604645,2.2899999618530273,5.139999866485596,6.46999979019165,13.9399995803833,7.690000057220459,13.989999771118164,13.050000190734863,12.859999656677246
69.csv_Day8_18h30m,0.7300000190734863,1.2899999618530273,1.0199999809265137,2.809999942779541,3.319999933242798,2.809999942779541,4.53000020980835,5.53000020980835,4.840000152587891
69.csv_Day8_19h00m,0.0,0.0,0.0,0.0,0.0,0.0,0.0,0.0,0.0
69.csv_Day8_19h30m,0.0,0.0,0.0,0.0,0.0,0.0,0.0,0.0,0.0
69.csv_Day8_20h00m,0.0,0.0,0.0,0.0,0.0,0.0,0.0,0.0,0.0
69.csv_Day8_20h30m,0.0,0.0,0.0,0.0,0.0,0.0,0.0,0.0,0.0
69.csv_Day8_21h00m,0.0,0.0,0.0,0.0,0.0,0.0,0.0,0.0,0.0
69.csv_Day8_21h30m,0.0,0.0,0.0,0.0,0.0,0.0,0.0,0.0,0.0
69.csv_Day8_22h00m,0.0,0.0,0.0,0.0,0.0,0.0,0.0,0.0,0.0
69.csv_Day8_22h30m,0.0,0.0,0.0,0.0,0.0,0.0,0.0,0.0,0.0
69.csv_Day8_23h00m,0.0,0.0,0.0,0.0,0.0,0.0,0.0,0.0,0.0
69.csv_Day8_23h30m,0.0,0.0,0.0,0.0,0.0,0.0,0.0,0.0,0.0
70.csv_Day7_0h00m,0.0,0.0,0.0,0.0,0.0,0.0,0.0,0.0,0.0
70.csv_Day7_0h30m,0.0,0.0,0.0,0.0,0.0,0.0,0.0,0.0,0.0
70.csv_Day7_1h00m,0.0,0.0,0.0,0.0,0.0,0.0,0.0,0.0,0.0
70.csv_Day7_1h30m,0.0,0.0,0.0,0.0,0.0,0.0,0.0,0.0,0.0
70.csv_Day7_2h00m,0.0,0.0,0.0,0.0,0.0,0.0,0.0,0.0,0.0
70.csv_Day7_2h30m,0.0,0.0,0.0,0.0,0.0,0.0,0.0,0.0,0.0
70.csv_Day7_3h00m,0.0,0.0,0.0,0.0,0.0,0.0,0.0,0.0,0.0
70.csv_Day7_3h30m,0.0,0.0,0.0,0.0,0.0,0.0,0.0,0.0,0.0
70.csv_Day7_4h00m,0.0,0.0,0.0,0.0,0.0,0.0,0.0,0.0,0.0
70.csv_Day7_4h30m,0.0,0.0,0.0,0.0,0.0,0.0,0.0,0.0,0.0
70.csv_Day7_5h00m,0.0,0.0,0.0,0.0,0.0,0.0,0.0,0.0,0.0
70.csv_Day7_5h30m,0.0,0.0,0.0,0.0,0.0,0.0,0.0,0.0,0.0
70.csv_Day7_6h00m,0.0,0.75,1.8899999856948853,2.9100000858306885,3.130000114440918,3.369999885559082,4.96999979019165,4.179999828338623,5.519999980926514
70.csv_Day7_6h30m,6.900000095367432,4.130000114440918,13.260000228881836,13.279999732971191,13.640000343322754,12.6899995803833,11.729999542236328,14.579999923706055,13.520000457763672
70.csv_Day7_7h00m,19.600000381469727,10.25,16.969999313354492,24.34000015258789,23.100000381469727,21.479999542236328,17.399999618530273,23.479999542236328,23.31999969482422
70.csv_Day7_7h30m,31.1200008392334,19.34000015258789,21.25,27.93000030517578,29.399999618530273,31.739999771118164,28.170000076293945,32.939998626708984,33.36000061035156
70.csv_Day7_8h00m,35.900001525878906,20.3799991607666,14.84000015258789,29.670000076293945,36.91999816894531,40.59000015258789,43.380001068115234,41.189998626708984,42.619998931884766
70.csv_Day7_8h30m,40.849998474121094,27.649999618530273,15.470000267028809,26.59000015258789,44.099998474121094,48.560001373291016,51.20000076293945,48.900001525878906,51.779998779296875
70.csv_Day7_9h00m,41.9900016784668,39.95000076293945,11.619999885559082,40.11000061035156,55.060001373291016,57.61000061035156,58.65999984741211,56.65999984741211,59.65999984741211
70.csv_Day7_9h30m,43.2400016784668,49.709999084472656,15.220000267028809,34.04999923706055,49.65999984741211,62.75,61.0,63.27000045776367,64.62999725341797
70.csv_Day7_10h00m,42.849998474121094,44.9900016784668,13.710000038146973,34.290000915527344,49.83000183105469,66.45999908447266,62.61000061035156,66.80999755859375,70.18000030517578
70.csv_Day7_10h30m,47.209999084472656,27.440000534057617,17.68000030517578,49.40999984741211,66.87999725341797,63.04999923706055,71.58000183105469,68.58999633789062,76.91000366210938
70.csv_Day7_11h00m,53.310001373291016,28.1200008392334,36.709999084472656,47.7400016784668,66.19000244140625,62.869998931884766,67.38999938964844,73.08000183105469,81.54000091552734
70.csv_Day7_11h30m,58.02000045776367,29.139999389648438,52.810001373291016,45.34000015258789,68.20999908447266,62.84000015258789,69.29000091552734,77.47000122070312,84.66000366210938
70.csv_Day7_12h00m,57.9900016784668,36.099998474121094,59.11000061035156,49.349998474121094,73.23999786376953,70.76000213623047,85.5199966430664,80.70999908447266,85.38999938964844
70.csv_Day7_12h30m,55.880001068115234,40.15999984741211,59.79999923706055,54.630001068115234,72.91000366210938,59.5,80.70999908447266,75.83000183105469,83.12999725341797
70.csv_Day7_13h00m,53.52000045776367,39.189998626708984,52.040000915527344,52.20000076293945,71.5199966430664,52.68000030517578,66.05000305175781,72.51000213623047,81.13999938964844
70.csv_Day7_13h30m,57.20000076293945,30.270000457763672,50.439998626708984,41.52000045776367,49.61000061035156,54.75,47.22999954223633,68.62999725341797,79.58999633789062
70.csv_Day7_14h00m,50.119998931884766,16.360000610351562,33.11000061035156,25.700000762939453,26.31999969482422,43.869998931884766,34.84000015258789,61.65999984741211,71.97000122070312
70.csv_Day7_14h30m,42.22999954223633,22.059999465942383,15.229999542236328,22.8700008392334,37.43000030517578,48.7599983215332,26.6299991607666,57.040000915527344,66.0
70.csv_Day7_15h00m,39.15999984741211,13.710000038146973,5.110000133514404,27.299999237060547,45.18000030517578,47.06999969482422,59.06999969482422,54.02000045776367,60.970001220703125
70.csv_Day7_15h30m,20.139999389648438,18.739999771118164,5.159999847412109,27.06999969482422,30.040000915527344,41.88999938964844,49.400001525878906,48.18000030517578,52.689998626708984
70.csv_Day7_16h00m,12.890000343322754,26.399999618530273,4.440000057220459,32.2400016784668,42.13999938964844,39.279998779296875,43.5099983215332,42.02000045776367,43.34000015258789
70.csv_Day7_16h30m,16.190000534057617,20.260000228881836,3.990000009536743,19.8700008392334,33.36000061035156,30.920000076293945,32.72999954223633,34.68000030517578,33.09000015258789
70.csv_Day7_17h00m,8.420000076293945,4.050000190734863,20.479999542236328,6.320000171661377,10.09000015258789,22.729999542236328,23.229999542236328,22.670000076293945,22.510000228881836
70.csv_Day7_17h30m,4.989999771118164,2.0199999809265137,9.949999809265137,6.760000228881836,10.229999542236328,11.229999542236328,12.84000015258789,12.609999656677246,13.920000076293945
70.csv_Day7_18h00m,0.8600000143051147,1.590000033378601,1.7899999618530273,2.130000114440918,3.930000066757202,3.7699999809265137,4.869999885559082,5.340000152587891,5.869999885559082
70.csv_Day7_18h30m,0.0,0.0,0.0,0.0,0.0,0.28999999165534973,0.0,0.0,0.0
70.csv_Day7_19h00m,0.0,0.0,0.0,0.0,0.0,0.0,0.0,0.0,0.0
70.csv_Day7_19h30m,0.0,0.0,0.0,0.0,0.0,0.0,0.0,0.0,0.0
70.csv_Day7_20h00m,0.0,0.0,0.0,0.0,0.0,0.0,0.0,0.0,0.0
70.csv_Day7_20h30m,0.0,0.0,0.0,0.0,0.0,0.0,0.0,0.0,0.0
70.csv_Day7_21h00m,0.0,0.0,0.0,0.0,0.0,0.0,0.0,0.0,0.0
70.csv_Day7_21h30m,0.0,0.0,0.0,0.0,0.0,0.0,0.0,0.0,0.0
70.csv_Day7_22h00m,0.0,0.0,0.0,0.0,0.0,0.0,0.0,0.0,0.0
70.csv_Day7_22h30m,0.0,0.0,0.0,0.0,0.0,0.0,0.0,0.0,0.0
70.csv_Day7_23h00m,0.0,0.0,0.0,0.0,0.0,0.0,0.0,0.0,0.0
70.csv_Day7_23h30m,0.0,0.0,0.0,0.0,0.0,0.0,0.0,0.0,0.0
70.csv_Day8_0h00m,0.0,0.0,0.0,0.0,0.0,0.0,0.0,0.0,0.0
70.csv_Day8_0h30m,0.0,0.0,0.0,0.0,0.0,0.0,0.0,0.0,0.0
70.csv_Day8_1h00m,0.0,0.0,0.0,0.0,0.0,0.0,0.0,0.0,0.0
70.csv_Day8_1h30m,0.0,0.0,0.0,0.0,0.0,0.0,0.0,0.0,0.0
70.csv_Day8_2h00m,0.0,0.0,0.0,0.0,0.0,0.0,0.0,0.0,0.0
70.csv_Day8_2h30m,0.0,0.0,0.0,0.0,0.0,0.0,0.0,0.0,0.0
70.csv_Day8_3h00m,0.0,0.0,0.0,0.0,0.0,0.0,0.0,0.0,0.0
70.csv_Day8_3h30m,0.0,0.0,0.0,0.0,0.0,0.0,0.0,0.0,0.0
70.csv_Day8_4h00m,0.0,0.0,0.0,0.0,0.0,0.0,0.0,0.0,0.0
70.csv_Day8_4h30m,0.0,0.0,0.0,0.0,0.0,0.0,0.0,0.0,0.0
70.csv_Day8_5h00m,0.0,0.0,0.0,0.0,0.0,0.0,0.0,0.0,0.0
70.csv_Day8_5h30m,0.0,0.0,0.0,0.0,0.0,0.0,0.0,0.0,0.0
70.csv_Day8_6h00m,0.0,0.7599999904632568,1.5,2.890000104904175,3.130000114440918,3.2300000190734863,4.880000114440918,4.599999904632568,5.519999980926514
70.csv_Day8_6h30m,1.4199999570846558,4.159999847412109,14.449999809265137,13.199999809265137,13.649999618530273,14.430000305175781,11.59000015258789,14.770000457763672,13.510000228881836
70.csv_Day8_7h00m,16.06999969482422,10.300000190734863,25.719999313354492,24.190000534057617,23.1200008392334,24.100000381469727,17.209999084472656,24.40999984741211,23.309999465942383
70.csv_Day8_7h30m,28.200000762939453,19.450000762939453,39.16999816894531,27.760000228881836,29.420000076293945,33.560001373291016,27.889999389648438,35.13999938964844,33.349998474121094
70.csv_Day8_8h00m,32.22999954223633,20.5,53.09000015258789,29.489999771118164,36.95000076293945,41.349998474121094,42.97999954223633,43.11000061035156,42.61000061035156
70.csv_Day8_8h30m,39.36000061035156,27.809999465942383,60.349998474121094,26.43000030517578,44.130001068115234,48.439998626708984,50.72999954223633,51.0,51.75
70.csv_Day8_9h00m,45.400001525878906,40.18000030517578,65.30999755859375,39.869998931884766,55.099998474121094,55.27000045776367,58.130001068115234,58.34000015258789,59.630001068115234
70.csv_Day8_9h30m,45.93000030517578,49.9900016784668,70.0199966430664,33.84000015258789,49.70000076293945,61.0,60.45000076293945,65.4000015258789,64.5999984741211
70.csv_Day8_10h00m,44.47999954223633,45.2400016784668,67.05000305175781,34.09000015258789,49.869998931884766,56.31999969482422,62.040000915527344,70.37999725341797,70.1500015258789
70.csv_Day8_10h30m,50.0,27.600000381469727,60.560001373291016,49.11000061035156,66.94000244140625,22.6200008392334,70.94000244140625,73.63999938964844,76.87999725341797
70.csv_Day8_11h00m,53.84000015258789,28.280000686645508,63.11000061035156,47.45000076293945,66.23999786376953,19.280000686645508,66.7699966430664,76.94999694824219,81.51000213623047
70.csv_Day8_11h30m,57.2599983215332,29.309999465942383,65.93000030517578,45.060001373291016,68.2699966430664,36.63999938964844,68.66000366210938,81.41999816894531,84.62999725341797
70.csv_Day8_12h00m,57.7400016784668,36.310001373291016,72.54000091552734,49.04999923706055,73.30000305175781,56.04999923706055,84.7699966430664,85.05999755859375,85.36000061035156
70.csv_Day8_12h30m,54.34000015258789,40.38999938964844,67.13999938964844,54.29999923706055,72.95999908447266,72.41000366210938,80.0,84.58999633789062,83.0999984741211
70.csv_Day8_13h00m,48.33000183105469,39.40999984741211,56.619998931884766,51.880001068115234,71.58000183105469,33.34000015258789,65.45999908447266,78.76000213623047,81.0999984741211
70.csv_Day8_13h30m,55.900001525878906,30.440000534057617,48.16999816894531,41.27000045776367,49.650001525878906,29.59000015258789,46.7400016784668,73.45999908447266,79.55999755859375
70.csv_Day8_14h00m,47.959999084472656,16.450000762939453,21.1200008392334,25.549999237060547,26.34000015258789,26.690000534057617,34.439998626708984,64.05000305175781,71.94000244140625
70.csv_Day8_14h30m,35.08000183105469,22.18000030517578,7.889999866485596,22.729999542236328,37.459999084472656,11.359999656677246,26.290000915527344,55.75,65.97000122070312
70.csv_Day8_15h00m,43.7599983215332,13.789999961853027,32.209999084472656,27.1299991607666,45.209999084472656,18.959999084472656,58.529998779296875,54.88999938964844,60.95000076293945
70.csv_Day8_15h30m,32.650001525878906,18.84000015258789,20.600000381469727,26.899999618530273,30.059999465942383,32.970001220703125,48.95000076293945,49.459999084472656,52.66999816894531
70.csv_Day8_16h00m,26.8700008392334,26.540000915527344,34.2400016784668,32.040000915527344,42.16999816894531,37.27000045776367,43.11000061035156,41.279998779296875,43.33000183105469
70.csv_Day8_16h30m,20.1299991607666,20.3799991607666,30.729999542236328,19.75,33.38999938964844,27.989999771118164,32.41999816894531,32.709999084472656,33.08000183105469
70.csv_Day8_17h00m,1.1200000047683716,4.070000171661377,2.0899999141693115,6.28000020980835,10.09000015258789,4.610000133514404,23.0,15.279999732971191,22.5
70.csv_Day8_17h30m,0.8100000023841858,2.0299999713897705,1.2799999713897705,6.71999979019165,10.239999771118164,2.2799999713897705,12.6899995803833,10.550000190734863,13.90999984741211
70.csv_Day8_18h00m,0.25,1.600000023841858,1.4299999475479126,2.119999885559082,3.930000066757202,1.3700000047683716,4.789999961853027,5.480000019073486,5.869999885559082
70.csv_Day8_18h30m,0.0,0.0,0.0,0.0,0.0,0.18000000715255737,0.0,0.0,0.0
70.csv_Day8_19h00m,0.0,0.0,0.0,0.0,0.0,0.0,0.0,0.0,0.0
70.csv_Day8_19h30m,0.0,0.0,0.0,0.0,0.0,0.0,0.0,0.0,0.0
70.csv_Day8_20h00m,0.0,0.0,0.0,0.0,0.0,0.0,0.0,0.0,0.0
70.csv_Day8_20h30m,0.0,0.0,0.0,0.0,0.0,0.0,0.0,0.0,0.0
70.csv_Day8_21h00m,0.0,0.0,0.0,0.0,0.0,0.0,0.0,0.0,0.0
70.csv_Day8_21h30m,0.0,0.0,0.0,0.0,0.0,0.0,0.0,0.0,0.0
70.csv_Day8_22h00m,0.0,0.0,0.0,0.0,0.0,0.0,0.0,0.0,0.0
70.csv_Day8_22h30m,0.0,0.0,0.0,0.0,0.0,0.0,0.0,0.0,0.0
70.csv_Day8_23h00m,0.0,0.0,0.0,0.0,0.0,0.0,0.0,0.0,0.0
70.csv_Day8_23h30m,0.0,0.0,0.0,0.0,0.0,0.0,0.0,0.0,0.0
71.csv_Day7_0h00m,0.0,0.0,0.0,0.0,0.0,0.0,0.0,0.0,0.0
71.csv_Day7_0h30m,0.0,0.0,0.0,0.0,0.0,0.0,0.0,0.0,0.0
71.csv_Day7_1h00m,0.0,0.0,0.0,0.0,0.0,0.0,0.0,0.0,0.0
71.csv_Day7_1h30m,0.0,0.0,0.0,0.0,0.0,0.0,0.0,0.0,0.0
71.csv_Day7_2h00m,0.0,0.0,0.0,0.0,0.0,0.0,0.0,0.0,0.0
71.csv_Day7_2h30m,0.0,0.0,0.0,0.0,0.0,0.0,0.0,0.0,0.0
71.csv_Day7_3h00m,0.0,0.0,0.0,0.0,0.0,0.0,0.0,0.0,0.0
71.csv_Day7_3h30m,0.0,0.0,0.0,0.0,0.0,0.0,0.0,0.0,0.0
71.csv_Day7_4h00m,0.0,0.0,0.0,0.0,0.0,0.0,0.0,0.0,0.0
71.csv_Day7_4h30m,0.0,0.0,0.0,0.0,0.0,0.0,0.0,0.0,0.0
71.csv_Day7_5h00m,0.0,0.0,0.0,0.0,0.0,0.0,0.0,0.0,0.0
71.csv_Day7_5h30m,0.0,0.0,0.0,0.0,0.0,0.0,0.0,0.0,0.0
71.csv_Day7_6h00m,0.0,0.0,0.0,0.0,0.0,0.0,0.0,0.0,0.0
71.csv_Day7_6h30m,0.0,0.0,0.0,0.0,0.0,0.0,0.0,0.0,0.0
71.csv_Day7_7h00m,1.6100000143051147,2.319999933242798,1.649999976158142,3.309999942779541,3.2899999618530273,3.2100000381469727,4.460000038146973,5.079999923706055,5.110000133514404
71.csv_Day7_7h30m,7.679999828338623,5.519999980926514,5.900000095367432,11.359999656677246,13.149999618530273,11.59000015258789,12.199999809265137,13.109999656677246,13.319999694824219
71.csv_Day7_8h00m,12.859999656677246,5.460000038146973,19.600000381469727,16.469999313354492,19.040000915527344,19.200000762939453,19.959999084472656,21.770000457763672,21.459999084472656
71.csv_Day7_8h30m,18.5,8.15999984741211,25.0,25.020000457763672,24.709999084472656,23.209999084472656,28.780000686645508,29.639999389648438,29.479999542236328
71.csv_Day7_9h00m,20.979999542236328,8.369999885559082,30.809999465942383,16.559999465942383,27.709999084472656,26.530000686645508,37.209999084472656,36.880001068115234,36.529998779296875
71.csv_Day7_9h30m,24.670000076293945,11.920000076293945,37.189998626708984,28.530000686645508,30.290000915527344,34.810001373291016,44.400001525878906,43.86000061035156,43.790000915527344
71.csv_Day7_10h00m,25.520000457763672,12.050000190734863,41.40999984741211,35.599998474121094,38.34000015258789,43.52000045776367,49.79999923706055,49.029998779296875,48.91999816894531
71.csv_Day7_10h30m,34.77000045776367,14.779999732971191,45.43000030517578,42.88999938964844,46.060001373291016,48.220001220703125,54.40999984741211,53.869998931884766,53.56999969482422
71.csv_Day7_11h00m,32.349998474121094,17.719999313354492,49.029998779296875,47.060001373291016,45.45000076293945,51.86000061035156,57.66999816894531,57.779998779296875,57.33000183105469
71.csv_Day7_11h30m,33.349998474121094,17.049999237060547,52.08000183105469,51.20000076293945,50.560001373291016,55.79999923706055,57.9900016784668,58.560001373291016,58.75
71.csv_Day7_12h00m,33.869998931884766,33.4900016784668,52.79999923706055,51.43000030517578,53.09000015258789,57.58000183105469,57.630001068115234,58.91999816894531,59.040000915527344
71.csv_Day7_12h30m,38.290000915527344,41.68000030517578,53.81999969482422,44.2599983215332,50.849998474121094,53.630001068115234,55.869998931884766,57.040000915527344,56.810001373291016
71.csv_Day7_13h00m,35.0099983215332,40.86000061035156,51.06999969482422,41.52000045776367,48.869998931884766,49.66999816894531,52.880001068115234,54.130001068115234,53.79999923706055
71.csv_Day7_13h30m,28.559999465942383,32.02000045776367,46.52000045776367,37.84000015258789,43.7599983215332,44.18000030517578,48.56999969482422,49.779998779296875,49.5
71.csv_Day7_14h00m,21.290000915527344,21.489999771118164,40.5099983215332,31.360000610351562,36.459999084472656,39.59000015258789,42.939998626708984,44.43000030517578,44.099998474121094
71.csv_Day7_14h30m,14.550000190734863,14.619999885559082,31.549999237060547,26.010000228881836,31.100000381469727,33.68000030517578,36.2400016784668,37.380001068115234,36.900001525878906
71.csv_Day7_15h00m,11.609999656677246,11.229999542236328,24.1299991607666,19.299999237060547,25.18000030517578,27.3700008392334,28.25,29.5,28.790000915527344
71.csv_Day7_15h30m,9.550000190734863,12.069999694824219,19.940000534057617,17.09000015258789,19.739999771118164,19.079999923706055,18.729999542236328,20.959999084472656,20.520000457763672
71.csv_Day7_16h00m,6.659999847412109,7.079999923706055,8.550000190734863,10.550000190734863,11.920000076293945,12.109999656677246,10.779999732971191,12.600000381469727,12.390000343322754
71.csv_Day7_16h30m,1.1699999570846558,2.430000066757202,2.259999990463257,3.25,3.0899999141693115,3.640000104904175,4.019999980926514,4.210000038146973,4.829999923706055
71.csv_Day7_17h00m,0.0,0.0,0.0,0.0,0.0,0.0,0.0,0.0,0.0
71.csv_Day7_17h30m,0.0,0.0,0.0,0.0,0.0,0.0,0.0,0.0,0.0
71.csv_Day7_18h00m,0.0,0.0,0.0,0.0,0.0,0.0,0.0,0.0,0.0
71.csv_Day7_18h30m,0.0,0.0,0.0,0.0,0.0,0.0,0.0,0.0,0.0
71.csv_Day7_19h00m,0.0,0.0,0.0,0.0,0.0,0.0,0.0,0.0,0.0
71.csv_Day7_19h30m,0.0,0.0,0.0,0.0,0.0,0.0,0.0,0.0,0.0
71.csv_Day7_20h00m,0.0,0.0,0.0,0.0,0.0,0.0,0.0,0.0,0.0
71.csv_Day7_20h30m,0.0,0.0,0.0,0.0,0.0,0.0,0.0,0.0,0.0
71.csv_Day7_21h00m,0.0,0.0,0.0,0.0,0.0,0.0,0.0,0.0,0.0
71.csv_Day7_21h30m,0.0,0.0,0.0,0.0,0.0,0.0,0.0,0.0,0.0
71.csv_Day7_22h00m,0.0,0.0,0.0,0.0,0.0,0.0,0.0,0.0,0.0
71.csv_Day7_22h30m,0.0,0.0,0.0,0.0,0.0,0.0,0.0,0.0,0.0
71.csv_Day7_23h00m,0.0,0.0,0.0,0.0,0.0,0.0,0.0,0.0,0.0
71.csv_Day7_23h30m,0.0,0.0,0.0,0.0,0.0,0.0,0.0,0.0,0.0
71.csv_Day8_0h00m,0.0,0.0,0.0,0.0,0.0,0.0,0.0,0.0,0.0
71.csv_Day8_0h30m,0.0,0.0,0.0,0.0,0.0,0.0,0.0,0.0,0.0
71.csv_Day8_1h00m,0.0,0.0,0.0,0.0,0.0,0.0,0.0,0.0,0.0
71.csv_Day8_1h30m,0.0,0.0,0.0,0.0,0.0,0.0,0.0,0.0,0.0
71.csv_Day8_2h00m,0.0,0.0,0.0,0.0,0.0,0.0,0.0,0.0,0.0
71.csv_Day8_2h30m,0.0,0.0,0.0,0.0,0.0,0.0,0.0,0.0,0.0
71.csv_Day8_3h00m,0.0,0.0,0.0,0.0,0.0,0.0,0.0,0.0,0.0
71.csv_Day8_3h30m,0.0,0.0,0.0,0.0,0.0,0.0,0.0,0.0,0.0
71.csv_Day8_4h00m,0.0,0.0,0.0,0.0,0.0,0.0,0.0,0.0,0.0
71.csv_Day8_4h30m,0.0,0.0,0.0,0.0,0.0,0.0,0.0,0.0,0.0
71.csv_Day8_5h00m,0.0,0.0,0.0,0.0,0.0,0.0,0.0,0.0,0.0
71.csv_Day8_5h30m,0.0,0.0,0.0,0.0,0.0,0.0,0.0,0.0,0.0
71.csv_Day8_6h00m,0.0,0.0,0.0,0.0,0.0,0.0,0.0,0.0,0.0
71.csv_Day8_6h30m,0.0,0.0,0.0,0.0,0.0,0.0,0.0,0.0,0.0
71.csv_Day8_7h00m,1.659999966621399,2.3299999237060547,1.649999976158142,3.2899999618530273,3.299999952316284,3.4100000858306885,4.380000114440918,4.960000038146973,5.099999904632568
71.csv_Day8_7h30m,8.989999771118164,5.550000190734863,5.909999847412109,11.289999961853027,13.15999984741211,11.989999771118164,12.050000190734863,12.869999885559082,13.3100004196167
71.csv_Day8_8h00m,12.380000114440918,5.489999771118164,17.920000076293945,16.3700008392334,19.059999465942383,19.979999542236328,19.760000228881836,21.020000457763672,21.450000762939453
71.csv_Day8_8h30m,17.209999084472656,8.199999809265137,23.59000015258789,24.8700008392334,24.729999542236328,27.079999923706055,28.5,29.100000381469727,29.469999313354492
71.csv_Day8_9h00m,22.700000762939453,8.420000076293945,26.479999542236328,16.459999084472656,27.739999771118164,32.0099983215332,36.86000061035156,35.47999954223633,36.5099983215332
71.csv_Day8_9h30m,27.43000030517578,11.989999771118164,32.220001220703125,28.350000381469727,30.309999465942383,38.400001525878906,43.9900016784668,42.70000076293945,43.77000045776367
71.csv_Day8_10h00m,30.75,12.109999656677246,33.41999816894531,35.380001068115234,38.369998931884766,44.2599983215332,49.34000015258789,47.29999923706055,48.900001525878906
71.csv_Day8_10h30m,36.0,14.869999885559082,40.15999984741211,42.630001068115234,46.09000015258789,49.599998474121094,53.91999816894531,51.93000030517578,53.54999923706055
71.csv_Day8_11h00m,37.310001373291016,17.81999969482422,45.470001220703125,46.779998779296875,45.47999954223633,53.4900016784668,57.150001525878906,55.560001373291016,57.310001373291016
71.csv_Day8_11h30m,41.7400016784668,17.149999618530273,48.56999969482422,50.900001525878906,50.599998474121094,54.70000076293945,57.459999084472656,55.45000076293945,58.720001220703125
71.csv_Day8_12h00m,38.90999984741211,33.68000030517578,45.0099983215332,51.119998931884766,53.130001068115234,56.869998931884766,57.11000061035156,57.900001525878906,59.0099983215332
71.csv_Day8_12h30m,33.619998931884766,41.91999816894531,44.25,43.9900016784668,50.88999938964844,54.5099983215332,55.36000061035156,56.88999938964844,56.790000915527344
71.csv_Day8_13h00m,29.06999969482422,41.09000015258789,36.970001220703125,41.27000045776367,48.90999984741211,51.40999984741211,52.38999938964844,53.72999954223633,53.779998779296875
71.csv_Day8_13h30m,23.219999313354492,32.20000076293945,34.08000183105469,37.619998931884766,43.790000915527344,46.4900016784668,48.119998931884766,49.40999984741211,49.47999954223633
71.csv_Day8_14h00m,11.90999984741211,21.610000610351562,23.440000534057617,31.170000076293945,36.4900016784668,40.72999954223633,42.540000915527344,44.2599983215332,44.08000183105469
71.csv_Day8_14h30m,9.850000381469727,14.710000038146973,19.829999923706055,25.860000610351562,31.1299991607666,33.810001373291016,35.88999938964844,37.279998779296875,36.880001068115234
71.csv_Day8_15h00m,7.510000228881836,11.300000190734863,11.529999732971191,19.18000030517578,25.200000762939453,26.950000762939453,27.969999313354492,29.489999771118164,28.780000686645508
71.csv_Day8_15h30m,3.640000104904175,12.140000343322754,18.209999084472656,16.989999771118164,19.75,19.1200008392334,18.540000915527344,20.8799991607666,20.510000228881836
71.csv_Day8_16h00m,2.819999933242798,7.119999885559082,7.440000057220459,10.489999771118164,11.930000305175781,11.970000267028809,10.649999618530273,12.09000015258789,12.390000343322754
71.csv_Day8_16h30m,0.9300000071525574,2.440000057220459,1.9800000190734863,3.2300000190734863,3.0999999046325684,3.490000009536743,3.990000009536743,4.360000133514404,4.829999923706055
71.csv_Day8_17h00m,0.0,0.0,0.0,0.0,0.0,0.0,0.0,0.0,0.0
71.csv_Day8_17h30m,0.0,0.0,0.0,0.0,0.0,0.0,0.0,0.0,0.0
71.csv_Day8_18h00m,0.0,0.0,0.0,0.0,0.0,0.0,0.0,0.0,0.0
71.csv_Day8_18h30m,0.0,0.0,0.0,0.0,0.0,0.0,0.0,0.0,0.0
71.csv_Day8_19h00m,0.0,0.0,0.0,0.0,0.0,0.0,0.0,0.0,0.0
71.csv_Day8_19h30m,0.0,0.0,0.0,0.0,0.0,0.0,0.0,0.0,0.0
71.csv_Day8_20h00m,0.0,0.0,0.0,0.0,0.0,0.0,0.0,0.0,0.0
71.csv_Day8_20h30m,0.0,0.0,0.0,0.0,0.0,0.0,0.0,0.0,0.0
71.csv_Day8_21h00m,0.0,0.0,0.0,0.0,0.0,0.0,0.0,0.0,0.0
71.csv_Day8_21h30m,0.0,0.0,0.0,0.0,0.0,0.0,0.0,0.0,0.0
71.csv_Day8_22h00m,0.0,0.0,0.0,0.0,0.0,0.0,0.0,0.0,0.0
71.csv_Day8_22h30m,0.0,0.0,0.0,0.0,0.0,0.0,0.0,0.0,0.0
71.csv_Day8_23h00m,0.0,0.0,0.0,0.0,0.0,0.0,0.0,0.0,0.0
71.csv_Day8_23h30m,0.0,0.0,0.0,0.0,0.0,0.0,0.0,0.0,0.0
72.csv_Day7_0h00m,0.0,0.0,0.0,0.0,0.0,0.0,0.0,0.0,0.0
72.csv_Day7_0h30m,0.0,0.0,0.0,0.0,0.0,0.0,0.0,0.0,0.0
72.csv_Day7_1h00m,0.0,0.0,0.0,0.0,0.0,0.0,0.0,0.0,0.0
72.csv_Day7_1h30m,0.0,0.0,0.0,0.0,0.0,0.0,0.0,0.0,0.0
72.csv_Day7_2h00m,0.0,0.0,0.0,0.0,0.0,0.0,0.0,0.0,0.0
72.csv_Day7_2h30m,0.0,0.0,0.0,0.0,0.0,0.0,0.0,0.0,0.0
72.csv_Day7_3h00m,0.0,0.0,0.0,0.0,0.0,0.0,0.0,0.0,0.0
72.csv_Day7_3h30m,0.0,0.0,0.0,0.0,0.0,0.0,0.0,0.0,0.0
72.csv_Day7_4h00m,0.0,0.0,0.0,0.0,0.0,0.0,0.0,0.0,0.0
72.csv_Day7_4h30m,0.0,0.0,0.0,0.0,0.0,0.0,0.0,0.0,0.0
72.csv_Day7_5h00m,0.0,0.0,0.0,0.0,0.0,0.0,0.0,0.0,0.0
72.csv_Day7_5h30m,0.0,0.0,0.0,0.0,0.0,0.0,0.0,0.0,0.0
72.csv_Day7_6h00m,0.0,0.0,0.0,0.0,0.0,0.0,0.0,0.0,0.0
72.csv_Day7_6h30m,0.1899999976158142,1.2899999618530273,1.090000033378601,1.149999976158142,1.75,1.5099999904632568,1.7300000190734863,1.8600000143051147,2.2699999809265137
72.csv_Day7_7h00m,4.639999866485596,5.260000228881836,6.460000038146973,8.09000015258789,8.630000114440918,8.15999984741211,8.470000267028809,9.449999809265137,9.670000076293945
72.csv_Day7_7h30m,6.019999980926514,4.96999979019165,5.949999809265137,9.260000228881836,17.329999923706055,16.860000610351562,17.010000228881836,17.8799991607666,17.290000915527344
72.csv_Day7_8h00m,11.6899995803833,8.899999618530273,14.720000267028809,12.65999984741211,24.90999984741211,25.729999542236328,26.309999465942383,27.479999542236328,26.3700008392334
72.csv_Day7_8h30m,19.030000686645508,11.5600004196167,27.309999465942383,14.920000076293945,25.75,31.200000762939453,34.54999923706055,35.900001525878906,34.90999984741211
72.csv_Day7_9h00m,27.329999923706055,20.0,38.86000061035156,28.469999313354492,32.540000915527344,41.689998626708984,42.220001220703125,43.880001068115234,42.709999084472656
72.csv_Day7_9h30m,28.200000762939453,28.6299991607666,37.36000061035156,37.560001373291016,34.68000030517578,46.38999938964844,48.86000061035156,50.45000076293945,49.290000915527344
72.csv_Day7_10h00m,30.170000076293945,35.369998931884766,39.70000076293945,40.529998779296875,37.9900016784668,53.86000061035156,54.279998779296875,55.68000030517578,54.66999816894531
72.csv_Day7_10h30m,24.06999969482422,33.9900016784668,26.989999771118164,41.81999969482422,40.81999969482422,55.66999816894531,58.5099983215332,59.33000183105469,58.939998626708984
72.csv_Day7_11h00m,8.039999961853027,36.5099983215332,21.700000762939453,37.45000076293945,42.040000915527344,59.79999923706055,61.119998931884766,62.119998931884766,61.7400016784668
72.csv_Day7_11h30m,10.279999732971191,34.15999984741211,16.920000076293945,38.84000015258789,39.380001068115234,60.150001525878906,62.619998931884766,63.56999969482422,63.310001373291016
72.csv_Day7_12h00m,30.719999313354492,33.189998626708984,17.65999984741211,44.20000076293945,39.54999923706055,61.27000045776367,62.529998779296875,63.540000915527344,63.36000061035156
72.csv_Day7_12h30m,36.65999984741211,35.90999984741211,19.809999465942383,47.369998931884766,38.7400016784668,60.52000045776367,61.09000015258789,62.279998779296875,61.939998626708984
72.csv_Day7_13h00m,44.5099983215332,29.979999542236328,14.15999984741211,47.84000015258789,36.439998626708984,55.709999084472656,57.720001220703125,59.33000183105469,59.66999816894531
72.csv_Day7_13h30m,42.959999084472656,30.389999389648438,23.09000015258789,47.70000076293945,40.209999084472656,51.2599983215332,55.29999923706055,54.7599983215332,55.88999938964844
72.csv_Day7_14h00m,38.939998626708984,29.25,21.56999969482422,44.130001068115234,44.5,47.119998931884766,50.40999984741211,48.84000015258789,50.060001373291016
72.csv_Day7_14h30m,32.0,26.559999465942383,19.420000076293945,38.470001220703125,39.560001373291016,41.18000030517578,43.130001068115234,42.43000030517578,42.65999984741211
72.csv_Day7_15h00m,26.780000686645508,20.90999984741211,20.290000915527344,34.11000061035156,31.8700008392334,34.349998474121094,34.380001068115234,34.72999954223633,35.15999984741211
72.csv_Day7_15h30m,21.100000381469727,22.209999084472656,15.8100004196167,26.329999923706055,25.709999084472656,26.469999313354492,26.6299991607666,27.079999923706055,26.56999969482422
72.csv_Day7_16h00m,7.820000171661377,11.300000190734863,11.579999923706055,16.3700008392334,18.229999542236328,17.15999984741211,17.829999923706055,18.209999084472656,18.43000030517578
72.csv_Day7_16h30m,3.7100000381469727,2.4600000381469727,5.789999961853027,6.289999961853027,10.4399995803833,6.639999866485596,7.949999809265137,8.850000381469727,9.850000381469727
72.csv_Day7_17h00m,0.0,0.6499999761581421,0.0,0.23000000417232513,0.8299999833106995,0.6600000262260437,1.440000057220459,1.9199999570846558,1.7200000286102295
72.csv_Day7_17h30m,0.0,0.0,0.0,0.0,0.0,0.0,0.0,0.0,0.0
72.csv_Day7_18h00m,0.0,0.0,0.0,0.0,0.0,0.0,0.0,0.0,0.0
72.csv_Day7_18h30m,0.0,0.0,0.0,0.0,0.0,0.0,0.0,0.0,0.0
72.csv_Day7_19h00m,0.0,0.0,0.0,0.0,0.0,0.0,0.0,0.0,0.0
72.csv_Day7_19h30m,0.0,0.0,0.0,0.0,0.0,0.0,0.0,0.0,0.0
72.csv_Day7_20h00m,0.0,0.0,0.0,0.0,0.0,0.0,0.0,0.0,0.0
72.csv_Day7_20h30m,0.0,0.0,0.0,0.0,0.0,0.0,0.0,0.0,0.0
72.csv_Day7_21h00m,0.0,0.0,0.0,0.0,0.0,0.0,0.0,0.0,0.0
72.csv_Day7_21h30m,0.0,0.0,0.0,0.0,0.0,0.0,0.0,0.0,0.0
72.csv_Day7_22h00m,0.0,0.0,0.0,0.0,0.0,0.0,0.0,0.0,0.0
72.csv_Day7_22h30m,0.0,0.0,0.0,0.0,0.0,0.0,0.0,0.0,0.0
72.csv_Day7_23h00m,0.0,0.0,0.0,0.0,0.0,0.0,0.0,0.0,0.0
72.csv_Day7_23h30m,0.0,0.0,0.0,0.0,0.0,0.0,0.0,0.0,0.0
72.csv_Day8_0h00m,0.0,0.0,0.0,0.0,0.0,0.0,0.0,0.0,0.0
72.csv_Day8_0h30m,0.0,0.0,0.0,0.0,0.0,0.0,0.0,0.0,0.0
72.csv_Day8_1h00m,0.0,0.0,0.0,0.0,0.0,0.0,0.0,0.0,0.0
72.csv_Day8_1h30m,0.0,0.0,0.0,0.0,0.0,0.0,0.0,0.0,0.0
72.csv_Day8_2h00m,0.0,0.0,0.0,0.0,0.0,0.0,0.0,0.0,0.0
72.csv_Day8_2h30m,0.0,0.0,0.0,0.0,0.0,0.0,0.0,0.0,0.0
72.csv_Day8_3h00m,0.0,0.0,0.0,0.0,0.0,0.0,0.0,0.0,0.0
72.csv_Day8_3h30m,0.0,0.0,0.0,0.0,0.0,0.0,0.0,0.0,0.0
72.csv_Day8_4h00m,0.0,0.0,0.0,0.0,0.0,0.0,0.0,0.0,0.0
72.csv_Day8_4h30m,0.0,0.0,0.0,0.0,0.0,0.0,0.0,0.0,0.0
72.csv_Day8_5h00m,0.0,0.0,0.0,0.0,0.0,0.0,0.0,0.0,0.0
72.csv_Day8_5h30m,0.0,0.0,0.0,0.0,0.0,0.0,0.0,0.0,0.0
72.csv_Day8_6h00m,0.0,0.0,0.0,0.0,0.0,0.0,0.0,0.0,0.0
72.csv_Day8_6h30m,0.47999998927116394,1.2999999523162842,1.0099999904632568,1.1399999856948853,1.75,1.4900000095367432,1.8300000429153442,1.8200000524520874,2.2699999809265137
72.csv_Day8_7h00m,3.2200000286102295,5.289999961853027,6.809999942779541,8.039999961853027,8.640000343322754,7.960000038146973,8.350000381469727,9.5600004196167,9.670000076293945
72.csv_Day8_7h30m,3.6600000858306885,5.0,9.170000076293945,9.210000038146973,17.34000015258789,16.3700008392334,16.81999969482422,17.81999969482422,17.280000686645508
72.csv_Day8_8h00m,7.920000076293945,8.949999809265137,9.640000343322754,12.579999923706055,24.93000030517578,24.739999771118164,26.049999237060547,27.219999313354492,26.360000610351562
72.csv_Day8_8h30m,2.259999990463257,11.630000114440918,9.649999618530273,14.829999923706055,25.770000457763672,30.1299991607666,34.220001220703125,35.349998474121094,34.88999938964844
72.csv_Day8_9h00m,2.940000057220459,20.110000610351562,8.920000076293945,28.299999237060547,32.560001373291016,40.15999984741211,41.81999969482422,43.0,42.689998626708984
72.csv_Day8_9h30m,4.710000038146973,28.790000915527344,15.220000267028809,37.33000183105469,34.70000076293945,45.88999938964844,48.40999984741211,49.61000061035156,49.27000045776367
72.csv_Day8_10h00m,14.149999618530273,35.56999969482422,23.110000610351562,40.290000915527344,38.02000045776367,48.88999938964844,53.779998779296875,54.63999938964844,54.650001525878906
72.csv_Day8_10h30m,29.18000030517578,34.18000030517578,24.5,41.56999969482422,40.849998474121094,53.29999923706055,57.9900016784668,58.650001525878906,58.91999816894531
72.csv_Day8_11h00m,36.22999954223633,36.720001220703125,27.239999771118164,37.22999954223633,42.06999969482422,55.810001373291016,60.56999969482422,61.099998474121094,61.720001220703125
72.csv_Day8_11h30m,41.83000183105469,34.349998474121094,28.15999984741211,38.599998474121094,39.40999984741211,55.7599983215332,62.060001373291016,62.72999954223633,63.290000915527344
72.csv_Day8_12h00m,47.459999084472656,33.369998931884766,29.899999618530273,43.93000030517578,39.58000183105469,55.75,61.970001220703125,62.79999923706055,63.33000183105469
72.csv_Day8_12h30m,48.459999084472656,36.11000061035156,28.690000534057617,47.09000015258789,38.77000045776367,54.689998626708984,60.540000915527344,61.540000915527344,61.90999984741211
72.csv_Day8_13h00m,45.90999984741211,30.149999618530273,40.970001220703125,47.54999923706055,36.470001220703125,56.650001525878906,57.20000076293945,59.779998779296875,59.650001525878906
72.csv_Day8_13h30m,41.2599983215332,30.559999465942383,42.650001525878906,47.40999984741211,40.2400016784668,54.81999969482422,54.79999923706055,56.2599983215332,55.869998931884766
72.csv_Day8_14h00m,32.279998779296875,29.40999984741211,32.20000076293945,43.86000061035156,44.540000915527344,51.47999954223633,49.95000076293945,50.290000915527344,50.040000915527344
72.csv_Day8_14h30m,20.020000457763672,26.709999084472656,30.8700008392334,38.2400016784668,39.59000015258789,44.939998626708984,42.72999954223633,42.790000915527344,42.63999938964844
72.csv_Day8_15h00m,4.150000095367432,21.030000686645508,12.970000267028809,33.90999984741211,31.889999389648438,36.54999923706055,34.45000076293945,34.66999816894531,35.150001525878906
72.csv_Day8_15h30m,2.630000114440918,22.34000015258789,14.5600004196167,26.18000030517578,25.729999542236328,27.940000534057617,27.25,27.020000457763672,26.559999465942383
72.csv_Day8_16h00m,9.149999618530273,11.359999656677246,13.149999618530273,16.270000457763672,18.239999771118164,18.5,18.3700008392334,18.600000381469727,18.420000076293945
72.csv_Day8_16h30m,3.6600000858306885,2.4700000286102295,5.929999828338623,6.25,10.449999809265137,6.53000020980835,8.109999656677246,9.489999771118164,9.84000015258789
72.csv_Day8_17h00m,0.0,0.6600000262260437,0.0,0.23000000417232513,0.8299999833106995,0.7400000095367432,1.5199999809265137,2.0399999618530273,1.7200000286102295
72.csv_Day8_17h30m,0.0,0.0,0.0,0.0,0.0,0.0,0.0,0.0,0.0
72.csv_Day8_18h00m,0.0,0.0,0.0,0.0,0.0,0.0,0.0,0.0,0.0
72.csv_Day8_18h30m,0.0,0.0,0.0,0.0,0.0,0.0,0.0,0.0,0.0
72.csv_Day8_19h00m,0.0,0.0,0.0,0.0,0.0,0.0,0.0,0.0,0.0
72.csv_Day8_19h30m,0.0,0.0,0.0,0.0,0.0,0.0,0.0,0.0,0.0
72.csv_Day8_20h00m,0.0,0.0,0.0,0.0,0.0,0.0,0.0,0.0,0.0
72.csv_Day8_20h30m,0.0,0.0,0.0,0.0,0.0,0.0,0.0,0.0,0.0
72.csv_Day8_21h00m,0.0,0.0,0.0,0.0,0.0,0.0,0.0,0.0,0.0
72.csv_Day8_21h30m,0.0,0.0,0.0,0.0,0.0,0.0,0.0,0.0,0.0
72.csv_Day8_22h00m,0.0,0.0,0.0,0.0,0.0,0.0,0.0,0.0,0.0
72.csv_Day8_22h30m,0.0,0.0,0.0,0.0,0.0,0.0,0.0,0.0,0.0
72.csv_Day8_23h00m,0.0,0.0,0.0,0.0,0.0,0.0,0.0,0.0,0.0
72.csv_Day8_23h30m,0.0,0.0,0.0,0.0,0.0,0.0,0.0,0.0,0.0
73.csv_Day7_0h00m,0.0,0.0,0.0,0.0,0.0,0.0,0.0,0.0,0.0
73.csv_Day7_0h30m,0.0,0.0,0.0,0.0,0.0,0.0,0.0,0.0,0.0
73.csv_Day7_1h00m,0.0,0.0,0.0,0.0,0.0,0.0,0.0,0.0,0.0
73.csv_Day7_1h30m,0.0,0.0,0.0,0.0,0.0,0.0,0.0,0.0,0.0
73.csv_Day7_2h00m,0.0,0.0,0.0,0.0,0.0,0.0,0.0,0.0,0.0
73.csv_Day7_2h30m,0.0,0.0,0.0,0.0,0.0,0.0,0.0,0.0,0.0
73.csv_Day7_3h00m,0.0,0.0,0.0,0.0,0.0,0.0,0.0,0.0,0.0
73.csv_Day7_3h30m,0.0,0.0,0.0,0.0,0.0,0.0,0.0,0.0,0.0
73.csv_Day7_4h00m,0.0,0.0,0.0,0.0,0.0,0.0,0.0,0.0,0.0
73.csv_Day7_4h30m,0.0,0.0,0.0,0.0,0.0,0.0,0.0,0.0,0.0
73.csv_Day7_5h00m,0.0,0.0,0.0,0.0,0.0,0.0,0.0,0.0,0.0
73.csv_Day7_5h30m,0.0,0.0,0.0,0.0,0.0,0.0,0.0,0.0,0.0
73.csv_Day7_6h00m,0.0,0.0,0.0,0.0,0.0,0.0,0.0,0.0,0.0
73.csv_Day7_6h30m,0.0,0.0,0.0,0.0,0.0,0.0,0.0,0.0,0.0
73.csv_Day7_7h00m,0.0,0.0,0.0,0.0,0.5600000023841858,1.2100000381469727,1.4199999570846558,2.430000066757202,3.9800000190734863
73.csv_Day7_7h30m,1.559999942779541,2.2200000286102295,4.269999980926514,6.260000228881836,8.079999923706055,8.449999809265137,6.489999771118164,7.460000038146973,10.220000267028809
73.csv_Day7_8h00m,4.179999828338623,10.8100004196167,7.420000076293945,16.8799991607666,18.059999465942383,13.329999923706055,15.350000381469727,15.710000038146973,18.239999771118164
73.csv_Day7_8h30m,10.15999984741211,16.440000534057617,11.949999809265137,21.899999618530273,28.639999389648438,14.90999984741211,20.18000030517578,14.720000267028809,25.5
73.csv_Day7_9h00m,17.149999618530273,21.139999389648438,21.25,28.219999313354492,34.709999084472656,21.0,28.420000076293945,21.729999542236328,32.65999984741211
73.csv_Day7_9h30m,25.18000030517578,30.799999237060547,33.380001068115234,35.63999938964844,38.040000915527344,26.06999969482422,36.41999816894531,31.8799991607666,39.5
73.csv_Day7_10h00m,30.610000610351562,36.72999954223633,39.310001373291016,41.43000030517578,39.11000061035156,34.08000183105469,43.7400016784668,40.439998626708984,44.13999938964844
73.csv_Day7_10h30m,32.72999954223633,43.7400016784668,42.189998626708984,47.560001373291016,41.130001068115234,45.689998626708984,50.790000915527344,46.380001068115234,49.70000076293945
73.csv_Day7_11h00m,33.31999969482422,44.45000076293945,44.47999954223633,50.91999816894531,38.959999084472656,49.66999816894531,54.70000076293945,50.0099983215332,53.130001068115234
73.csv_Day7_11h30m,33.779998779296875,44.83000183105469,47.25,53.84000015258789,40.939998626708984,50.61000061035156,56.599998474121094,51.849998474121094,54.70000076293945
73.csv_Day7_12h00m,35.54999923706055,44.25,46.59000015258789,52.83000183105469,38.130001068115234,50.290000915527344,56.04999923706055,52.36000061035156,54.810001373291016
73.csv_Day7_12h30m,38.290000915527344,44.47999954223633,46.310001373291016,52.16999816894531,36.959999084472656,51.779998779296875,54.439998626708984,51.36000061035156,53.5
73.csv_Day7_13h00m,37.04999923706055,42.880001068115234,43.86000061035156,48.40999984741211,36.130001068115234,49.13999938964844,51.29999923706055,48.58000183105469,49.900001525878906
73.csv_Day7_13h30m,28.31999969482422,36.939998626708984,43.599998474121094,43.540000915527344,34.689998626708984,44.16999816894531,45.93000030517578,44.75,45.560001373291016
73.csv_Day7_14h00m,18.850000381469727,31.729999542236328,38.47999954223633,37.25,27.719999313354492,39.4900016784668,40.31999969482422,40.439998626708984,40.47999954223633
73.csv_Day7_14h30m,14.130000114440918,28.0,31.299999237060547,30.3799991607666,17.079999923706055,33.220001220703125,33.77000045776367,31.559999465942383,33.65999984741211
73.csv_Day7_15h00m,7.289999961853027,21.649999618530273,25.639999389648438,24.799999237060547,17.020000457763672,25.510000228881836,25.84000015258789,26.489999771118164,26.149999618530273
73.csv_Day7_15h30m,6.329999923706055,12.229999542236328,16.940000534057617,16.700000762939453,12.869999885559082,17.459999084472656,17.25,18.18000030517578,18.34000015258789
73.csv_Day7_16h00m,5.889999866485596,5.46999979019165,7.619999885559082,8.539999961853027,6.989999771118164,8.609999656677246,8.359999656677246,9.550000190734863,10.15999984741211
73.csv_Day7_16h30m,0.7699999809265137,1.4800000190734863,1.159999966621399,1.149999976158142,2.200000047683716,1.7699999809265137,2.180000066757202,2.140000104904175,2.2100000381469727
73.csv_Day7_17h00m,0.0,0.0,0.0,0.0,0.0,0.0,0.0,0.0,0.0
73.csv_Day7_17h30m,0.0,0.0,0.0,0.0,0.0,0.0,0.0,0.0,0.0
73.csv_Day7_18h00m,0.0,0.0,0.0,0.0,0.0,0.0,0.0,0.0,0.0
73.csv_Day7_18h30m,0.0,0.0,0.0,0.0,0.0,0.0,0.0,0.0,0.0
73.csv_Day7_19h00m,0.0,0.0,0.0,0.0,0.0,0.0,0.0,0.0,0.0
73.csv_Day7_19h30m,0.0,0.0,0.0,0.0,0.0,0.0,0.0,0.0,0.0
73.csv_Day7_20h00m,0.0,0.0,0.0,0.0,0.0,0.0,0.0,0.0,0.0
73.csv_Day7_20h30m,0.0,0.0,0.0,0.0,0.0,0.0,0.0,0.0,0.0
73.csv_Day7_21h00m,0.0,0.0,0.0,0.0,0.0,0.0,0.0,0.0,0.0
73.csv_Day7_21h30m,0.0,0.0,0.0,0.0,0.0,0.0,0.0,0.0,0.0
73.csv_Day7_22h00m,0.0,0.0,0.0,0.0,0.0,0.0,0.0,0.0,0.0
73.csv_Day7_22h30m,0.0,0.0,0.0,0.0,0.0,0.0,0.0,0.0,0.0
73.csv_Day7_23h00m,0.0,0.0,0.0,0.0,0.0,0.0,0.0,0.0,0.0
73.csv_Day7_23h30m,0.0,0.0,0.0,0.0,0.0,0.0,0.0,0.0,0.0
73.csv_Day8_0h00m,0.0,0.0,0.0,0.0,0.0,0.0,0.0,0.0,0.0
73.csv_Day8_0h30m,0.0,0.0,0.0,0.0,0.0,0.0,0.0,0.0,0.0
73.csv_Day8_1h00m,0.0,0.0,0.0,0.0,0.0,0.0,0.0,0.0,0.0
73.csv_Day8_1h30m,0.0,0.0,0.0,0.0,0.0,0.0,0.0,0.0,0.0
73.csv_Day8_2h00m,0.0,0.0,0.0,0.0,0.0,0.0,0.0,0.0,0.0
73.csv_Day8_2h30m,0.0,0.0,0.0,0.0,0.0,0.0,0.0,0.0,0.0
73.csv_Day8_3h00m,0.0,0.0,0.0,0.0,0.0,0.0,0.0,0.0,0.0
73.csv_Day8_3h30m,0.0,0.0,0.0,0.0,0.0,0.0,0.0,0.0,0.0
73.csv_Day8_4h00m,0.0,0.0,0.0,0.0,0.0,0.0,0.0,0.0,0.0
73.csv_Day8_4h30m,0.0,0.0,0.0,0.0,0.0,0.0,0.0,0.0,0.0
73.csv_Day8_5h00m,0.0,0.0,0.0,0.0,0.0,0.0,0.0,0.0,0.0
73.csv_Day8_5h30m,0.0,0.0,0.0,0.0,0.0,0.0,0.0,0.0,0.0
73.csv_Day8_6h00m,0.0,0.0,0.0,0.0,0.0,0.0,0.0,0.0,0.0
73.csv_Day8_6h30m,0.0,0.0,0.0,0.0,0.0,0.0,0.0,0.0,0.0
73.csv_Day8_7h00m,0.0,0.0,0.0,0.0,0.5600000023841858,1.659999966621399,1.5099999904632568,2.619999885559082,3.9700000286102295
73.csv_Day8_7h30m,5.659999847412109,2.2300000190734863,3.690000057220459,6.21999979019165,8.09000015258789,6.949999809265137,6.590000152587891,11.229999542236328,10.220000267028809
73.csv_Day8_8h00m,10.600000381469727,10.869999885559082,10.109999656677246,16.770000457763672,18.06999969482422,15.210000038146973,15.869999885559082,18.549999237060547,18.229999542236328
73.csv_Day8_8h30m,19.190000534057617,16.530000686645508,13.199999809265137,21.760000228881836,28.65999984741211,21.1299991607666,20.989999771118164,22.3700008392334,25.489999771118164
73.csv_Day8_9h00m,24.219999313354492,21.260000228881836,21.670000076293945,28.049999237060547,34.7400016784668,27.260000228881836,29.670000076293945,28.399999618530273,32.650001525878906
73.csv_Day8_9h30m,29.920000076293945,30.969999313354492,30.510000228881836,35.43000030517578,38.06999969482422,36.66999816894531,36.15999984741211,33.380001068115234,39.47999954223633
73.csv_Day8_10h00m,31.530000686645508,36.93000030517578,38.61000061035156,41.18000030517578,39.13999938964844,42.2400016784668,43.33000183105469,42.099998474121094,44.119998931884766
73.csv_Day8_10h30m,33.22999954223633,43.97999954223633,41.7400016784668,47.27000045776367,41.15999984741211,45.5099983215332,50.33000183105469,47.9900016784668,49.68000030517578
73.csv_Day8_11h00m,32.93000030517578,44.70000076293945,44.06999969482422,50.619998931884766,38.9900016784668,45.47999954223633,54.209999084472656,51.290000915527344,53.11000061035156
73.csv_Day8_11h30m,35.90999984741211,45.08000183105469,44.97999954223633,53.5099983215332,40.970001220703125,43.40999984741211,56.09000015258789,52.220001220703125,54.68000030517578
73.csv_Day8_12h00m,35.90999984741211,44.5,43.099998474121094,52.52000045776367,38.15999984741211,45.540000915527344,55.54999923706055,52.47999954223633,54.779998779296875
73.csv_Day8_12h30m,34.04999923706055,44.72999954223633,43.869998931884766,51.86000061035156,36.9900016784668,50.0099983215332,53.95000076293945,52.220001220703125,53.47999954223633
73.csv_Day8_13h00m,28.549999237060547,43.119998931884766,40.29999923706055,48.119998931884766,36.15999984741211,47.349998474121094,50.84000015258789,48.90999984741211,49.880001068115234
73.csv_Day8_13h30m,21.889999389648438,37.13999938964844,38.81999969482422,43.279998779296875,34.709999084472656,43.29999923706055,45.5099983215332,44.04999923706055,45.540000915527344
73.csv_Day8_14h00m,18.469999313354492,31.90999984741211,33.560001373291016,37.029998779296875,27.739999771118164,39.20000076293945,39.95000076293945,38.900001525878906,40.459999084472656
73.csv_Day8_14h30m,10.989999771118164,28.149999618530273,27.889999389648438,30.200000762939453,17.100000381469727,31.780000686645508,33.439998626708984,31.549999237060547,33.63999938964844
73.csv_Day8_15h00m,14.869999885559082,21.770000457763672,25.3799991607666,24.649999618530273,17.040000915527344,24.309999465942383,25.59000015258789,26.06999969482422,26.139999389648438
73.csv_Day8_15h30m,9.279999732971191,12.289999961853027,15.8100004196167,16.600000381469727,12.880000114440918,16.110000610351562,17.06999969482422,18.31999969482422,18.34000015258789
73.csv_Day8_16h00m,4.480000019073486,5.5,5.989999771118164,8.489999771118164,7.0,8.319999694824219,8.239999771118164,9.390000343322754,10.15999984741211
73.csv_Day8_16h30m,1.5199999809265137,1.4900000095367432,0.9300000071525574,1.1399999856948853,2.200000047683716,1.4900000095367432,2.190000057220459,2.3499999046325684,2.2100000381469727
73.csv_Day8_17h00m,0.0,0.0,0.0,0.0,0.0,0.0,0.0,0.0,0.0
73.csv_Day8_17h30m,0.0,0.0,0.0,0.0,0.0,0.0,0.0,0.0,0.0
73.csv_Day8_18h00m,0.0,0.0,0.0,0.0,0.0,0.0,0.0,0.0,0.0
73.csv_Day8_18h30m,0.0,0.0,0.0,0.0,0.0,0.0,0.0,0.0,0.0
73.csv_Day8_19h00m,0.0,0.0,0.0,0.0,0.0,0.0,0.0,0.0,0.0
73.csv_Day8_19h30m,0.0,0.0,0.0,0.0,0.0,0.0,0.0,0.0,0.0
73.csv_Day8_20h00m,0.0,0.0,0.0,0.0,0.0,0.0,0.0,0.0,0.0
73.csv_Day8_20h30m,0.0,0.0,0.0,0.0,0.0,0.0,0.0,0.0,0.0
73.csv_Day8_21h00m,0.0,0.0,0.0,0.0,0.0,0.0,0.0,0.0,0.0
73.csv_Day8_21h30m,0.0,0.0,0.0,0.0,0.0,0.0,0.0,0.0,0.0
73.csv_Day8_22h00m,0.0,0.0,0.0,0.0,0.0,0.0,0.0,0.0,0.0
73.csv_Day8_22h30m,0.0,0.0,0.0,0.0,0.0,0.0,0.0,0.0,0.0
73.csv_Day8_23h00m,0.0,0.0,0.0,0.0,0.0,0.0,0.0,0.0,0.0
73.csv_Day8_23h30m,0.0,0.0,0.0,0.0,0.0,0.0,0.0,0.0,0.0
74.csv_Day7_0h00m,0.0,0.0,0.0,0.0,0.0,0.0,0.0,0.0,0.0
74.csv_Day7_0h30m,0.0,0.0,0.0,0.0,0.0,0.0,0.0,0.0,0.0
74.csv_Day7_1h00m,0.0,0.0,0.0,0.0,0.0,0.0,0.0,0.0,0.0
74.csv_Day7_1h30m,0.0,0.0,0.0,0.0,0.0,0.0,0.0,0.0,0.0
74.csv_Day7_2h00m,0.0,0.0,0.0,0.0,0.0,0.0,0.0,0.0,0.0
74.csv_Day7_2h30m,0.0,0.0,0.0,0.0,0.0,0.0,0.0,0.0,0.0
74.csv_Day7_3h00m,0.0,0.0,0.0,0.0,0.0,0.0,0.0,0.0,0.0
74.csv_Day7_3h30m,0.0,0.0,0.0,0.0,0.0,0.0,0.0,0.0,0.0
74.csv_Day7_4h00m,0.0,0.0,0.0,0.0,0.0,0.0,0.0,0.0,0.0
74.csv_Day7_4h30m,0.0,0.0,0.0,0.0,0.0,0.0,0.0,0.0,0.0
74.csv_Day7_5h00m,0.0,0.0,0.0,0.0,0.0,0.0,0.0,0.0,0.0
74.csv_Day7_5h30m,0.0,0.0,0.0,0.0,0.0,0.0,0.0,0.0,0.0
74.csv_Day7_6h00m,0.0,0.0,0.0,0.0,0.0,0.0,0.0,0.0,0.0
74.csv_Day7_6h30m,1.0499999523162842,1.1299999952316284,1.659999966621399,4.21999979019165,3.8499999046325684,5.800000190734863,5.449999809265137,6.800000190734863,5.690000057220459
74.csv_Day7_7h00m,6.769999980926514,7.880000114440918,12.010000228881836,13.329999923706055,13.670000076293945,14.479999542236328,13.460000038146973,14.359999656677246,14.859999656677246
74.csv_Day7_7h30m,12.640000343322754,16.479999542236328,21.280000686645508,16.450000762939453,17.479999542236328,21.799999237060547,20.1200008392334,23.6200008392334,23.760000228881836
74.csv_Day7_8h00m,6.909999847412109,20.329999923706055,27.420000076293945,21.959999084472656,21.610000610351562,28.889999389648438,29.3799991607666,33.83000183105469,34.25
74.csv_Day7_8h30m,11.270000457763672,22.059999465942383,35.29999923706055,30.940000534057617,29.6299991607666,30.25,42.779998779296875,41.79999923706055,43.959999084472656
74.csv_Day7_9h00m,16.790000915527344,25.8799991607666,42.529998779296875,39.689998626708984,42.52000045776367,42.02000045776367,51.380001068115234,50.470001220703125,52.52000045776367
74.csv_Day7_9h30m,26.290000915527344,36.22999954223633,51.0,55.220001220703125,52.5099983215332,55.880001068115234,59.369998931884766,58.849998474121094,60.81999969482422
74.csv_Day7_10h00m,45.099998474121094,45.81999969482422,61.400001525878906,64.62999725341797,64.62000274658203,65.1500015258789,67.86000061035156,67.48999786376953,68.72000122070312
74.csv_Day7_10h30m,53.86000061035156,47.02000045776367,70.31999969482422,72.0,72.25,71.66999816894531,75.02999877929688,75.75,75.55999755859375
74.csv_Day7_11h00m,59.2400016784668,56.63999938964844,76.08999633789062,75.12999725341797,75.31999969482422,75.66999816894531,79.05000305175781,80.63999938964844,79.58999633789062
74.csv_Day7_11h30m,63.68000030517578,60.79999923706055,76.86000061035156,67.37000274658203,76.48999786376953,66.88999938964844,77.58999633789062,78.02999877929688,80.6500015258789
74.csv_Day7_12h00m,66.70999908447266,52.220001220703125,77.80000305175781,66.20999908447266,68.7699966430664,73.37000274658203,82.02999877929688,81.75,82.61000061035156
74.csv_Day7_12h30m,67.68000030517578,51.41999816894531,77.37000274658203,67.27999877929688,68.25,75.0999984741211,81.80000305175781,82.13999938964844,82.94999694824219
74.csv_Day7_13h00m,67.0199966430664,50.5,77.08999633789062,69.36000061035156,66.44999694824219,76.97000122070312,82.93000030517578,80.47000122070312,81.05999755859375
74.csv_Day7_13h30m,65.47000122070312,51.08000183105469,73.9000015258789,68.0199966430664,66.31999969482422,73.87999725341797,79.0,76.44000244140625,77.75
74.csv_Day7_14h00m,60.7599983215332,52.810001373291016,66.41999816894531,59.36000061035156,62.18000030517578,67.12000274658203,73.23999786376953,71.44000244140625,73.26000213623047
74.csv_Day7_14h30m,54.22999954223633,44.619998931884766,61.61000061035156,58.310001373291016,55.790000915527344,59.90999984741211,68.38999938964844,64.62000274658203,65.56999969482422
74.csv_Day7_15h00m,47.11000061035156,43.18000030517578,53.43000030517578,52.619998931884766,48.79999923706055,54.349998474121094,60.02000045776367,58.970001220703125,57.4900016784668
74.csv_Day7_15h30m,38.349998474121094,35.33000183105469,46.22999954223633,47.65999984741211,46.959999084472656,48.65999984741211,51.31999969482422,52.400001525878906,49.619998931884766
74.csv_Day7_16h00m,29.690000534057617,30.899999618530273,34.470001220703125,38.599998474121094,39.72999954223633,43.400001525878906,39.45000076293945,44.11000061035156,40.08000183105469
74.csv_Day7_16h30m,21.3700008392334,14.170000076293945,25.31999969482422,29.90999984741211,30.360000610351562,30.889999389648438,29.450000762939453,32.43000030517578,30.020000457763672
74.csv_Day7_17h00m,11.729999542236328,5.230000019073486,14.770000457763672,15.630000114440918,21.860000610351562,17.850000381469727,19.239999771118164,20.59000015258789,20.010000228881836
74.csv_Day7_17h30m,4.639999866485596,4.909999847412109,6.010000228881836,8.34000015258789,11.100000381469727,9.869999885559082,9.640000343322754,9.890000343322754,10.5600004196167
74.csv_Day7_18h00m,0.0,0.0,0.0,1.149999976158142,1.6200000047683716,0.9100000262260437,1.590000033378601,1.840000033378601,1.8700000047683716
74.csv_Day7_18h30m,0.0,0.0,0.0,0.0,0.0,0.0,0.0,0.0,0.0
74.csv_Day7_19h00m,0.0,0.0,0.0,0.0,0.0,0.0,0.0,0.0,0.0
74.csv_Day7_19h30m,0.0,0.0,0.0,0.0,0.0,0.0,0.0,0.0,0.0
74.csv_Day7_20h00m,0.0,0.0,0.0,0.0,0.0,0.0,0.0,0.0,0.0
74.csv_Day7_20h30m,0.0,0.0,0.0,0.0,0.0,0.0,0.0,0.0,0.0
74.csv_Day7_21h00m,0.0,0.0,0.0,0.0,0.0,0.0,0.0,0.0,0.0
74.csv_Day7_21h30m,0.0,0.0,0.0,0.0,0.0,0.0,0.0,0.0,0.0
74.csv_Day7_22h00m,0.0,0.0,0.0,0.0,0.0,0.0,0.0,0.0,0.0
74.csv_Day7_22h30m,0.0,0.0,0.0,0.0,0.0,0.0,0.0,0.0,0.0
74.csv_Day7_23h00m,0.0,0.0,0.0,0.0,0.0,0.0,0.0,0.0,0.0
74.csv_Day7_23h30m,0.0,0.0,0.0,0.0,0.0,0.0,0.0,0.0,0.0
74.csv_Day8_0h00m,0.0,0.0,0.0,0.0,0.0,0.0,0.0,0.0,0.0
74.csv_Day8_0h30m,0.0,0.0,0.0,0.0,0.0,0.0,0.0,0.0,0.0
74.csv_Day8_1h00m,0.0,0.0,0.0,0.0,0.0,0.0,0.0,0.0,0.0
74.csv_Day8_1h30m,0.0,0.0,0.0,0.0,0.0,0.0,0.0,0.0,0.0
74.csv_Day8_2h00m,0.0,0.0,0.0,0.0,0.0,0.0,0.0,0.0,0.0
74.csv_Day8_2h30m,0.0,0.0,0.0,0.0,0.0,0.0,0.0,0.0,0.0
74.csv_Day8_3h00m,0.0,0.0,0.0,0.0,0.0,0.0,0.0,0.0,0.0
74.csv_Day8_3h30m,0.0,0.0,0.0,0.0,0.0,0.0,0.0,0.0,0.0
74.csv_Day8_4h00m,0.0,0.0,0.0,0.0,0.0,0.0,0.0,0.0,0.0
74.csv_Day8_4h30m,0.0,0.0,0.0,0.0,0.0,0.0,0.0,0.0,0.0
74.csv_Day8_5h00m,0.0,0.0,0.0,0.0,0.0,0.0,0.0,0.0,0.0
74.csv_Day8_5h30m,0.0,0.0,0.0,0.0,0.0,0.0,0.0,0.0,0.0
74.csv_Day8_6h00m,0.0,0.0,0.0,0.0,0.0,0.0,0.0,0.0,0.0
74.csv_Day8_6h30m,0.8500000238418579,1.1299999952316284,1.7899999618530273,4.199999809265137,3.8499999046325684,6.340000152587891,5.349999904632568,7.369999885559082,5.690000057220459
74.csv_Day8_7h00m,6.789999961853027,7.920000076293945,10.890000343322754,13.25,13.680000305175781,14.710000038146973,13.3100004196167,14.699999809265137,14.850000381469727
74.csv_Day8_7h30m,7.199999809265137,16.56999969482422,20.239999771118164,16.350000381469727,17.489999771118164,22.299999237060547,19.90999984741211,24.479999542236328,23.75
74.csv_Day8_8h00m,6.690000057220459,20.440000534057617,26.65999984741211,21.829999923706055,21.6299991607666,29.139999389648438,29.100000381469727,35.060001373291016,34.22999954223633
74.csv_Day8_8h30m,20.510000228881836,22.18000030517578,36.93000030517578,30.760000228881836,29.65999984741211,38.439998626708984,42.38999938964844,41.790000915527344,43.939998626708984
74.csv_Day8_9h00m,28.860000610351562,26.020000457763672,43.06999969482422,39.45000076293945,42.54999923706055,45.970001220703125,50.90999984741211,49.849998474121094,52.5
74.csv_Day8_9h30m,39.119998931884766,36.43000030517578,50.43000030517578,54.880001068115234,52.54999923706055,53.86000061035156,58.84000015258789,57.15999984741211,60.790000915527344
74.csv_Day8_10h00m,49.0099983215332,46.08000183105469,56.689998626708984,64.23999786376953,64.66999816894531,63.20000076293945,67.26000213623047,65.27999877929688,68.69000244140625
74.csv_Day8_10h30m,58.2400016784668,47.279998779296875,65.29000091552734,71.56999969482422,72.30999755859375,69.69999694824219,74.37000274658203,71.94999694824219,75.52999877929688
74.csv_Day8_11h00m,62.58000183105469,56.959999084472656,71.54000091552734,74.68000030517578,75.37999725341797,72.79000091552734,78.3499984741211,75.80000305175781,79.55000305175781
74.csv_Day8_11h30m,62.060001373291016,61.13999938964844,71.73999786376953,66.95999908447266,76.55000305175781,65.37000274658203,76.9000015258789,70.51000213623047,80.61000061035156
74.csv_Day8_12h00m,64.08000183105469,52.5099983215332,70.9000015258789,65.80999755859375,68.81999969482422,66.43000030517578,81.30999755859375,71.55000305175781,82.58000183105469
74.csv_Day8_12h30m,65.87000274658203,51.70000076293945,70.0199966430664,66.87000274658203,68.30000305175781,72.2699966430664,81.08000183105469,73.08000183105469,82.91000366210938
74.csv_Day8_13h00m,64.98999786376953,50.790000915527344,72.12000274658203,68.94000244140625,66.5,74.58000183105469,82.20999908447266,74.41000366210938,81.0199966430664
74.csv_Day8_13h30m,63.22999954223633,51.36000061035156,69.47000122070312,67.61000061035156,66.37000274658203,72.33000183105469,78.30000305175781,72.51000213623047,77.70999908447266
74.csv_Day8_14h00m,56.02000045776367,53.11000061035156,63.79999923706055,59.0,62.22999954223633,69.29000091552734,72.58999633789062,67.7300033569336,73.2300033569336
74.csv_Day8_14h30m,50.2599983215332,44.880001068115234,59.40999984741211,57.959999084472656,55.83000183105469,61.029998779296875,67.77999877929688,59.43000030517578,65.54000091552734
74.csv_Day8_15h00m,44.220001220703125,43.41999816894531,55.91999816894531,52.29999923706055,48.84000015258789,54.959999084472656,59.47999954223633,54.9900016784668,57.470001220703125
74.csv_Day8_15h30m,36.209999084472656,35.529998779296875,44.77000045776367,47.369998931884766,46.9900016784668,48.209999084472656,50.86000061035156,50.31999969482422,49.599998474121094
74.csv_Day8_16h00m,27.90999984741211,31.06999969482422,33.88999938964844,38.369998931884766,39.7599983215332,42.93000030517578,39.08000183105469,42.06999969482422,40.060001373291016
74.csv_Day8_16h30m,19.8700008392334,14.25,22.670000076293945,29.729999542236328,30.3799991607666,31.510000228881836,29.15999984741211,32.2400016784668,30.010000228881836
74.csv_Day8_17h00m,6.880000114440918,5.260000228881836,15.359999656677246,15.529999732971191,21.8700008392334,20.15999984741211,19.030000686645508,20.6200008392334,20.0
74.csv_Day8_17h30m,2.8499999046325684,4.940000057220459,6.150000095367432,8.289999961853027,11.100000381469727,10.319999694824219,9.510000228881836,10.079999923706055,10.5600004196167
74.csv_Day8_18h00m,0.0,0.0,0.009999999776482582,1.1399999856948853,1.6200000047683716,1.2899999618530273,1.6799999475479126,1.7899999618530273,1.8700000047683716
74.csv_Day8_18h30m,0.0,0.0,0.0,0.0,0.0,0.0,0.0,0.0,0.0
74.csv_Day8_19h00m,0.0,0.0,0.0,0.0,0.0,0.0,0.0,0.0,0.0
74.csv_Day8_19h30m,0.0,0.0,0.0,0.0,0.0,0.0,0.0,0.0,0.0
74.csv_Day8_20h00m,0.0,0.0,0.0,0.0,0.0,0.0,0.0,0.0,0.0
74.csv_Day8_20h30m,0.0,0.0,0.0,0.0,0.0,0.0,0.0,0.0,0.0
74.csv_Day8_21h00m,0.0,0.0,0.0,0.0,0.0,0.0,0.0,0.0,0.0
74.csv_Day8_21h30m,0.0,0.0,0.0,0.0,0.0,0.0,0.0,0.0,0.0
74.csv_Day8_22h00m,0.0,0.0,0.0,0.0,0.0,0.0,0.0,0.0,0.0
74.csv_Day8_22h30m,0.0,0.0,0.0,0.0,0.0,0.0,0.0,0.0,0.0
74.csv_Day8_23h00m,0.0,0.0,0.0,0.0,0.0,0.0,0.0,0.0,0.0
74.csv_Day8_23h30m,0.0,0.0,0.0,0.0,0.0,0.0,0.0,0.0,0.0
75.csv_Day7_0h00m,0.0,0.0,0.0,0.0,0.0,0.0,0.0,0.0,0.0
75.csv_Day7_0h30m,0.0,0.0,0.0,0.0,0.0,0.0,0.0,0.0,0.0
75.csv_Day7_1h00m,0.0,0.0,0.0,0.0,0.0,0.0,0.0,0.0,0.0
75.csv_Day7_1h30m,0.0,0.0,0.0,0.0,0.0,0.0,0.0,0.0,0.0
75.csv_Day7_2h00m,0.0,0.0,0.0,0.0,0.0,0.0,0.0,0.0,0.0
75.csv_Day7_2h30m,0.0,0.0,0.0,0.0,0.0,0.0,0.0,0.0,0.0
75.csv_Day7_3h00m,0.0,0.0,0.0,0.0,0.0,0.0,0.0,0.0,0.0
75.csv_Day7_3h30m,0.0,0.0,0.0,0.0,0.0,0.0,0.0,0.0,0.0
75.csv_Day7_4h00m,0.0,0.0,0.0,0.0,0.0,0.0,0.0,0.0,0.0
75.csv_Day7_4h30m,0.0,0.0,0.0,0.0,0.0,0.0,0.0,0.0,0.0
75.csv_Day7_5h00m,0.0,0.0,0.0,0.0,0.0,0.0,0.0,0.0,0.0
75.csv_Day7_5h30m,0.0,0.0,0.0,1.149999976158142,0.09000000357627869,1.2000000476837158,1.2999999523162842,1.3700000047683716,1.7999999523162842
75.csv_Day7_6h00m,1.7799999713897705,1.8899999856948853,7.710000038146973,4.900000095367432,8.039999961853027,8.640000343322754,8.109999656677246,9.119999885559082,9.84000015258789
75.csv_Day7_6h30m,6.929999828338623,9.40999984741211,15.0,17.1200008392334,16.610000610351562,16.15999984741211,16.690000534057617,17.450000762939453,18.809999465942383
75.csv_Day7_7h00m,14.529999732971191,13.699999809265137,20.440000534057617,21.450000762939453,23.56999969482422,17.719999313354492,26.18000030517578,26.020000457763672,28.40999984741211
75.csv_Day7_7h30m,15.369999885559082,13.25,32.2400016784668,33.25,27.8700008392334,33.86000061035156,35.95000076293945,36.81999969482422,39.09000015258789
75.csv_Day7_8h00m,6.789999961853027,27.270000457763672,40.54999923706055,32.130001068115234,40.459999084472656,43.58000183105469,46.869998931884766,44.59000015258789,48.709999084472656
75.csv_Day7_8h30m,3.809999942779541,35.38999938964844,47.77000045776367,28.8700008392334,50.11000061035156,53.900001525878906,54.97999954223633,52.470001220703125,56.33000183105469
75.csv_Day7_9h00m,6.46999979019165,49.06999969482422,50.779998779296875,42.5099983215332,61.650001525878906,61.630001068115234,64.87000274658203,61.09000015258789,65.22000122070312
75.csv_Day7_9h30m,25.739999771118164,50.15999984741211,57.09000015258789,61.93000030517578,70.73999786376953,71.11000061035156,70.98999786376953,69.45999908447266,71.83999633789062
75.csv_Day7_10h00m,16.360000610351562,61.900001525878906,63.459999084472656,58.97999954223633,80.62000274658203,79.87000274658203,76.41000366210938,76.41000366210938,78.70999908447266
75.csv_Day7_10h30m,5.0,62.189998626708984,69.51000213623047,48.88999938964844,81.44000244140625,82.36000061035156,76.4000015258789,78.66000366210938,82.31999969482422
75.csv_Day7_11h00m,10.510000228881836,65.52999877929688,74.54000091552734,36.56999969482422,85.66999816894531,75.0199966430664,82.7300033569336,82.75,88.08000183105469
75.csv_Day7_11h30m,8.600000381469727,59.0099983215332,72.97000122070312,23.3799991607666,78.80000305175781,78.9000015258789,84.45999908447266,84.7699966430664,89.77999877929688
75.csv_Day7_12h00m,21.56999969482422,56.439998626708984,68.80999755859375,32.47999954223633,71.02999877929688,86.3499984741211,87.54000091552734,92.5999984741211,90.26000213623047
75.csv_Day7_12h30m,7.389999866485596,51.849998474121094,66.75,17.700000762939453,63.290000915527344,84.47000122070312,84.26000213623047,85.94999694824219,89.91999816894531
75.csv_Day7_13h00m,10.430000305175781,47.970001220703125,60.91999816894531,20.43000030517578,45.16999816894531,81.26000213623047,80.48999786376953,82.08999633789062,87.69999694824219
75.csv_Day7_13h30m,36.36000061035156,37.4900016784668,58.709999084472656,43.11000061035156,42.25,67.05999755859375,79.81999969482422,78.2699966430664,82.37999725341797
75.csv_Day7_14h00m,16.469999313354492,50.47999954223633,53.79999923706055,51.29999923706055,40.4900016784668,65.7300033569336,77.2300033569336,73.45999908447266,78.5199966430664
75.csv_Day7_14h30m,19.459999084472656,40.20000076293945,49.619998931884766,53.310001373291016,46.70000076293945,60.279998779296875,72.16000366210938,67.55999755859375,73.12000274658203
75.csv_Day7_15h00m,20.110000610351562,23.649999618530273,46.7400016784668,34.849998474121094,46.630001068115234,46.470001220703125,63.61000061035156,61.56999969482422,65.94000244140625
75.csv_Day7_15h30m,16.43000030517578,20.989999771118164,45.54999923706055,35.810001373291016,46.40999984741211,45.619998931884766,54.7400016784668,53.61000061035156,59.0099983215332
75.csv_Day7_16h00m,7.690000057220459,8.930000305175781,35.79999923706055,32.36000061035156,36.869998931884766,32.22999954223633,45.52000045776367,44.61000061035156,48.47999954223633
75.csv_Day7_16h30m,2.109999895095825,11.539999961853027,29.559999465942383,31.18000030517578,27.510000228881836,26.440000534057617,35.90999984741211,35.66999816894531,38.65999984741211
75.csv_Day7_17h00m,0.699999988079071,15.260000228881836,20.540000915527344,16.579999923706055,23.290000915527344,17.0,25.850000381469727,27.18000030517578,27.540000915527344
75.csv_Day7_17h30m,4.539999961853027,9.420000076293945,14.079999923706055,14.5600004196167,12.479999542236328,16.389999389648438,14.960000038146973,17.610000610351562,17.729999542236328
75.csv_Day7_18h00m,0.6700000166893005,1.600000023841858,4.170000076293945,8.029999732971191,2.869999885559082,6.809999942779541,7.050000190734863,7.559999942779541,8.65999984741211
75.csv_Day7_18h30m,0.0,0.0,0.0,1.149999976158142,1.4299999475479126,1.3300000429153442,1.5,1.559999942779541,2.119999885559082
75.csv_Day7_19h00m,0.0,0.0,0.0,0.0,0.0,0.0,0.0,0.0,0.0
75.csv_Day7_19h30m,0.0,0.0,0.0,0.0,0.0,0.0,0.0,0.0,0.0
75.csv_Day7_20h00m,0.0,0.0,0.0,0.0,0.0,0.0,0.0,0.0,0.0
75.csv_Day7_20h30m,0.0,0.0,0.0,0.0,0.0,0.0,0.0,0.0,0.0
75.csv_Day7_21h00m,0.0,0.0,0.0,0.0,0.0,0.0,0.0,0.0,0.0
75.csv_Day7_21h30m,0.0,0.0,0.0,0.0,0.0,0.0,0.0,0.0,0.0
75.csv_Day7_22h00m,0.0,0.0,0.0,0.0,0.0,0.0,0.0,0.0,0.0
75.csv_Day7_22h30m,0.0,0.0,0.0,0.0,0.0,0.0,0.0,0.0,0.0
75.csv_Day7_23h00m,0.0,0.0,0.0,0.0,0.0,0.0,0.0,0.0,0.0
75.csv_Day7_23h30m,0.0,0.0,0.0,0.0,0.0,0.0,0.0,0.0,0.0
75.csv_Day8_0h00m,0.0,0.0,0.0,0.0,0.0,0.0,0.0,0.0,0.0
75.csv_Day8_0h30m,0.0,0.0,0.0,0.0,0.0,0.0,0.0,0.0,0.0
75.csv_Day8_1h00m,0.0,0.0,0.0,0.0,0.0,0.0,0.0,0.0,0.0
75.csv_Day8_1h30m,0.0,0.0,0.0,0.0,0.0,0.0,0.0,0.0,0.0
75.csv_Day8_2h00m,0.0,0.0,0.0,0.0,0.0,0.0,0.0,0.0,0.0
75.csv_Day8_2h30m,0.0,0.0,0.0,0.0,0.0,0.0,0.0,0.0,0.0
75.csv_Day8_3h00m,0.0,0.0,0.0,0.0,0.0,0.0,0.0,0.0,0.0
75.csv_Day8_3h30m,0.0,0.0,0.0,0.0,0.0,0.0,0.0,0.0,0.0
75.csv_Day8_4h00m,0.0,0.0,0.0,0.0,0.0,0.0,0.0,0.0,0.0
75.csv_Day8_4h30m,0.0,0.0,0.0,0.0,0.0,0.0,0.0,0.0,0.0
75.csv_Day8_5h00m,0.0,0.0,0.0,0.0,0.0,0.0,0.0,0.0,0.0
75.csv_Day8_5h30m,0.0,0.0,0.0,1.1399999856948853,0.09000000357627869,1.3200000524520874,1.3700000047683716,1.25,1.7999999523162842
75.csv_Day8_6h00m,1.0399999618530273,1.899999976158142,1.309999942779541,4.869999885559082,8.039999961853027,8.84000015258789,8.0,9.010000228881836,9.84000015258789
75.csv_Day8_6h30m,6.659999847412109,9.460000038146973,4.039999961853027,17.020000457763672,16.6200008392334,8.739999771118164,16.510000228881836,17.1200008392334,18.799999237060547
75.csv_Day8_7h00m,6.389999866485596,13.770000457763672,8.220000267028809,21.329999923706055,23.59000015258789,8.8100004196167,25.920000076293945,25.75,28.389999389648438
75.csv_Day8_7h30m,1.2899999618530273,13.329999923706055,11.6899995803833,33.04999923706055,27.889999389648438,14.25,35.61000061035156,35.79999923706055,39.08000183105469
75.csv_Day8_8h00m,2.809999942779541,27.420000076293945,38.380001068115234,31.940000534057617,40.4900016784668,22.25,46.439998626708984,44.060001373291016,48.689998626708984
75.csv_Day8_8h30m,2.569999933242798,35.59000015258789,45.54999923706055,28.700000762939453,50.13999938964844,24.760000228881836,54.47999954223633,51.689998626708984,56.29999923706055
75.csv_Day8_9h00m,7.559999942779541,49.349998474121094,56.209999084472656,42.25,61.689998626708984,41.56999969482422,64.27999877929688,57.79999923706055,65.19000244140625
75.csv_Day8_9h30m,4.210000038146973,50.439998626708984,62.63999938964844,61.54999923706055,70.79000091552734,64.80000305175781,70.36000061035156,69.04000091552734,71.80999755859375
75.csv_Day8_10h00m,4.130000114440918,62.25,69.76000213623047,58.619998931884766,80.68000030517578,58.0099983215332,75.72000122070312,74.36000061035156,78.66999816894531
75.csv_Day8_10h30m,3.5,62.540000915527344,74.83000183105469,48.599998474121094,81.51000213623047,53.599998474121094,75.72000122070312,67.72000122070312,82.27999877929688
75.csv_Day8_11h00m,4.869999885559082,65.9000015258789,80.04000091552734,36.349998474121094,85.73999786376953,50.209999084472656,82.0,69.76000213623047,88.04000091552734
75.csv_Day8_11h30m,4.710000038146973,59.34000015258789,80.30999755859375,23.239999771118164,78.86000061035156,32.189998626708984,83.69999694824219,73.48999786376953,89.73999786376953
75.csv_Day8_12h00m,15.710000038146973,56.75,70.01000213623047,32.279998779296875,71.08999633789062,19.530000686645508,86.76000213623047,88.37999725341797,90.22000122070312
75.csv_Day8_12h30m,3.8499999046325684,52.150001525878906,57.900001525878906,17.59000015258789,63.34000015258789,17.8799991607666,83.5,80.83999633789062,89.87999725341797
75.csv_Day8_13h00m,6.909999847412109,48.2400016784668,64.06999969482422,20.309999465942383,45.20000076293945,21.739999771118164,79.7699966430664,80.83999633789062,87.66000366210938
75.csv_Day8_13h30m,36.97999954223633,37.70000076293945,46.02000045776367,42.849998474121094,42.279998779296875,27.90999984741211,79.11000061035156,79.27999877929688,82.33999633789062
75.csv_Day8_14h00m,42.29999923706055,50.7599983215332,55.040000915527344,50.9900016784668,40.52000045776367,33.099998474121094,76.52999877929688,70.30999755859375,78.4800033569336
75.csv_Day8_14h30m,30.8700008392334,40.43000030517578,24.989999771118164,52.9900016784668,46.7400016784668,25.59000015258789,71.51000213623047,67.94999694824219,73.08000183105469
75.csv_Day8_15h00m,28.139999389648438,23.790000915527344,16.780000686645508,34.63999938964844,46.66999816894531,22.3700008392334,63.029998779296875,62.560001373291016,65.91000366210938
75.csv_Day8_15h30m,11.119999885559082,21.110000610351562,41.970001220703125,35.599998474121094,46.45000076293945,23.520000457763672,56.560001373291016,54.91999816894531,58.9900016784668
75.csv_Day8_16h00m,19.399999618530273,8.979999542236328,13.039999961853027,32.16999816894531,36.900001525878906,29.65999984741211,45.70000076293945,44.43000030517578,48.459999084472656
75.csv_Day8_16h30m,15.270000457763672,11.609999656677246,22.540000915527344,30.989999771118164,27.530000686645508,31.440000534057617,35.56999969482422,34.58000183105469,38.63999938964844
75.csv_Day8_17h00m,11.59000015258789,15.350000381469727,4.800000190734863,16.479999542236328,23.309999465942383,26.979999542236328,25.940000534057617,25.889999389648438,27.530000686645508
75.csv_Day8_17h30m,5.360000133514404,9.470000267028809,3.069999933242798,14.479999542236328,12.489999771118164,18.190000534057617,14.800000190734863,16.68000030517578,17.719999313354492
75.csv_Day8_18h00m,0.4699999988079071,1.6100000143051147,1.8700000047683716,7.989999771118164,2.880000114440918,7.190000057220459,6.949999809265137,7.320000171661377,8.65999984741211
75.csv_Day8_18h30m,0.0,0.0,0.0,1.1399999856948853,1.4299999475479126,1.2999999523162842,1.590000033378601,1.4299999475479126,2.109999895095825
75.csv_Day8_19h00m,0.0,0.0,0.0,0.0,0.0,0.0,0.0,0.0,0.0
75.csv_Day8_19h30m,0.0,0.0,0.0,0.0,0.0,0.0,0.0,0.0,0.0
75.csv_Day8_20h00m,0.0,0.0,0.0,0.0,0.0,0.0,0.0,0.0,0.0
75.csv_Day8_20h30m,0.0,0.0,0.0,0.0,0.0,0.0,0.0,0.0,0.0
75.csv_Day8_21h00m,0.0,0.0,0.0,0.0,0.0,0.0,0.0,0.0,0.0
75.csv_Day8_21h30m,0.0,0.0,0.0,0.0,0.0,0.0,0.0,0.0,0.0
75.csv_Day8_22h00m,0.0,0.0,0.0,0.0,0.0,0.0,0.0,0.0,0.0
75.csv_Day8_22h30m,0.0,0.0,0.0,0.0,0.0,0.0,0.0,0.0,0.0
75.csv_Day8_23h00m,0.0,0.0,0.0,0.0,0.0,0.0,0.0,0.0,0.0
75.csv_Day8_23h30m,0.0,0.0,0.0,0.0,0.0,0.0,0.0,0.0,0.0
76.csv_Day7_0h00m,0.0,0.0,0.0,0.0,0.0,0.0,0.0,0.0,0.0
76.csv_Day7_0h30m,0.0,0.0,0.0,0.0,0.0,0.0,0.0,0.0,0.0
76.csv_Day7_1h00m,0.0,0.0,0.0,0.0,0.0,0.0,0.0,0.0,0.0
76.csv_Day7_1h30m,0.0,0.0,0.0,0.0,0.0,0.0,0.0,0.0,0.0
76.csv_Day7_2h00m,0.0,0.0,0.0,0.0,0.0,0.0,0.0,0.0,0.0
76.csv_Day7_2h30m,0.0,0.0,0.0,0.0,0.0,0.0,0.0,0.0,0.0
76.csv_Day7_3h00m,0.0,0.0,0.0,0.0,0.0,0.0,0.0,0.0,0.0
76.csv_Day7_3h30m,0.0,0.0,0.0,0.0,0.0,0.0,0.0,0.0,0.0
76.csv_Day7_4h00m,0.0,0.0,0.0,0.0,0.0,0.0,0.0,0.0,0.0
76.csv_Day7_4h30m,0.0,0.0,0.0,0.0,0.0,0.0,0.0,0.0,0.0
76.csv_Day7_5h00m,0.0,0.0,0.0,0.0,0.0,0.0,0.0,0.0,0.0
76.csv_Day7_5h30m,0.0,0.0,0.0,0.0,0.0,0.0,0.0,0.0,0.0
76.csv_Day7_6h00m,0.0,0.0,0.0,0.0,0.0,0.0,0.0,0.0,0.0
76.csv_Day7_6h30m,0.0,0.0,0.0,0.0,0.0,0.0,0.0,0.0,0.0
76.csv_Day7_7h00m,0.0,0.0,0.0,0.0,0.0,0.0,0.0,0.0,0.0
76.csv_Day7_7h30m,0.0,0.0,0.5,0.75,1.6699999570846558,1.0099999904632568,1.5700000524520874,1.850000023841858,1.8300000429153442
76.csv_Day7_8h00m,5.179999828338623,4.809999942779541,4.449999809265137,5.239999771118164,9.34000015258789,7.690000057220459,8.0,9.550000190734863,9.529999732971191
76.csv_Day7_8h30m,10.1899995803833,8.199999809265137,7.130000114440918,7.110000133514404,14.279999732971191,10.25,15.989999771118164,16.40999984741211,17.020000457763672
76.csv_Day7_9h00m,16.770000457763672,13.109999656677246,9.289999961853027,11.0,18.969999313354492,20.959999084472656,25.040000915527344,25.139999389648438,25.469999313354492
76.csv_Day7_9h30m,23.270000457763672,12.550000190734863,8.5,24.90999984741211,29.43000030517578,29.860000610351562,34.09000015258789,33.150001525878906,34.15999984741211
76.csv_Day7_10h00m,27.959999084472656,9.390000343322754,7.849999904632568,31.420000076293945,32.7599983215332,39.06999969482422,41.84000015258789,39.83000183105469,40.970001220703125
76.csv_Day7_10h30m,31.979999542236328,21.260000228881836,7.699999809265137,37.310001373291016,36.349998474121094,41.470001220703125,47.16999816894531,45.209999084472656,46.939998626708984
76.csv_Day7_11h00m,35.41999816894531,22.610000610351562,6.949999809265137,41.099998474121094,36.34000015258789,35.7400016784668,47.630001068115234,46.90999984741211,51.689998626708984
76.csv_Day7_11h30m,36.91999816894531,23.270000457763672,7.050000190734863,42.630001068115234,39.540000915527344,40.61000061035156,50.529998779296875,49.34000015258789,53.869998931884766
76.csv_Day7_12h00m,33.459999084472656,26.600000381469727,10.34000015258789,33.310001373291016,39.709999084472656,49.56999969482422,49.4900016784668,51.08000183105469,54.79999923706055
76.csv_Day7_12h30m,33.20000076293945,23.3799991607666,24.209999084472656,31.829999923706055,41.11000061035156,50.459999084472656,49.619998931884766,50.79999923706055,56.0
76.csv_Day7_13h00m,32.95000076293945,21.670000076293945,34.779998779296875,29.25,41.970001220703125,49.790000915527344,48.349998474121094,49.06999969482422,54.459999084472656
76.csv_Day7_13h30m,29.75,21.84000015258789,35.650001525878906,18.579999923706055,33.29999923706055,44.68000030517578,44.38999938964844,44.08000183105469,47.369998931884766
76.csv_Day7_14h00m,30.5,24.989999771118164,40.68000030517578,27.520000457763672,38.810001373291016,43.54999923706055,42.900001525878906,43.41999816894531,46.52000045776367
76.csv_Day7_14h30m,26.65999984741211,16.889999389648438,36.5099983215332,23.270000457763672,39.849998474121094,41.11000061035156,38.95000076293945,39.61000061035156,41.900001525878906
76.csv_Day7_15h00m,24.479999542236328,11.270000457763672,30.920000076293945,15.819999694824219,34.11000061035156,32.93000030517578,30.90999984741211,32.380001068115234,33.66999816894531
76.csv_Day7_15h30m,17.3799991607666,2.690000057220459,21.8700008392334,5.920000076293945,24.90999984741211,19.84000015258789,24.450000762939453,25.399999618530273,26.549999237060547
76.csv_Day7_16h00m,10.40999984741211,3.7100000381469727,10.039999961853027,2.9700000286102295,16.920000076293945,12.3100004196167,16.489999771118164,16.479999542236328,18.149999618530273
76.csv_Day7_16h30m,4.480000019073486,3.8299999237060547,4.119999885559082,6.920000076293945,8.930000305175781,8.369999885559082,8.729999542236328,8.850000381469727,9.4399995803833
76.csv_Day7_17h00m,0.0,0.0,0.0,1.149999976158142,1.5299999713897705,0.8100000023841858,1.5299999713897705,1.6299999952316284,1.559999942779541
76.csv_Day7_17h30m,0.0,0.0,0.0,0.0,0.0,0.0,0.0,0.0,0.0
76.csv_Day7_18h00m,0.0,0.0,0.0,0.0,0.0,0.0,0.0,0.0,0.0
76.csv_Day7_18h30m,0.0,0.0,0.0,0.0,0.0,0.0,0.0,0.0,0.0
76.csv_Day7_19h00m,0.0,0.0,0.0,0.0,0.0,0.0,0.0,0.0,0.0
76.csv_Day7_19h30m,0.0,0.0,0.0,0.0,0.0,0.0,0.0,0.0,0.0
76.csv_Day7_20h00m,0.0,0.0,0.0,0.0,0.0,0.0,0.0,0.0,0.0
76.csv_Day7_20h30m,0.0,0.0,0.0,0.0,0.0,0.0,0.0,0.0,0.0
76.csv_Day7_21h00m,0.0,0.0,0.0,0.0,0.0,0.0,0.0,0.0,0.0
76.csv_Day7_21h30m,0.0,0.0,0.0,0.0,0.0,0.0,0.0,0.0,0.0
76.csv_Day7_22h00m,0.0,0.0,0.0,0.0,0.0,0.0,0.0,0.0,0.0
76.csv_Day7_22h30m,0.0,0.0,0.0,0.0,0.0,0.0,0.0,0.0,0.0
76.csv_Day7_23h00m,0.0,0.0,0.0,0.0,0.0,0.0,0.0,0.0,0.0
76.csv_Day7_23h30m,0.0,0.0,0.0,0.0,0.0,0.0,0.0,0.0,0.0
76.csv_Day8_0h00m,0.0,0.0,0.0,0.0,0.0,0.0,0.0,0.0,0.0
76.csv_Day8_0h30m,0.0,0.0,0.0,0.0,0.0,0.0,0.0,0.0,0.0
76.csv_Day8_1h00m,0.0,0.0,0.0,0.0,0.0,0.0,0.0,0.0,0.0
76.csv_Day8_1h30m,0.0,0.0,0.0,0.0,0.0,0.0,0.0,0.0,0.0
76.csv_Day8_2h00m,0.0,0.0,0.0,0.0,0.0,0.0,0.0,0.0,0.0
76.csv_Day8_2h30m,0.0,0.0,0.0,0.0,0.0,0.0,0.0,0.0,0.0
76.csv_Day8_3h00m,0.0,0.0,0.0,0.0,0.0,0.0,0.0,0.0,0.0
76.csv_Day8_3h30m,0.0,0.0,0.0,0.0,0.0,0.0,0.0,0.0,0.0
76.csv_Day8_4h00m,0.0,0.0,0.0,0.0,0.0,0.0,0.0,0.0,0.0
76.csv_Day8_4h30m,0.0,0.0,0.0,0.0,0.0,0.0,0.0,0.0,0.0
76.csv_Day8_5h00m,0.0,0.0,0.0,0.0,0.0,0.0,0.0,0.0,0.0
76.csv_Day8_5h30m,0.0,0.0,0.0,0.0,0.0,0.0,0.0,0.0,0.0
76.csv_Day8_6h00m,0.0,0.0,0.0,0.0,0.0,0.0,0.0,0.0,0.0
76.csv_Day8_6h30m,0.0,0.0,0.0,0.0,0.0,0.0,0.0,0.0,0.0
76.csv_Day8_7h00m,0.0,0.0,0.0,0.0,0.0,0.0,0.0,0.0,0.0
76.csv_Day8_7h30m,0.0,0.0,0.3799999952316284,0.7400000095367432,1.6699999570846558,1.309999942779541,1.659999966621399,1.8700000047683716,1.8300000429153442
76.csv_Day8_8h00m,4.699999809265137,4.829999923706055,4.860000133514404,5.210000038146973,9.350000381469727,8.229999542236328,7.889999866485596,9.640000343322754,9.529999732971191
76.csv_Day8_8h30m,10.960000038146973,8.25,9.010000228881836,7.070000171661377,14.289999961853027,15.449999809265137,15.819999694824219,16.530000686645508,17.020000457763672
76.csv_Day8_9h00m,15.720000267028809,13.180000305175781,12.510000228881836,10.930000305175781,18.989999771118164,22.329999923706055,24.790000915527344,25.799999237060547,25.459999084472656
76.csv_Day8_9h30m,22.93000030517578,12.619999885559082,29.719999313354492,24.760000228881836,29.450000762939453,33.040000915527344,33.77000045776367,34.2400016784668,34.150001525878906
76.csv_Day8_10h00m,28.920000076293945,9.449999809265137,33.369998931884766,31.229999542236328,32.790000915527344,42.380001068115234,42.36000061035156,41.2599983215332,40.95000076293945
76.csv_Day8_10h30m,32.22999954223633,21.3799991607666,36.88999938964844,37.08000183105469,36.380001068115234,47.33000183105469,48.599998474121094,47.08000183105469,46.91999816894531
76.csv_Day8_11h00m,34.650001525878906,22.729999542236328,37.130001068115234,40.849998474121094,36.369998931884766,42.36000061035156,49.02000045776367,48.400001525878906,51.66999816894531
76.csv_Day8_11h30m,35.18000030517578,23.399999618530273,37.63999938964844,42.369998931884766,39.56999969482422,44.939998626708984,51.310001373291016,50.060001373291016,53.849998474121094
76.csv_Day8_12h00m,19.459999084472656,26.75,15.329999923706055,33.11000061035156,39.7400016784668,44.150001525878906,49.040000915527344,49.86000061035156,54.779998779296875
76.csv_Day8_12h30m,20.110000610351562,23.510000228881836,7.909999847412109,31.639999389648438,41.150001525878906,45.45000076293945,49.939998626708984,49.119998931884766,55.97999954223633
76.csv_Day8_13h00m,22.459999084472656,21.790000915527344,8.6899995803833,29.06999969482422,42.0099983215332,45.5099983215332,49.720001220703125,47.9900016784668,54.439998626708984
76.csv_Day8_13h30m,24.329999923706055,21.969999313354492,8.40999984741211,18.469999313354492,33.31999969482422,44.290000915527344,43.97999954223633,43.900001525878906,47.349998474121094
76.csv_Day8_14h00m,25.920000076293945,25.1299991607666,18.700000762939453,27.360000610351562,38.84000015258789,39.29999923706055,42.5,44.310001373291016,46.5
76.csv_Day8_14h30m,20.510000228881836,16.979999542236328,26.09000015258789,23.1299991607666,39.880001068115234,37.439998626708984,38.59000015258789,40.130001068115234,41.880001068115234
76.csv_Day8_15h00m,18.15999984741211,11.34000015258789,25.1200008392334,15.720000267028809,34.13999938964844,28.34000015258789,30.610000610351562,32.939998626708984,33.650001525878906
76.csv_Day8_15h30m,10.949999809265137,2.700000047683716,18.65999984741211,5.880000114440918,24.93000030517578,21.709999084472656,24.200000762939453,25.59000015258789,26.540000915527344
76.csv_Day8_16h00m,9.569999694824219,3.7300000190734863,12.40999984741211,2.950000047683716,16.940000534057617,15.369999885559082,16.309999465942383,16.34000015258789,18.139999389648438
76.csv_Day8_16h30m,3.7899999618530273,3.8499999046325684,4.050000190734863,6.869999885559082,8.9399995803833,8.59000015258789,8.609999656677246,8.800000190734863,9.4399995803833
76.csv_Day8_17h00m,0.0,0.0,0.0,1.1399999856948853,1.5299999713897705,0.9300000071525574,1.6100000143051147,1.5299999713897705,1.559999942779541
76.csv_Day8_17h30m,0.0,0.0,0.0,0.0,0.0,0.0,0.0,0.0,0.0
76.csv_Day8_18h00m,0.0,0.0,0.0,0.0,0.0,0.0,0.0,0.0,0.0
76.csv_Day8_18h30m,0.0,0.0,0.0,0.0,0.0,0.0,0.0,0.0,0.0
76.csv_Day8_19h00m,0.0,0.0,0.0,0.0,0.0,0.0,0.0,0.0,0.0
76.csv_Day8_19h30m,0.0,0.0,0.0,0.0,0.0,0.0,0.0,0.0,0.0
76.csv_Day8_20h00m,0.0,0.0,0.0,0.0,0.0,0.0,0.0,0.0,0.0
76.csv_Day8_20h30m,0.0,0.0,0.0,0.0,0.0,0.0,0.0,0.0,0.0
76.csv_Day8_21h00m,0.0,0.0,0.0,0.0,0.0,0.0,0.0,0.0,0.0
76.csv_Day8_21h30m,0.0,0.0,0.0,0.0,0.0,0.0,0.0,0.0,0.0
76.csv_Day8_22h00m,0.0,0.0,0.0,0.0,0.0,0.0,0.0,0.0,0.0
76.csv_Day8_22h30m,0.0,0.0,0.0,0.0,0.0,0.0,0.0,0.0,0.0
76.csv_Day8_23h00m,0.0,0.0,0.0,0.0,0.0,0.0,0.0,0.0,0.0
76.csv_Day8_23h30m,0.0,0.0,0.0,0.0,0.0,0.0,0.0,0.0,0.0
77.csv_Day7_0h00m,0.0,0.0,0.0,0.0,0.0,0.0,0.0,0.0,0.0
77.csv_Day7_0h30m,0.0,0.0,0.0,0.0,0.0,0.0,0.0,0.0,0.0
77.csv_Day7_1h00m,0.0,0.0,0.0,0.0,0.0,0.0,0.0,0.0,0.0
77.csv_Day7_1h30m,0.0,0.0,0.0,0.0,0.0,0.0,0.0,0.0,0.0
77.csv_Day7_2h00m,0.0,0.0,0.0,0.0,0.0,0.0,0.0,0.0,0.0
77.csv_Day7_2h30m,0.0,0.0,0.0,0.0,0.0,0.0,0.0,0.0,0.0
77.csv_Day7_3h00m,0.0,0.0,0.0,0.0,0.0,0.0,0.0,0.0,0.0
77.csv_Day7_3h30m,0.0,0.0,0.0,0.0,0.0,0.0,0.0,0.0,0.0
77.csv_Day7_4h00m,0.0,0.0,0.0,0.0,0.0,0.0,0.0,0.0,0.0
77.csv_Day7_4h30m,0.0,0.0,0.0,0.0,0.0,0.0,0.0,0.0,0.0
77.csv_Day7_5h00m,0.0,2.119999885559082,1.590000033378601,2.700000047683716,2.130000114440918,3.5,3.609999895095825,3.940000057220459,3.930000066757202
77.csv_Day7_5h30m,3.9800000190734863,5.71999979019165,7.25,5.340000152587891,9.539999961853027,9.800000190734863,9.399999618530273,9.930000305175781,10.680000305175781
77.csv_Day7_6h00m,9.779999732971191,6.119999885559082,15.229999542236328,13.239999771118164,16.030000686645508,16.040000915527344,17.549999237060547,17.6200008392334,18.75
77.csv_Day7_6h30m,18.700000762939453,4.449999809265137,24.18000030517578,24.579999923706055,23.670000076293945,26.719999313354492,27.399999618530273,28.0,28.81999969482422
77.csv_Day7_7h00m,15.710000038146973,21.420000076293945,32.599998474121094,31.6299991607666,28.940000534057617,36.68000030517578,36.439998626708984,37.65999984741211,38.29999923706055
77.csv_Day7_7h30m,5.110000133514404,21.06999969482422,38.91999816894531,41.65999984741211,35.880001068115234,45.70000076293945,46.209999084472656,47.91999816894531,47.7599983215332
77.csv_Day7_8h00m,1.8799999952316284,17.25,37.650001525878906,42.40999984741211,50.08000183105469,54.58000183105469,55.54999923706055,58.04999923706055,57.0099983215332
77.csv_Day7_8h30m,2.390000104904175,10.640000343322754,39.119998931884766,37.0099983215332,56.15999984741211,59.720001220703125,63.869998931884766,66.68000030517578,65.44000244140625
77.csv_Day7_9h00m,3.119999885559082,8.739999771118164,42.08000183105469,22.610000610351562,56.060001373291016,46.08000183105469,70.47000122070312,74.2300033569336,72.9000015258789
77.csv_Day7_9h30m,4.699999809265137,11.399999618530273,30.649999618530273,28.979999542236328,55.81999969482422,46.08000183105469,72.68000030517578,77.47000122070312,74.22000122070312
77.csv_Day7_10h00m,14.800000190734863,13.069999694824219,35.66999816894531,24.399999618530273,60.70000076293945,54.290000915527344,80.79000091552734,83.45999908447266,82.4800033569336
77.csv_Day7_10h30m,25.450000762939453,19.90999984741211,43.56999969482422,26.790000915527344,58.540000915527344,64.94999694824219,86.83000183105469,87.87000274658203,87.91000366210938
77.csv_Day7_11h00m,29.030000686645508,42.5099983215332,16.1299991607666,66.72000122070312,63.58000183105469,76.7300033569336,89.2300033569336,89.38999938964844,91.0
77.csv_Day7_11h30m,52.119998931884766,54.130001068115234,75.93000030517578,76.2300033569336,61.22999954223633,91.47000122070312,93.06999969482422,92.56999969482422,94.86000061035156
77.csv_Day7_12h00m,71.7300033569336,74.6500015258789,85.5,86.58999633789062,84.83000183105469,95.87000274658203,96.48999786376953,96.0199966430664,96.72000122070312
77.csv_Day7_12h30m,44.189998626708984,36.220001220703125,75.0,58.810001373291016,68.54000091552734,92.79000091552734,92.3499984741211,92.94000244140625,94.47000122070312
77.csv_Day7_13h00m,49.189998626708984,19.899999618530273,77.27999877929688,35.58000183105469,61.720001220703125,88.29000091552734,89.36000061035156,90.91000366210938,91.08000183105469
77.csv_Day7_13h30m,27.3700008392334,31.75,57.52000045776367,54.59000015258789,63.06999969482422,79.33999633789062,79.9000015258789,81.18000030517578,80.44999694824219
77.csv_Day7_14h00m,30.760000228881836,20.899999618530273,63.7400016784668,72.20999908447266,70.06999969482422,80.16999816894531,81.13999938964844,79.2300033569336,82.3499984741211
77.csv_Day7_14h30m,35.540000915527344,21.950000762939453,59.58000183105469,65.23999786376953,72.79000091552734,72.79000091552734,72.87000274658203,73.9800033569336,80.18000030517578
77.csv_Day7_15h00m,26.329999923706055,20.329999923706055,56.869998931884766,54.29999923706055,62.369998931884766,65.86000061035156,67.58999633789062,68.41999816894531,73.0199966430664
77.csv_Day7_15h30m,21.8700008392334,32.5,52.349998474121094,50.2599983215332,58.709999084472656,59.119998931884766,59.900001525878906,61.4900016784668,65.05999755859375
77.csv_Day7_16h00m,20.760000228881836,22.989999771118164,42.779998779296875,39.2599983215332,44.939998626708984,49.47999954223633,50.529998779296875,53.16999816894531,55.86000061035156
77.csv_Day7_16h30m,23.100000381469727,22.329999923706055,33.95000076293945,36.029998779296875,31.149999618530273,42.72999954223633,45.790000915527344,45.97999954223633,46.790000915527344
77.csv_Day7_17h00m,23.34000015258789,13.399999618530273,32.130001068115234,17.6200008392334,31.489999771118164,35.349998474121094,36.689998626708984,37.599998474121094,37.2400016784668
77.csv_Day7_17h30m,10.390000343322754,12.970000267028809,24.510000228881836,7.46999979019165,19.739999771118164,26.06999969482422,26.110000610351562,27.229999542236328,28.280000686645508
77.csv_Day7_18h00m,4.420000076293945,2.0399999618530273,16.350000381469727,4.880000114440918,15.90999984741211,17.290000915527344,18.049999237060547,18.8700008392334,19.389999389648438
77.csv_Day7_18h30m,1.8300000429153442,2.0999999046325684,3.200000047683716,1.149999976158142,7.409999847412109,7.440000057220459,9.300000190734863,10.279999732971191,10.199999809265137
77.csv_Day7_19h00m,0.07000000029802322,0.6200000047683716,1.0399999618530273,0.8500000238418579,2.1500000953674316,2.4800000190734863,3.299999952316284,3.319999933242798,3.119999885559082
77.csv_Day7_19h30m,0.0,0.0,0.0,0.0,0.0,0.0,0.0,0.0,0.0
77.csv_Day7_20h00m,0.0,0.0,0.0,0.0,0.0,0.0,0.0,0.0,0.0
77.csv_Day7_20h30m,0.0,0.0,0.0,0.0,0.0,0.0,0.0,0.0,0.0
77.csv_Day7_21h00m,0.0,0.0,0.0,0.0,0.0,0.0,0.0,0.0,0.0
77.csv_Day7_21h30m,0.0,0.0,0.0,0.0,0.0,0.0,0.0,0.0,0.0
77.csv_Day7_22h00m,0.0,0.0,0.0,0.0,0.0,0.0,0.0,0.0,0.0
77.csv_Day7_22h30m,0.0,0.0,0.0,0.0,0.0,0.0,0.0,0.0,0.0
77.csv_Day7_23h00m,0.0,0.0,0.0,0.0,0.0,0.0,0.0,0.0,0.0
77.csv_Day7_23h30m,0.0,0.0,0.0,0.0,0.0,0.0,0.0,0.0,0.0
77.csv_Day8_0h00m,0.0,0.0,0.0,0.0,0.0,0.0,0.0,0.0,0.0
77.csv_Day8_0h30m,0.0,0.0,0.0,0.0,0.0,0.0,0.0,0.0,0.0
77.csv_Day8_1h00m,0.0,0.0,0.0,0.0,0.0,0.0,0.0,0.0,0.0
77.csv_Day8_1h30m,0.0,0.0,0.0,0.0,0.0,0.0,0.0,0.0,0.0
77.csv_Day8_2h00m,0.0,0.0,0.0,0.0,0.0,0.0,0.0,0.0,0.0
77.csv_Day8_2h30m,0.0,0.0,0.0,0.0,0.0,0.0,0.0,0.0,0.0
77.csv_Day8_3h00m,0.0,0.0,0.0,0.0,0.0,0.0,0.0,0.0,0.0
77.csv_Day8_3h30m,0.0,0.0,0.0,0.0,0.0,0.0,0.0,0.0,0.0
77.csv_Day8_4h00m,0.0,0.0,0.0,0.0,0.0,0.0,0.0,0.0,0.0
77.csv_Day8_4h30m,0.0,0.0,0.0,0.0,0.0,0.0,0.0,0.0,0.0
77.csv_Day8_5h00m,0.0,2.130000114440918,1.809999942779541,2.690000057220459,2.130000114440918,3.3499999046325684,3.5899999141693115,3.569999933242798,3.930000066757202
77.csv_Day8_5h30m,4.78000020980835,5.760000228881836,5.980000019073486,5.309999942779541,9.550000190734863,10.029999732971191,9.279999732971191,10.039999961853027,10.670000076293945
77.csv_Day8_6h00m,7.440000057220459,6.150000095367432,14.350000381469727,13.15999984741211,16.040000915527344,17.450000762939453,17.360000610351562,17.690000534057617,18.739999771118164
77.csv_Day8_6h30m,21.6200008392334,4.480000019073486,21.850000381469727,24.43000030517578,23.690000534057617,26.610000610351562,27.1299991607666,27.940000534057617,28.799999237060547
77.csv_Day8_7h00m,24.010000228881836,21.540000915527344,17.270000457763672,31.440000534057617,28.969999313354492,35.5,36.099998474121094,36.84000015258789,38.279998779296875
77.csv_Day8_7h30m,28.829999923706055,21.190000534057617,25.6299991607666,41.40999984741211,35.90999984741211,44.470001220703125,45.790000915527344,46.43000030517578,47.7400016784668
77.csv_Day8_8h00m,33.40999984741211,17.350000381469727,30.549999237060547,42.150001525878906,50.119998931884766,53.41999816894531,55.040000915527344,55.97999954223633,56.9900016784668
77.csv_Day8_8h30m,36.970001220703125,10.699999809265137,36.95000076293945,36.779998779296875,56.20000076293945,61.58000183105469,63.290000915527344,64.63999938964844,65.41000366210938
77.csv_Day8_9h00m,33.65999984741211,8.789999961853027,32.88999938964844,22.469999313354492,56.099998474121094,66.33000183105469,69.83999633789062,72.16000366210938,72.87000274658203
77.csv_Day8_9h30m,20.1299991607666,11.470000267028809,20.90999984741211,28.799999237060547,55.86000061035156,69.05000305175781,72.02999877929688,75.8499984741211,74.18000030517578
77.csv_Day8_10h00m,5.53000020980835,13.140000343322754,18.450000762939453,24.25,60.7400016784668,72.47000122070312,80.06999969482422,82.1500015258789,82.44999694824219
77.csv_Day8_10h30m,9.869999885559082,20.030000686645508,19.90999984741211,26.6299991607666,58.58000183105469,79.73999786376953,86.05999755859375,87.08999633789062,87.87000274658203
77.csv_Day8_11h00m,26.719999313354492,42.75,67.3499984741211,66.30999755859375,63.630001068115234,83.55999755859375,88.44999694824219,90.05999755859375,90.95999908447266
77.csv_Day8_11h30m,45.189998626708984,54.439998626708984,72.83999633789062,75.7699966430664,61.279998779296875,70.3499984741211,92.25,92.12000274658203,94.81999969482422
77.csv_Day8_12h00m,68.02999877929688,75.06999969482422,82.5199966430664,86.06999969482422,84.9000015258789,93.36000061035156,95.6500015258789,95.62000274658203,96.68000030517578
77.csv_Day8_12h30m,44.97999954223633,36.43000030517578,69.94000244140625,58.459999084472656,68.58999633789062,76.12999725341797,91.54000091552734,92.33999633789062,94.43000030517578
77.csv_Day8_13h00m,31.1200008392334,20.010000228881836,69.18000030517578,35.369998931884766,61.77000045776367,68.88999938964844,88.58000183105469,89.7300033569336,91.04000091552734
77.csv_Day8_13h30m,19.389999389648438,31.93000030517578,43.040000915527344,54.2599983215332,63.119998931884766,70.20999908447266,79.8499984741211,81.01000213623047,80.41999816894531
77.csv_Day8_14h00m,22.030000686645508,21.020000457763672,67.94000244140625,71.7699966430664,70.12000274658203,69.70999908447266,81.30999755859375,79.66999816894531,82.30999755859375
77.csv_Day8_14h30m,33.09000015258789,22.06999969482422,69.30000305175781,64.8499984741211,72.8499984741211,78.63999938964844,75.87999725341797,75.83999633789062,80.13999938964844
77.csv_Day8_15h00m,25.520000457763672,20.440000534057617,61.459999084472656,53.97999954223633,62.41999816894531,63.720001220703125,70.2300033569336,69.41999816894531,72.9800033569336
77.csv_Day8_15h30m,28.0,32.68000030517578,57.650001525878906,49.959999084472656,58.75,65.9800033569336,62.599998474121094,63.2400016784668,65.02999877929688
77.csv_Day8_16h00m,21.530000686645508,23.1200008392334,45.709999084472656,39.02000045776367,44.97999954223633,53.650001525878906,52.58000183105469,53.68000030517578,55.84000015258789
77.csv_Day8_16h30m,3.609999895095825,22.459999084472656,35.06999969482422,35.810001373291016,31.170000076293945,33.72999954223633,45.36000061035156,45.38999938964844,46.77000045776367
77.csv_Day8_17h00m,14.260000228881836,13.479999542236328,22.440000534057617,17.520000457763672,31.510000228881836,31.059999465942383,36.34000015258789,36.88999938964844,37.22999954223633
77.csv_Day8_17h30m,8.869999885559082,13.039999961853027,15.699999809265137,7.420000076293945,19.75,23.600000381469727,25.850000381469727,26.520000457763672,28.260000228881836
77.csv_Day8_18h00m,4.760000228881836,2.049999952316284,4.159999847412109,4.849999904632568,15.920000076293945,16.559999465942383,17.860000610351562,18.260000228881836,19.389999389648438
77.csv_Day8_18h30m,1.4600000381469727,2.119999885559082,1.0399999618530273,1.1399999856948853,7.409999847412109,7.46999979019165,9.180000305175781,9.829999923706055,10.199999809265137
77.csv_Day8_19h00m,0.0,0.6299999952316284,0.7900000214576721,0.8500000238418579,2.1500000953674316,2.9000000953674316,3.240000009536743,2.940000057220459,3.119999885559082
77.csv_Day8_19h30m,0.0,0.0,0.0,0.0,0.0,0.0,0.0,0.0,0.0
77.csv_Day8_20h00m,0.0,0.0,0.0,0.0,0.0,0.0,0.0,0.0,0.0
77.csv_Day8_20h30m,0.0,0.0,0.0,0.0,0.0,0.0,0.0,0.0,0.0
77.csv_Day8_21h00m,0.0,0.0,0.0,0.0,0.0,0.0,0.0,0.0,0.0
77.csv_Day8_21h30m,0.0,0.0,0.0,0.0,0.0,0.0,0.0,0.0,0.0
77.csv_Day8_22h00m,0.0,0.0,0.0,0.0,0.0,0.0,0.0,0.0,0.0
77.csv_Day8_22h30m,0.0,0.0,0.0,0.0,0.0,0.0,0.0,0.0,0.0
77.csv_Day8_23h00m,0.0,0.0,0.0,0.0,0.0,0.0,0.0,0.0,0.0
77.csv_Day8_23h30m,0.0,0.0,0.0,0.0,0.0,0.0,0.0,0.0,0.0
78.csv_Day7_0h00m,0.0,0.0,0.0,0.0,0.0,0.0,0.0,0.0,0.0
78.csv_Day7_0h30m,0.0,0.0,0.0,0.0,0.0,0.0,0.0,0.0,0.0
78.csv_Day7_1h00m,0.0,0.0,0.0,0.0,0.0,0.0,0.0,0.0,0.0
78.csv_Day7_1h30m,0.0,0.0,0.0,0.0,0.0,0.0,0.0,0.0,0.0
78.csv_Day7_2h00m,0.0,0.0,0.0,0.0,0.0,0.0,0.0,0.0,0.0
78.csv_Day7_2h30m,0.0,0.0,0.0,0.0,0.0,0.0,0.0,0.0,0.0
78.csv_Day7_3h00m,0.0,0.0,0.0,0.0,0.0,0.0,0.0,0.0,0.0
78.csv_Day7_3h30m,0.0,0.0,0.0,0.0,0.0,0.0,0.0,0.0,0.0
78.csv_Day7_4h00m,0.0,0.0,0.0,0.0,0.0,0.0,0.0,0.0,0.0
78.csv_Day7_4h30m,0.0,0.0,0.0,0.0,0.0,0.0,0.0,0.0,0.0
78.csv_Day7_5h00m,0.0,0.0,0.0,0.0,0.0,0.0,0.0,0.0,0.0
78.csv_Day7_5h30m,0.0,0.0,0.0,0.0,0.0,0.0,0.0,0.0,0.0
78.csv_Day7_6h00m,0.0,0.0,0.0,0.0,0.0,0.0,0.0,0.0,0.0
78.csv_Day7_6h30m,0.0,0.0,0.0,1.7100000381469727,1.659999966621399,1.659999966621399,1.6299999952316284,2.7200000286102295,2.009999990463257
78.csv_Day7_7h00m,2.319999933242798,4.289999961853027,6.150000095367432,8.680000305175781,7.139999866485596,7.190000057220459,7.610000133514404,7.099999904632568,7.789999961853027
78.csv_Day7_7h30m,4.860000133514404,10.300000190734863,12.829999923706055,12.770000457763672,12.720000267028809,14.210000038146973,15.260000228881836,15.619999885559082,15.970000267028809
78.csv_Day7_8h00m,11.119999885559082,10.449999809265137,19.360000610351562,18.1200008392334,16.34000015258789,16.8700008392334,21.520000457763672,22.209999084472656,22.829999923706055
78.csv_Day7_8h30m,23.280000686645508,13.5,27.459999084472656,30.270000457763672,20.540000915527344,25.510000228881836,29.190000534057617,32.189998626708984,33.720001220703125
78.csv_Day7_9h00m,29.579999923706055,16.5,33.77000045776367,38.209999084472656,23.729999542236328,33.9900016784668,37.630001068115234,39.529998779296875,41.66999816894531
78.csv_Day7_9h30m,35.0099983215332,17.68000030517578,40.33000183105469,45.59000015258789,30.15999984741211,44.29999923706055,45.18000030517578,46.68000030517578,49.540000915527344
78.csv_Day7_10h00m,42.09000015258789,30.450000762939453,45.439998626708984,40.06999969482422,45.279998779296875,49.869998931884766,51.220001220703125,51.959999084472656,51.84000015258789
78.csv_Day7_10h30m,52.38999938964844,42.88999938964844,55.970001220703125,48.119998931884766,48.41999816894531,57.75,56.61000061035156,58.91999816894531,57.70000076293945
78.csv_Day7_11h00m,58.529998779296875,47.20000076293945,61.54999923706055,45.060001373291016,54.2400016784668,62.52000045776367,61.22999954223633,63.52000045776367,62.04999923706055
78.csv_Day7_11h30m,59.29999923706055,49.369998931884766,62.97999954223633,29.43000030517578,55.93000030517578,64.31999969482422,63.7599983215332,65.79000091552734,64.16000366210938
78.csv_Day7_12h00m,59.47999954223633,46.220001220703125,63.400001525878906,31.549999237060547,56.93000030517578,64.37000274658203,64.4800033569336,66.08000183105469,64.58999633789062
78.csv_Day7_12h30m,51.040000915527344,25.799999237060547,62.34000015258789,51.279998779296875,58.38999938964844,61.369998931884766,62.2400016784668,63.099998474121094,62.43000030517578
78.csv_Day7_13h00m,51.439998626708984,19.229999542236328,58.43000030517578,58.52000045776367,55.84000015258789,56.84000015258789,57.849998474121094,56.77000045776367,58.900001525878906
78.csv_Day7_13h30m,43.72999954223633,18.09000015258789,52.83000183105469,53.310001373291016,54.95000076293945,50.66999816894531,55.16999816894531,54.279998779296875,55.18000030517578
78.csv_Day7_14h00m,43.7599983215332,32.95000076293945,49.720001220703125,53.0,43.439998626708984,48.33000183105469,48.65999984741211,48.58000183105469,50.0
78.csv_Day7_14h30m,35.66999816894531,32.25,44.310001373291016,43.849998474121094,35.58000183105469,42.16999816894531,40.4900016784668,41.4900016784668,43.25
78.csv_Day7_15h00m,25.739999771118164,25.350000381469727,33.11000061035156,31.639999389648438,28.079999923706055,32.9900016784668,32.310001373291016,32.880001068115234,34.599998474121094
78.csv_Day7_15h30m,12.920000076293945,20.3799991607666,25.489999771118164,18.56999969482422,20.510000228881836,25.899999618530273,24.989999771118164,25.6200008392334,26.170000076293945
78.csv_Day7_16h00m,1.440000057220459,6.909999847412109,15.029999732971191,10.489999771118164,10.140000343322754,17.15999984741211,15.630000114440918,16.209999084472656,16.780000686645508
78.csv_Day7_16h30m,1.1399999856948853,4.039999961853027,7.019999980926514,5.550000190734863,5.420000076293945,7.510000228881836,7.489999771118164,7.909999847412109,8.430000305175781
78.csv_Day7_17h00m,0.0,0.0,0.5299999713897705,1.0,0.7799999713897705,0.14000000059604645,1.2999999523162842,1.2200000286102295,1.3600000143051147
78.csv_Day7_17h30m,0.0,0.0,0.0,0.0,0.0,0.0,0.0,0.0,0.0
78.csv_Day7_18h00m,0.0,0.0,0.0,0.0,0.0,0.0,0.0,0.0,0.0
78.csv_Day7_18h30m,0.0,0.0,0.0,0.0,0.0,0.0,0.0,0.0,0.0
78.csv_Day7_19h00m,0.0,0.0,0.0,0.0,0.0,0.0,0.0,0.0,0.0
78.csv_Day7_19h30m,0.0,0.0,0.0,0.0,0.0,0.0,0.0,0.0,0.0
78.csv_Day7_20h00m,0.0,0.0,0.0,0.0,0.0,0.0,0.0,0.0,0.0
78.csv_Day7_20h30m,0.0,0.0,0.0,0.0,0.0,0.0,0.0,0.0,0.0
78.csv_Day7_21h00m,0.0,0.0,0.0,0.0,0.0,0.0,0.0,0.0,0.0
78.csv_Day7_21h30m,0.0,0.0,0.0,0.0,0.0,0.0,0.0,0.0,0.0
78.csv_Day7_22h00m,0.0,0.0,0.0,0.0,0.0,0.0,0.0,0.0,0.0
78.csv_Day7_22h30m,0.0,0.0,0.0,0.0,0.0,0.0,0.0,0.0,0.0
78.csv_Day7_23h00m,0.0,0.0,0.0,0.0,0.0,0.0,0.0,0.0,0.0
78.csv_Day7_23h30m,0.0,0.0,0.0,0.0,0.0,0.0,0.0,0.0,0.0
78.csv_Day8_0h00m,0.0,0.0,0.0,0.0,0.0,0.0,0.0,0.0,0.0
78.csv_Day8_0h30m,0.0,0.0,0.0,0.0,0.0,0.0,0.0,0.0,0.0
78.csv_Day8_1h00m,0.0,0.0,0.0,0.0,0.0,0.0,0.0,0.0,0.0
78.csv_Day8_1h30m,0.0,0.0,0.0,0.0,0.0,0.0,0.0,0.0,0.0
78.csv_Day8_2h00m,0.0,0.0,0.0,0.0,0.0,0.0,0.0,0.0,0.0
78.csv_Day8_2h30m,0.0,0.0,0.0,0.0,0.0,0.0,0.0,0.0,0.0
78.csv_Day8_3h00m,0.0,0.0,0.0,0.0,0.0,0.0,0.0,0.0,0.0
78.csv_Day8_3h30m,0.0,0.0,0.0,0.0,0.0,0.0,0.0,0.0,0.0
78.csv_Day8_4h00m,0.0,0.0,0.0,0.0,0.0,0.0,0.0,0.0,0.0
78.csv_Day8_4h30m,0.0,0.0,0.0,0.0,0.0,0.0,0.0,0.0,0.0
78.csv_Day8_5h00m,0.0,0.0,0.0,0.0,0.0,0.0,0.0,0.0,0.0
78.csv_Day8_5h30m,0.0,0.0,0.0,0.0,0.0,0.0,0.0,0.0,0.0
78.csv_Day8_6h00m,0.0,0.0,0.0,0.0,0.0,0.0,0.0,0.0,0.0
78.csv_Day8_6h30m,0.0,0.0,0.0,1.7000000476837158,1.659999966621399,1.4700000286102295,1.7200000286102295,2.6500000953674316,2.009999990463257
78.csv_Day8_7h00m,2.7899999618530273,4.309999942779541,5.400000095367432,8.630000114440918,7.150000095367432,6.710000038146973,7.5,6.800000190734863,7.78000020980835
78.csv_Day8_7h30m,6.75,10.359999656677246,11.140000343322754,12.699999809265137,12.729999542236328,11.770000457763672,15.100000381469727,15.90999984741211,15.960000038146973
78.csv_Day8_8h00m,12.3100004196167,10.510000228881836,8.479999542236328,18.010000228881836,16.350000381469727,6.909999847412109,22.149999618530273,22.329999923706055,22.81999969482422
78.csv_Day8_8h30m,23.260000228881836,13.579999923706055,10.630000114440918,30.09000015258789,20.559999465942383,6.610000133514404,30.1299991607666,31.549999237060547,33.709999084472656
78.csv_Day8_9h00m,29.25,16.59000015258789,14.880000114440918,37.97999954223633,23.75,11.420000076293945,38.47999954223633,38.81999969482422,41.65999984741211
78.csv_Day8_9h30m,32.47999954223633,17.780000686645508,15.270000457763672,45.31999969482422,30.190000534057617,13.739999771118164,46.16999816894531,45.63999938964844,49.5099983215332
78.csv_Day8_10h00m,37.880001068115234,30.6200008392334,38.93000030517578,39.83000183105469,45.310001373291016,42.79999923706055,50.75,50.93000030517578,51.810001373291016
78.csv_Day8_10h30m,42.86000061035156,43.130001068115234,51.380001068115234,47.83000183105469,48.459999084472656,51.11000061035156,56.099998474121094,56.79999923706055,57.68000030517578
78.csv_Day8_11h00m,45.959999084472656,47.459999084472656,57.08000183105469,44.790000915527344,54.279998779296875,58.709999084472656,60.68000030517578,61.70000076293945,62.02000045776367
78.csv_Day8_11h30m,42.11000061035156,49.650001525878906,58.33000183105469,29.25,55.970001220703125,62.2599983215332,63.189998626708984,64.0199966430664,64.12999725341797
78.csv_Day8_12h00m,29.940000534057617,46.47999954223633,59.209999084472656,31.360000610351562,56.97999954223633,62.869998931884766,63.900001525878906,64.56999969482422,64.55999755859375
78.csv_Day8_12h30m,9.899999618530273,25.940000534057617,53.599998474121094,50.97999954223633,58.439998626708984,60.29999923706055,61.66999816894531,61.119998931884766,62.400001525878906
78.csv_Day8_13h00m,32.11000061035156,19.34000015258789,28.989999771118164,58.15999984741211,55.880001068115234,58.2599983215332,57.33000183105469,56.150001525878906,58.869998931884766
78.csv_Day8_13h30m,37.59000015258789,18.190000534057617,22.56999969482422,52.9900016784668,55.0,53.7400016784668,54.65999984741211,53.20000076293945,55.150001525878906
78.csv_Day8_14h00m,24.489999771118164,33.130001068115234,23.229999542236328,52.68000030517578,43.470001220703125,48.45000076293945,48.209999084472656,47.41999816894531,49.97999954223633
78.csv_Day8_14h30m,26.540000915527344,32.43000030517578,23.170000076293945,43.59000015258789,35.61000061035156,42.099998474121094,40.11000061035156,41.16999816894531,43.22999954223633
78.csv_Day8_15h00m,20.93000030517578,25.5,21.700000762939453,31.450000762939453,28.100000381469727,33.02000045776367,32.0,33.099998474121094,34.59000015258789
78.csv_Day8_15h30m,11.59000015258789,20.489999771118164,17.149999618530273,18.459999084472656,20.520000457763672,25.329999923706055,24.739999771118164,24.75,26.15999984741211
78.csv_Day8_16h00m,6.179999828338623,6.949999809265137,13.75,10.430000305175781,10.149999618530273,15.609999656677246,15.460000038146973,14.640000343322754,16.770000457763672
78.csv_Day8_16h30m,1.2000000476837158,4.070000171661377,5.599999904632568,5.519999980926514,5.429999828338623,6.820000171661377,7.380000114440918,8.109999656677246,8.430000305175781
78.csv_Day8_17h00m,0.0,0.0,0.36000001430511475,1.0,0.7799999713897705,0.1599999964237213,1.3700000047683716,0.9700000286102295,1.3600000143051147
78.csv_Day8_17h30m,0.0,0.0,0.0,0.0,0.0,0.0,0.0,0.0,0.0
78.csv_Day8_18h00m,0.0,0.0,0.0,0.0,0.0,0.0,0.0,0.0,0.0
78.csv_Day8_18h30m,0.0,0.0,0.0,0.0,0.0,0.0,0.0,0.0,0.0
78.csv_Day8_19h00m,0.0,0.0,0.0,0.0,0.0,0.0,0.0,0.0,0.0
78.csv_Day8_19h30m,0.0,0.0,0.0,0.0,0.0,0.0,0.0,0.0,0.0
78.csv_Day8_20h00m,0.0,0.0,0.0,0.0,0.0,0.0,0.0,0.0,0.0
78.csv_Day8_20h30m,0.0,0.0,0.0,0.0,0.0,0.0,0.0,0.0,0.0
78.csv_Day8_21h00m,0.0,0.0,0.0,0.0,0.0,0.0,0.0,0.0,0.0
78.csv_Day8_21h30m,0.0,0.0,0.0,0.0,0.0,0.0,0.0,0.0,0.0
78.csv_Day8_22h00m,0.0,0.0,0.0,0.0,0.0,0.0,0.0,0.0,0.0
78.csv_Day8_22h30m,0.0,0.0,0.0,0.0,0.0,0.0,0.0,0.0,0.0
78.csv_Day8_23h00m,0.0,0.0,0.0,0.0,0.0,0.0,0.0,0.0,0.0
78.csv_Day8_23h30m,0.0,0.0,0.0,0.0,0.0,0.0,0.0,0.0,0.0
79.csv_Day7_0h00m,0.0,0.0,0.0,0.0,0.0,0.0,0.0,0.0,0.0
79.csv_Day7_0h30m,0.0,0.0,0.0,0.0,0.0,0.0,0.0,0.0,0.0
79.csv_Day7_1h00m,0.0,0.0,0.0,0.0,0.0,0.0,0.0,0.0,0.0
79.csv_Day7_1h30m,0.0,0.0,0.0,0.0,0.0,0.0,0.0,0.0,0.0
79.csv_Day7_2h00m,0.0,0.0,0.0,0.0,0.0,0.0,0.0,0.0,0.0
79.csv_Day7_2h30m,0.0,0.0,0.0,0.0,0.0,0.0,0.0,0.0,0.0
79.csv_Day7_3h00m,0.0,0.0,0.0,0.0,0.0,0.0,0.0,0.0,0.0
79.csv_Day7_3h30m,0.0,0.0,0.0,0.0,0.0,0.0,0.0,0.0,0.0
79.csv_Day7_4h00m,0.0,0.0,0.0,0.0,0.0,0.0,0.0,0.0,0.0
79.csv_Day7_4h30m,0.0,0.0,0.0,0.0,0.0,0.0,0.0,0.0,0.0
79.csv_Day7_5h00m,0.0,0.0,0.0,0.0,0.0,0.0,0.0,0.0,0.0
79.csv_Day7_5h30m,0.0,0.0,0.0,0.0,0.0,0.0,0.0,0.0,0.0
79.csv_Day7_6h00m,0.0,0.0,0.0,0.0,0.0,0.0,0.0,0.0,0.0
79.csv_Day7_6h30m,0.0,0.0,0.0,0.0,0.0,0.0,0.0,0.0,0.0
79.csv_Day7_7h00m,0.0,0.0,0.0,0.0,0.0,0.0,0.0,0.0,0.0
79.csv_Day7_7h30m,0.0,0.0,0.0,0.25,1.590000033378601,0.0,0.8799999952316284,1.0800000429153442,0.0
79.csv_Day7_8h00m,2.4800000190734863,2.059999942779541,2.990000009536743,4.099999904632568,4.949999809265137,3.700000047683716,6.25,6.650000095367432,7.460000038146973
79.csv_Day7_8h30m,8.970000267028809,6.760000228881836,7.289999961853027,11.670000076293945,13.729999542236328,8.739999771118164,14.229999542236328,13.1899995803833,14.380000114440918
79.csv_Day7_9h00m,14.260000228881836,14.3100004196167,14.579999923706055,18.139999389648438,20.809999465942383,17.760000228881836,22.270000457763672,20.940000534057617,23.010000228881836
79.csv_Day7_9h30m,19.510000228881836,22.280000686645508,19.040000915527344,23.690000534057617,28.030000686645508,23.530000686645508,30.020000457763672,28.719999313354492,29.75
79.csv_Day7_10h00m,27.329999923706055,28.25,28.510000228881836,26.649999618530273,34.7599983215332,32.97999954223633,40.06999969482422,36.5,36.97999954223633
79.csv_Day7_10h30m,33.540000915527344,31.59000015258789,34.470001220703125,31.920000076293945,38.099998474121094,40.040000915527344,44.560001373291016,41.7599983215332,42.13999938964844
79.csv_Day7_11h00m,39.77000045776367,32.369998931884766,39.0099983215332,31.139999389648438,41.790000915527344,43.970001220703125,48.0099983215332,45.560001373291016,44.720001220703125
79.csv_Day7_11h30m,43.369998931884766,36.72999954223633,41.779998779296875,37.90999984741211,43.790000915527344,47.150001525878906,49.459999084472656,47.97999954223633,46.68000030517578
79.csv_Day7_12h00m,40.88999938964844,35.470001220703125,45.470001220703125,35.47999954223633,43.470001220703125,46.88999938964844,45.93000030517578,48.650001525878906,47.119998931884766
79.csv_Day7_12h30m,37.04999923706055,34.40999984741211,45.0099983215332,37.59000015258789,48.36000061035156,46.90999984741211,49.97999954223633,50.720001220703125,47.0099983215332
79.csv_Day7_13h00m,37.95000076293945,33.40999984741211,45.029998779296875,37.43000030517578,47.97999954223633,46.599998474121094,46.36000061035156,47.77000045776367,44.90999984741211
79.csv_Day7_13h30m,33.9900016784668,23.639999389648438,41.029998779296875,23.93000030517578,41.650001525878906,40.540000915527344,43.189998626708984,43.83000183105469,40.959999084472656
79.csv_Day7_14h00m,31.15999984741211,17.649999618530273,36.310001373291016,19.520000457763672,35.310001373291016,35.119998931884766,35.79999923706055,39.220001220703125,36.31999969482422
79.csv_Day7_14h30m,23.329999923706055,17.489999771118164,28.8799991607666,27.399999618530273,29.100000381469727,29.510000228881836,28.829999923706055,31.690000534057617,30.670000076293945
79.csv_Day7_15h00m,10.989999771118164,14.09000015258789,22.760000228881836,20.110000610351562,22.190000534057617,23.8700008392334,23.40999984741211,25.520000457763672,24.969999313354492
79.csv_Day7_15h30m,9.470000267028809,11.399999618530273,14.880000114440918,14.5600004196167,14.970000267028809,16.850000381469727,15.899999618530273,18.229999542236328,18.0
79.csv_Day7_16h00m,7.519999980926514,6.480000019073486,7.940000057220459,8.989999771118164,9.199999809265137,10.100000381469727,10.279999732971191,9.8100004196167,10.380000114440918
79.csv_Day7_16h30m,1.5299999713897705,3.25,1.2300000190734863,2.609999895095825,2.5,3.3399999141693115,3.8299999237060547,3.549999952316284,3.299999952316284
79.csv_Day7_17h00m,0.0,0.0,0.0,0.0,0.0,0.0,0.0,0.0,0.0
79.csv_Day7_17h30m,0.0,0.0,0.0,0.0,0.0,0.0,0.0,0.0,0.0
79.csv_Day7_18h00m,0.0,0.0,0.0,0.0,0.0,0.0,0.0,0.0,0.0
79.csv_Day7_18h30m,0.0,0.0,0.0,0.0,0.0,0.0,0.0,0.0,0.0
79.csv_Day7_19h00m,0.0,0.0,0.0,0.0,0.0,0.0,0.0,0.0,0.0
79.csv_Day7_19h30m,0.0,0.0,0.0,0.0,0.0,0.0,0.0,0.0,0.0
79.csv_Day7_20h00m,0.0,0.0,0.0,0.0,0.0,0.0,0.0,0.0,0.0
79.csv_Day7_20h30m,0.0,0.0,0.0,0.0,0.0,0.0,0.0,0.0,0.0
79.csv_Day7_21h00m,0.0,0.0,0.0,0.0,0.0,0.0,0.0,0.0,0.0
79.csv_Day7_21h30m,0.0,0.0,0.0,0.0,0.0,0.0,0.0,0.0,0.0
79.csv_Day7_22h00m,0.0,0.0,0.0,0.0,0.0,0.0,0.0,0.0,0.0
79.csv_Day7_22h30m,0.0,0.0,0.0,0.0,0.0,0.0,0.0,0.0,0.0
79.csv_Day7_23h00m,0.0,0.0,0.0,0.0,0.0,0.0,0.0,0.0,0.0
79.csv_Day7_23h30m,0.0,0.0,0.0,0.0,0.0,0.0,0.0,0.0,0.0
79.csv_Day8_0h00m,0.0,0.0,0.0,0.0,0.0,0.0,0.0,0.0,0.0
79.csv_Day8_0h30m,0.0,0.0,0.0,0.0,0.0,0.0,0.0,0.0,0.0
79.csv_Day8_1h00m,0.0,0.0,0.0,0.0,0.0,0.0,0.0,0.0,0.0
79.csv_Day8_1h30m,0.0,0.0,0.0,0.0,0.0,0.0,0.0,0.0,0.0
79.csv_Day8_2h00m,0.0,0.0,0.0,0.0,0.0,0.0,0.0,0.0,0.0
79.csv_Day8_2h30m,0.0,0.0,0.0,0.0,0.0,0.0,0.0,0.0,0.0
79.csv_Day8_3h00m,0.0,0.0,0.0,0.0,0.0,0.0,0.0,0.0,0.0
79.csv_Day8_3h30m,0.0,0.0,0.0,0.0,0.0,0.0,0.0,0.0,0.0
79.csv_Day8_4h00m,0.0,0.0,0.0,0.0,0.0,0.0,0.0,0.0,0.0
79.csv_Day8_4h30m,0.0,0.0,0.0,0.0,0.0,0.0,0.0,0.0,0.0
79.csv_Day8_5h00m,0.0,0.0,0.0,0.0,0.0,0.0,0.0,0.0,0.0
79.csv_Day8_5h30m,0.0,0.0,0.0,0.0,0.0,0.0,0.0,0.0,0.0
79.csv_Day8_6h00m,0.0,0.0,0.0,0.0,0.0,0.0,0.0,0.0,0.0
79.csv_Day8_6h30m,0.0,0.0,0.0,0.0,0.0,0.0,0.0,0.0,0.0
79.csv_Day8_7h00m,0.0,0.0,0.0,0.0,0.0,0.0,0.0,0.0,0.0
79.csv_Day8_7h30m,0.0,0.0,0.0,0.25,1.590000033378601,0.0,0.9300000071525574,0.5799999833106995,0.0
79.csv_Day8_8h00m,0.8999999761581421,2.069999933242798,1.590000033378601,4.079999923706055,4.949999809265137,3.9200000762939453,6.150000095367432,6.510000228881836,7.460000038146973
79.csv_Day8_8h30m,7.239999771118164,6.800000190734863,7.829999923706055,11.600000381469727,13.739999771118164,12.079999923706055,14.069999694824219,13.619999885559082,14.369999885559082
79.csv_Day8_9h00m,13.09000015258789,14.390000343322754,16.440000534057617,18.030000686645508,20.81999969482422,22.690000534057617,22.040000915527344,20.649999618530273,23.0
79.csv_Day8_9h30m,18.110000610351562,22.399999618530273,22.639999389648438,23.549999237060547,28.049999237060547,28.219999313354492,29.729999542236328,26.219999313354492,29.739999771118164
79.csv_Day8_10h00m,25.149999618530273,28.40999984741211,31.43000030517578,26.489999771118164,34.779998779296875,35.79999923706055,39.70000076293945,34.560001373291016,36.970001220703125
79.csv_Day8_10h30m,31.760000228881836,31.760000228881836,35.650001525878906,31.729999542236328,38.130001068115234,41.189998626708984,44.150001525878906,37.84000015258789,42.119998931884766
79.csv_Day8_11h00m,35.09000015258789,32.54999923706055,41.25,30.959999084472656,41.81999969482422,43.630001068115234,47.56999969482422,40.189998626708984,44.709999084472656
79.csv_Day8_11h30m,38.5,36.939998626708984,43.869998931884766,37.68000030517578,43.81999969482422,45.720001220703125,49.0099983215332,44.04999923706055,46.65999984741211
79.csv_Day8_12h00m,37.0099983215332,35.66999816894531,45.959999084472656,35.2599983215332,43.5099983215332,47.5099983215332,45.5099983215332,47.38999938964844,47.099998474121094
79.csv_Day8_12h30m,25.229999542236328,34.599998474121094,41.779998779296875,37.369998931884766,48.400001525878906,47.970001220703125,49.529998779296875,48.04999923706055,46.9900016784668
79.csv_Day8_13h00m,23.809999465942383,33.59000015258789,40.349998474121094,37.20000076293945,48.0099983215332,46.83000183105469,45.939998626708984,48.29999923706055,44.88999938964844
79.csv_Day8_13h30m,24.360000610351562,23.780000686645508,37.84000015258789,23.790000915527344,41.689998626708984,40.34000015258789,42.790000915527344,41.720001220703125,40.95000076293945
79.csv_Day8_14h00m,27.6200008392334,17.75,32.619998931884766,19.399999618530273,35.34000015258789,35.06999969482422,35.459999084472656,37.02000045776367,36.310001373291016
79.csv_Day8_14h30m,23.010000228881836,17.59000015258789,20.889999389648438,27.239999771118164,29.1200008392334,29.8799991607666,28.540000915527344,30.6200008392334,30.65999984741211
79.csv_Day8_15h00m,13.319999694824219,14.170000076293945,14.289999961853027,19.989999771118164,22.209999084472656,24.200000762939453,23.170000076293945,24.780000686645508,24.950000762939453
79.csv_Day8_15h30m,10.489999771118164,11.470000267028809,11.59000015258789,14.470000267028809,14.979999542236328,17.399999618530273,15.729999542236328,17.40999984741211,18.0
79.csv_Day8_16h00m,6.610000133514404,6.519999980926514,7.670000076293945,8.930000305175781,9.210000038146973,10.6899995803833,10.149999618530273,10.020000457763672,10.380000114440918
79.csv_Day8_16h30m,0.6899999976158142,3.2699999809265137,1.5099999904632568,2.5999999046325684,2.5,3.190000057220459,3.799999952316284,3.569999933242798,3.299999952316284
79.csv_Day8_17h00m,0.0,0.0,0.0,0.0,0.0,0.0,0.0,0.0,0.0
79.csv_Day8_17h30m,0.0,0.0,0.0,0.0,0.0,0.0,0.0,0.0,0.0
79.csv_Day8_18h00m,0.0,0.0,0.0,0.0,0.0,0.0,0.0,0.0,0.0
79.csv_Day8_18h30m,0.0,0.0,0.0,0.0,0.0,0.0,0.0,0.0,0.0
79.csv_Day8_19h00m,0.0,0.0,0.0,0.0,0.0,0.0,0.0,0.0,0.0
79.csv_Day8_19h30m,0.0,0.0,0.0,0.0,0.0,0.0,0.0,0.0,0.0
79.csv_Day8_20h00m,0.0,0.0,0.0,0.0,0.0,0.0,0.0,0.0,0.0
79.csv_Day8_20h30m,0.0,0.0,0.0,0.0,0.0,0.0,0.0,0.0,0.0
79.csv_Day8_21h00m,0.0,0.0,0.0,0.0,0.0,0.0,0.0,0.0,0.0
79.csv_Day8_21h30m,0.0,0.0,0.0,0.0,0.0,0.0,0.0,0.0,0.0
79.csv_Day8_22h00m,0.0,0.0,0.0,0.0,0.0,0.0,0.0,0.0,0.0
79.csv_Day8_22h30m,0.0,0.0,0.0,0.0,0.0,0.0,0.0,0.0,0.0
79.csv_Day8_23h00m,0.0,0.0,0.0,0.0,0.0,0.0,0.0,0.0,0.0
79.csv_Day8_23h30m,0.0,0.0,0.0,0.0,0.0,0.0,0.0,0.0,0.0
80.csv_Day7_0h00m,0.0,0.0,0.0,0.0,0.0,0.0,0.0,0.0,0.0
80.csv_Day7_0h30m,0.0,0.0,0.0,0.0,0.0,0.0,0.0,0.0,0.0
80.csv_Day7_1h00m,0.0,0.0,0.0,0.0,0.0,0.0,0.0,0.0,0.0
80.csv_Day7_1h30m,0.0,0.0,0.0,0.0,0.0,0.0,0.0,0.0,0.0
80.csv_Day7_2h00m,0.0,0.0,0.0,0.0,0.0,0.0,0.0,0.0,0.0
80.csv_Day7_2h30m,0.0,0.0,0.0,0.0,0.0,0.0,0.0,0.0,0.0
80.csv_Day7_3h00m,0.0,0.0,0.0,0.0,0.0,0.0,0.0,0.0,0.0
80.csv_Day7_3h30m,0.0,0.0,0.0,0.0,0.0,0.0,0.0,0.0,0.0
80.csv_Day7_4h00m,0.0,0.0,0.0,0.0,0.0,0.0,0.0,0.0,0.0
80.csv_Day7_4h30m,0.0,0.0,0.0,0.0,0.0,0.0,0.0,0.0,0.0
80.csv_Day7_5h00m,1.0099999904632568,1.7300000190734863,3.109999895095825,3.3499999046325684,3.309999942779541,3.75,4.010000228881836,3.740000009536743,3.9600000381469727
80.csv_Day7_5h30m,6.079999923706055,6.809999942779541,8.739999771118164,10.869999885559082,11.15999984741211,11.100000381469727,10.9399995803833,11.390000343322754,11.829999923706055
80.csv_Day7_6h00m,8.5600004196167,16.469999313354492,16.31999969482422,15.739999771118164,16.329999923706055,19.770000457763672,18.940000534057617,19.600000381469727,20.1299991607666
80.csv_Day7_6h30m,3.7200000286102295,23.200000762939453,26.010000228881836,24.450000762939453,26.520000457763672,28.0,27.739999771118164,28.549999237060547,29.229999542236328
80.csv_Day7_7h00m,19.43000030517578,21.40999984741211,35.7599983215332,33.060001373291016,36.08000183105469,37.0,37.43000030517578,38.04999923706055,38.93000030517578
80.csv_Day7_7h30m,34.90999984741211,39.34000015258789,48.68000030517578,42.95000076293945,46.400001525878906,46.63999938964844,47.189998626708984,48.400001525878906,48.58000183105469
80.csv_Day7_8h00m,51.29999923706055,48.04999923706055,52.43000030517578,55.400001525878906,53.869998931884766,56.02000045776367,56.31999969482422,58.11000061035156,57.4900016784668
80.csv_Day7_8h30m,58.52000045776367,56.09000015258789,62.45000076293945,63.459999084472656,62.63999938964844,64.02999877929688,65.33000183105469,66.95999908447266,66.2300033569336
80.csv_Day7_9h00m,58.63999938964844,50.95000076293945,64.44000244140625,69.44999694824219,67.30000305175781,69.83999633789062,72.02999877929688,73.04000091552734,72.44999694824219
80.csv_Day7_9h30m,30.8700008392334,40.22999954223633,61.45000076293945,70.61000061035156,75.01000213623047,75.83000183105469,78.41999816894531,78.63999938964844,78.79000091552734
80.csv_Day7_10h00m,8.069999694824219,29.420000076293945,15.739999771118164,70.56999969482422,75.02999877929688,69.19000244140625,82.08999633789062,80.88999938964844,82.06999969482422
80.csv_Day7_10h30m,23.56999969482422,45.04999923706055,31.709999084472656,77.16000366210938,79.83999633789062,77.9000015258789,82.16000366210938,81.36000061035156,82.38999938964844
80.csv_Day7_11h00m,38.650001525878906,49.709999084472656,71.29000091552734,76.41999816894531,72.91000366210938,83.79000091552734,85.51000213623047,88.0199966430664,92.08999633789062
80.csv_Day7_11h30m,22.75,28.219999313354492,58.36000061035156,56.470001220703125,45.81999969482422,63.81999969482422,74.3499984741211,84.62000274658203,93.6500015258789
80.csv_Day7_12h00m,22.610000610351562,26.780000686645508,68.26000213623047,23.549999237060547,60.33000183105469,44.84000015258789,76.23999786376953,88.12000274658203,88.25
80.csv_Day7_12h30m,30.979999542236328,19.31999969482422,59.97999954223633,66.2699966430664,79.2699966430664,81.81999969482422,85.95999908447266,82.12999725341797,82.44000244140625
80.csv_Day7_13h00m,32.0099983215332,47.369998931884766,73.83000183105469,57.58000183105469,80.80999755859375,89.98999786376953,86.58000183105469,86.25,91.44000244140625
80.csv_Day7_13h30m,9.40999984741211,50.2599983215332,73.30999755859375,49.65999984741211,82.19000244140625,84.95999908447266,82.20999908447266,80.45999908447266,88.7699966430664
80.csv_Day7_14h00m,41.91999816894531,26.3700008392334,61.130001068115234,56.970001220703125,74.95999908447266,77.97000122070312,82.0,77.80000305175781,85.0
80.csv_Day7_14h30m,10.989999771118164,9.770000457763672,58.06999969482422,32.43000030517578,63.849998474121094,66.93000030517578,70.44000244140625,66.66000366210938,72.98999786376953
80.csv_Day7_15h00m,3.0299999713897705,9.1899995803833,34.849998474121094,9.680000305175781,52.45000076293945,43.27000045776367,60.29999923706055,53.970001220703125,69.2699966430664
80.csv_Day7_15h30m,6.989999771118164,20.1200008392334,30.360000610351562,27.780000686645508,57.900001525878906,61.18000030517578,59.529998779296875,57.33000183105469,61.599998474121094
80.csv_Day7_16h00m,1.690000057220459,27.18000030517578,35.56999969482422,33.869998931884766,37.02000045776367,49.720001220703125,46.13999938964844,51.529998779296875,55.29999923706055
80.csv_Day7_16h30m,9.949999809265137,19.639999389648438,25.299999237060547,18.110000610351562,36.06999969482422,41.689998626708984,42.130001068115234,42.720001220703125,45.630001068115234
80.csv_Day7_17h00m,15.119999885559082,8.329999923706055,20.329999923706055,20.389999389648438,24.100000381469727,33.459999084472656,34.2599983215332,35.09000015258789,35.75
80.csv_Day7_17h30m,8.119999885559082,4.28000020980835,9.020000457763672,15.859999656677246,17.440000534057617,25.3700008392334,26.34000015258789,26.15999984741211,28.049999237060547
80.csv_Day7_18h00m,4.889999866485596,6.739999771118164,6.460000038146973,14.180000305175781,13.920000076293945,15.529999732971191,16.68000030517578,16.6200008392334,17.780000686645508
80.csv_Day7_18h30m,1.690000057220459,5.880000114440918,5.789999961853027,5.03000020980835,9.4399995803833,7.590000152587891,8.4399995803833,9.149999618530273,9.119999885559082
80.csv_Day7_19h00m,0.0,1.340000033378601,2.2799999713897705,1.2400000095367432,2.2799999713897705,2.2899999618530273,2.809999942779541,2.8299999237060547,2.890000104904175
80.csv_Day7_19h30m,0.0,0.0,0.0,0.0,0.0,0.0,0.0,0.0,0.0
80.csv_Day7_20h00m,0.0,0.0,0.0,0.0,0.0,0.0,0.0,0.0,0.0
80.csv_Day7_20h30m,0.0,0.0,0.0,0.0,0.0,0.0,0.0,0.0,0.0
80.csv_Day7_21h00m,0.0,0.0,0.0,0.0,0.0,0.0,0.0,0.0,0.0
80.csv_Day7_21h30m,0.0,0.0,0.0,0.0,0.0,0.0,0.0,0.0,0.0
80.csv_Day7_22h00m,0.0,0.0,0.0,0.0,0.0,0.0,0.0,0.0,0.0
80.csv_Day7_22h30m,0.0,0.0,0.0,0.0,0.0,0.0,0.0,0.0,0.0
80.csv_Day7_23h00m,0.0,0.0,0.0,0.0,0.0,0.0,0.0,0.0,0.0
80.csv_Day7_23h30m,0.0,0.0,0.0,0.0,0.0,0.0,0.0,0.0,0.0
80.csv_Day8_0h00m,0.0,0.0,0.0,0.0,0.0,0.0,0.0,0.0,0.0
80.csv_Day8_0h30m,0.0,0.0,0.0,0.0,0.0,0.0,0.0,0.0,0.0
80.csv_Day8_1h00m,0.0,0.0,0.0,0.0,0.0,0.0,0.0,0.0,0.0
80.csv_Day8_1h30m,0.0,0.0,0.0,0.0,0.0,0.0,0.0,0.0,0.0
80.csv_Day8_2h00m,0.0,0.0,0.0,0.0,0.0,0.0,0.0,0.0,0.0
80.csv_Day8_2h30m,0.0,0.0,0.0,0.0,0.0,0.0,0.0,0.0,0.0
80.csv_Day8_3h00m,0.0,0.0,0.0,0.0,0.0,0.0,0.0,0.0,0.0
80.csv_Day8_3h30m,0.0,0.0,0.0,0.0,0.0,0.0,0.0,0.0,0.0
80.csv_Day8_4h00m,0.0,0.0,0.0,0.0,0.0,0.0,0.0,0.0,0.0
80.csv_Day8_4h30m,0.0,0.0,0.0,0.0,0.0,0.0,0.0,0.0,0.0
80.csv_Day8_5h00m,0.9599999785423279,1.7400000095367432,2.619999885559082,3.3299999237060547,3.319999933242798,3.609999895095825,3.9800000190734863,3.509999990463257,3.950000047683716
80.csv_Day8_5h30m,5.46999979019165,6.849999904632568,8.050000190734863,10.800000190734863,11.170000076293945,11.239999771118164,10.8100004196167,11.029999732971191,11.829999923706055
80.csv_Day8_6h00m,13.5,16.559999465942383,15.890000343322754,15.640000343322754,16.34000015258789,19.799999237060547,18.739999771118164,19.3700008392334,20.1200008392334
80.csv_Day8_6h30m,17.020000457763672,23.329999923706055,22.3799991607666,24.309999465942383,26.540000915527344,27.3799991607666,27.459999084472656,28.0,29.219999313354492
80.csv_Day8_7h00m,25.290000915527344,21.530000686645508,29.56999969482422,32.86000061035156,36.11000061035156,37.459999084472656,37.06999969482422,37.650001525878906,38.91999816894531
80.csv_Day8_7h30m,38.2599983215332,39.560001373291016,43.29999923706055,42.689998626708984,46.43000030517578,47.189998626708984,46.75,47.5,48.560001373291016
80.csv_Day8_8h00m,46.279998779296875,48.31999969482422,45.06999969482422,55.06999969482422,53.90999984741211,55.540000915527344,55.810001373291016,57.16999816894531,57.470001220703125
80.csv_Day8_8h30m,55.689998626708984,56.40999984741211,53.79999923706055,63.06999969482422,62.689998626708984,64.19999694824219,64.73999786376953,65.97000122070312,66.19999694824219
80.csv_Day8_9h00m,25.889999389648438,51.2400016784668,54.84000015258789,69.02999877929688,67.3499984741211,70.73999786376953,71.38999938964844,72.29000091552734,72.41999816894531
80.csv_Day8_9h30m,36.84000015258789,40.459999084472656,52.08000183105469,70.18000030517578,75.06999969482422,78.2699966430664,77.72000122070312,78.08000183105469,78.76000213623047
80.csv_Day8_10h00m,27.520000457763672,29.579999923706055,57.36000061035156,70.1500015258789,75.08000183105469,80.30999755859375,81.37000274658203,80.83999633789062,82.02999877929688
80.csv_Day8_10h30m,29.56999969482422,45.310001373291016,66.1500015258789,76.69999694824219,79.9000015258789,81.95999908447266,81.44000244140625,81.20999908447266,82.3499984741211
80.csv_Day8_11h00m,26.8799991607666,49.9900016784668,61.11000061035156,75.95999908447266,72.95999908447266,89.95999908447266,86.5,88.5999984741211,92.05000305175781
80.csv_Day8_11h30m,15.210000038146973,28.3799991607666,46.83000183105469,56.130001068115234,45.86000061035156,47.41999816894531,75.1500015258789,85.93000030517578,93.5999984741211
80.csv_Day8_12h00m,27.700000762939453,26.93000030517578,37.880001068115234,23.40999984741211,60.369998931884766,76.9000015258789,75.55999755859375,85.30999755859375,88.22000122070312
80.csv_Day8_12h30m,21.510000228881836,19.43000030517578,50.540000915527344,65.87000274658203,79.33000183105469,83.58999633789062,85.22000122070312,74.27999877929688,82.4000015258789
80.csv_Day8_13h00m,40.97999954223633,47.630001068115234,59.9900016784668,57.22999954223633,80.87000274658203,87.16999816894531,85.80999755859375,84.68000030517578,91.4000015258789
80.csv_Day8_13h30m,35.79999923706055,50.54999923706055,48.790000915527344,49.36000061035156,82.26000213623047,79.68000030517578,81.47000122070312,83.1500015258789,88.7300033569336
80.csv_Day8_14h00m,8.180000305175781,26.510000228881836,42.459999084472656,56.619998931884766,75.0199966430664,84.22000122070312,81.27999877929688,79.27999877929688,84.97000122070312
80.csv_Day8_14h30m,5.760000228881836,9.829999923706055,25.6299991607666,32.2400016784668,63.900001525878906,72.2699966430664,69.81999969482422,70.37999725341797,72.95999908447266
80.csv_Day8_15h00m,7.019999980926514,9.239999771118164,7.25,9.619999885559082,52.4900016784668,62.84000015258789,59.75,55.369998931884766,69.23999786376953
80.csv_Day8_15h30m,5.570000171661377,20.229999542236328,22.09000015258789,27.6200008392334,57.939998626708984,39.290000915527344,59.0,57.970001220703125,61.56999969482422
80.csv_Day8_16h00m,5.869999885559082,27.329999923706055,34.77000045776367,33.66999816894531,37.04999923706055,41.400001525878906,47.689998626708984,49.290000915527344,55.27000045776367
80.csv_Day8_16h30m,20.110000610351562,19.75,32.2599983215332,18.0,36.099998474121094,43.41999816894531,41.7400016784668,42.040000915527344,45.61000061035156
80.csv_Day8_17h00m,19.81999969482422,8.369999885559082,25.420000076293945,20.270000457763672,24.1200008392334,35.0,33.93000030517578,35.25,35.72999954223633
80.csv_Day8_17h30m,0.38999998569488525,4.300000190734863,9.449999809265137,15.770000457763672,17.459999084472656,26.18000030517578,26.079999923706055,26.239999771118164,28.040000915527344
80.csv_Day8_18h00m,5.059999942779541,6.78000020980835,9.010000228881836,14.09000015258789,13.930000305175781,15.34000015258789,16.5,16.3700008392334,17.770000457763672
80.csv_Day8_18h30m,1.9700000286102295,5.909999847412109,5.409999847412109,5.0,9.449999809265137,7.090000152587891,8.319999694824219,9.239999771118164,9.119999885559082
80.csv_Day8_19h00m,0.12999999523162842,1.340000033378601,2.4200000762939453,1.2300000190734863,2.2799999713897705,1.840000033378601,2.740000009536743,2.75,2.890000104904175
80.csv_Day8_19h30m,0.0,0.0,0.0,0.0,0.0,0.0,0.0,0.0,0.0
80.csv_Day8_20h00m,0.0,0.0,0.0,0.0,0.0,0.0,0.0,0.0,0.0
80.csv_Day8_20h30m,0.0,0.0,0.0,0.0,0.0,0.0,0.0,0.0,0.0
80.csv_Day8_21h00m,0.0,0.0,0.0,0.0,0.0,0.0,0.0,0.0,0.0
80.csv_Day8_21h30m,0.0,0.0,0.0,0.0,0.0,0.0,0.0,0.0,0.0
80.csv_Day8_22h00m,0.0,0.0,0.0,0.0,0.0,0.0,0.0,0.0,0.0
80.csv_Day8_22h30m,0.0,0.0,0.0,0.0,0.0,0.0,0.0,0.0,0.0
80.csv_Day8_23h00m,0.0,0.0,0.0,0.0,0.0,0.0,0.0,0.0,0.0
80.csv_Day8_23h30m,0.0,0.0,0.0,0.0,0.0,0.0,0.0,0.0,0.0
